Frame,Hand,Landmark,X,Y,Z
1,0,0,0.3424026370048523,0.408934623003006,-1.2099455659608793e-07
1,0,1,0.3276931047439575,0.4425724744796753,-0.0108833396807312
1,0,2,0.3020110428333282,0.4648206830024719,-0.0163132473826408
1,0,3,0.2771936357021332,0.4795143902301788,-0.0206152908504009
1,0,4,0.2582029104232788,0.4918179512023926,-0.0235809180885553
1,0,5,0.2535328865051269,0.4231533408164978,-0.0061502535827457
1,0,6,0.2243538200855255,0.4532161355018616,-0.0152551997452974
1,0,7,0.2046949714422226,0.4762769341468811,-0.0242905784398317
1,0,8,0.1895028203725814,0.4952411353588104,-0.030920036137104
1,0,9,0.2499810010194778,0.4154131710529327,-0.0068999659270048
1,0,10,0.219859093427658,0.4524504244327545,-0.0172437466681003
1,0,11,0.1992212682962417,0.4770752191543579,-0.0255519095808267
1,0,12,0.1829413473606109,0.4989733397960663,-0.031346321105957
1,0,13,0.2493095844984054,0.4149906635284424,-0.0093587758019566
1,0,14,0.218725711107254,0.4501222968101501,-0.020419742912054
1,0,15,0.1988514959812164,0.4731476902961731,-0.0255372729152441
1,0,16,0.1832622289657592,0.4929161369800567,-0.0276856925338506
1,0,17,0.250783771276474,0.419695645570755,-0.0129711357876658
1,0,18,0.2213699966669082,0.4465172588825226,-0.0229334682226181
1,0,19,0.2044634968042373,0.4654634892940521,-0.0262887235730886
1,0,20,0.191482588648796,0.4823566079139709,-0.0271505322307348
1,0,21,0.4447489976882934,0.2481528520584106,-0.5404052734375
1,0,22,0.5046175122261047,0.2175065279006958,-0.4907799065113067
1,0,23,0.479475200176239,0.2967931032180786,-0.4462581872940063
1,0,24,0.647347092628479,0.4139487147331238,-0.3195324242115021
1,0,25,0.6513592600822449,0.5059776902198792,-0.8430855870246887
1,1,0,0.1166651397943496,0.4276852011680603,2.244690193720089e-07
1,1,1,0.1334104835987091,0.3908973932266235,0.0004814327403437
1,1,2,0.1284733265638351,0.3502793610095978,-0.0008576911059208
1,1,3,0.1216803416609764,0.3229838013648987,-0.0046968758106231
1,1,4,0.1201951652765274,0.3006387054920196,-0.0086383093148469
1,1,5,0.0961975306272506,0.3253679573535919,-0.0003913135151378
1,1,6,0.1074391901493072,0.2808948457241058,-0.0138288270682096
1,1,7,0.1164282858371734,0.2480464875698089,-0.0252597406506538
1,1,8,0.1209685578942298,0.2202986478805542,-0.0330589599907398
1,1,9,0.0934769213199615,0.3274691104888916,-0.0091033792123198
1,1,10,0.1065838560461998,0.2783181071281433,-0.0222935639321804
1,1,11,0.1140386462211608,0.2418305724859237,-0.032872088253498
1,1,12,0.1169217377901077,0.2079978883266449,-0.0399122200906276
1,1,13,0.0963547676801681,0.3317593932151794,-0.0187022313475608
1,1,14,0.10833241045475,0.2838995158672333,-0.0296232048422098
1,1,15,0.1154657080769538,0.2494091540575027,-0.0368483290076255
1,1,16,0.1179261729121208,0.2195417881011963,-0.0410392135381698
1,1,17,0.1043027937412262,0.3386473953723907,-0.0288519654422998
1,1,18,0.1122400611639022,0.3019663691520691,-0.0360447987914085
1,1,19,0.1163287758827209,0.2763105630874634,-0.039004024118185
1,1,20,0.1188865602016449,0.2550808489322662,-0.0408233664929866
1,1,21,0.4447489976882934,0.2481528520584106,-0.5404052734375
1,1,22,0.4355590939521789,0.2104237079620361,-0.4581097662448883
1,1,23,0.4273476600646972,0.2915310859680176,-0.3995929956436157
1,1,24,0.3285767138004303,0.46259605884552,0.1712216287851333
1,1,25,0.1558693051338195,0.7363981008529663,-0.3477912247180938
3,0,0,0.3305062651634216,0.3857082426548004,-9.061166394985777e-08
3,0,1,0.3143678903579712,0.4156437516212463,-0.0144607024267315
3,0,2,0.289565235376358,0.4381569325923919,-0.0217970758676528
3,0,3,0.2654425203800201,0.4557187557220459,-0.0271038059145212
3,0,4,0.2453465461730957,0.4695096611976623,-0.0305677596479654
3,0,5,0.2397778928279876,0.397836685180664,-0.0096521684899926
3,0,6,0.2036168724298477,0.4275336563587188,-0.018589423969388
3,0,7,0.1828349977731704,0.4508219361305237,-0.0276443772017955
3,0,8,0.1679213047027588,0.469454675912857,-0.033870629966259
3,0,9,0.2376800328493118,0.3910897970199585,-0.0075264349579811
3,0,10,0.2029089480638504,0.4240611791610718,-0.0165086463093757
3,0,11,0.1830224394798278,0.4464087188243866,-0.0246122628450393
3,0,12,0.1687183380126953,0.466014564037323,-0.0302788093686103
3,0,13,0.2377466857433319,0.3922628760337829,-0.0071562095545232
3,0,14,0.2036952674388885,0.4242382049560547,-0.0164709202945232
3,0,15,0.1837465912103653,0.4450727105140686,-0.0213187653571367
3,0,16,0.1686831265687942,0.4628248214721679,-0.0235209129750728
3,0,17,0.2385780066251754,0.3987924754619598,-0.0080295847728848
3,0,18,0.207005500793457,0.4247869253158569,-0.0164567772299051
3,0,19,0.1893513649702072,0.4422976374626159,-0.0188244562596082
3,0,20,0.1764086931943893,0.4575685858726501,-0.0189338289201259
3,0,21,0.4487085044384002,0.25530606508255,-0.5796481370925903
3,0,22,0.5090299248695374,0.224846601486206,-0.5306793451309204
3,0,23,0.4830480813980102,0.3013553023338318,-0.4815468192100525
3,0,24,0.6505628228187561,0.418827474117279,-0.3750888705253601
3,0,25,0.6216599345207214,0.4853160977363586,-0.932197332382202
3,1,0,0.1225355714559555,0.4334853291511535,2.035463637639623e-07
3,1,1,0.1402262151241302,0.3918678760528564,0.0047163781709969
3,1,2,0.1348591148853302,0.3510408103466034,0.0042156362906098
3,1,3,0.1286066621541977,0.3247052133083343,-8.581188012612984e-05
3,1,4,0.1283918917179107,0.3029069602489471,-0.0045627024956047
3,1,5,0.1049900203943252,0.3222769498825073,0.0067615373991429
3,1,6,0.1191026046872139,0.2772095203399658,-0.004770350176841
3,1,7,0.1287074089050293,0.2457911223173141,-0.0155539698898792
3,1,8,0.1338493227958679,0.2187452316284179,-0.0233935471624135
3,1,9,0.1024858579039573,0.3251188993453979,-0.0045294347219169
3,1,10,0.1190784350037574,0.2752930223941803,-0.0156411621719598
3,1,11,0.1274768263101577,0.2403686791658401,-0.0257846750319004
3,1,12,0.1314334720373153,0.2076308727264404,-0.0333996191620826
3,1,13,0.1049041673541069,0.3301604986190796,-0.0168950501829385
3,1,14,0.1192537024617195,0.2812207639217376,-0.0261495262384414
3,1,15,0.1272342503070831,0.2471124231815338,-0.0331917330622673
3,1,16,0.1306192874908447,0.217656672000885,-0.0382285602390766
3,1,17,0.1122847720980644,0.3367731869220733,-0.0296173803508281
3,1,18,0.1197054758667945,0.298975795507431,-0.035444401204586
3,1,19,0.1224380135536193,0.2728583514690399,-0.0381143279373645
3,1,20,0.1236581355333328,0.2504238486289978,-0.0405323021113872
3,1,21,0.4487085044384002,0.25530606508255,-0.5796481370925903
3,1,22,0.439389556646347,0.218021273612976,-0.4960657358169555
3,1,23,0.4280946552753448,0.3014641404151916,-0.4331722557544708
3,1,24,0.3321495652198791,0.4700894951820373,0.1854808032512664
3,1,25,0.1551907062530517,0.7317101955413818,-0.3312859833240509
4,0,0,0.1214676350355148,0.4358062744140625,1.9885237634298402e-07
4,0,1,0.1412643939256668,0.3966823220252991,0.0022834027186036
4,0,2,0.136260911822319,0.3541703224182129,0.0017198330024257
4,0,3,0.1282799541950225,0.3251722753047943,-0.0020976297091692
4,0,4,0.1265584379434585,0.302530288696289,-0.0058590238913893
4,0,5,0.110192209482193,0.3209199905395508,0.0058651426807045
4,0,6,0.1232325285673141,0.2745392322540283,-0.0043890005908906
4,0,7,0.1321688145399093,0.2433303296566009,-0.013675183057785
4,0,8,0.1370280086994171,0.2172480225563049,-0.0205365493893623
4,0,9,0.1067727580666542,0.3230312466621399,-0.0038950890302658
4,0,10,0.1210848689079284,0.2718317210674286,-0.0142592443153262
4,0,11,0.1297037601470947,0.2378436923027038,-0.0228888522833585
4,0,12,0.1344281435012817,0.2073780745267868,-0.0294152200222015
4,0,13,0.1079461127519607,0.3278093338012695,-0.0151804918423295
4,0,14,0.1226007789373397,0.2782875597476959,-0.0244697984308004
4,0,15,0.1315985918045044,0.2450749427080154,-0.0313855223357677
4,0,16,0.1360157579183578,0.2172077894210815,-0.0363143160939216
4,0,17,0.1141254156827926,0.3342138528823852,-0.0269735753536224
4,0,18,0.1246454417705535,0.2956337630748749,-0.0331914313137531
4,0,19,0.1294538080692291,0.2694966197013855,-0.0366828888654708
4,0,20,0.1325217634439468,0.2470659464597702,-0.0397398173809051
4,0,21,0.4468435645103454,0.2533894181251526,-0.5250459909439087
4,0,22,0.5072447061538696,0.2198140621185302,-0.476177453994751
4,0,23,0.4784668684005737,0.2978622913360595,-0.4275734424591064
4,0,24,0.6478603482246399,0.4134501218795776,-0.3224072456359863
4,0,25,0.6139736175537109,0.4811051487922668,-0.8560188412666321
4,1,0,0.0,0.0,0.0
4,1,1,0.0,0.0,0.0
4,1,2,0.0,0.0,0.0
4,1,3,0.0,0.0,0.0
4,1,4,0.0,0.0,0.0
4,1,5,0.0,0.0,0.0
4,1,6,0.0,0.0,0.0
4,1,7,0.0,0.0,0.0
4,1,8,0.0,0.0,0.0
4,1,9,0.0,0.0,0.0
4,1,10,0.0,0.0,0.0
4,1,11,0.0,0.0,0.0
4,1,12,0.0,0.0,0.0
4,1,13,0.0,0.0,0.0
4,1,14,0.0,0.0,0.0
4,1,15,0.0,0.0,0.0
4,1,16,0.0,0.0,0.0
4,1,17,0.0,0.0,0.0
4,1,18,0.0,0.0,0.0
4,1,19,0.0,0.0,0.0
4,1,20,0.0,0.0,0.0
4,1,21,0.4468435645103454,0.2533894181251526,-0.5250459909439087
4,1,22,0.4391328692436218,0.2176125645637512,-0.4433752000331878
4,1,23,0.4243302643299103,0.2976382374763489,-0.3809152543544769
4,1,24,0.3267309665679931,0.4590829610824585,0.2016161680221557
4,1,25,0.1490423083305359,0.7380043268203735,-0.3454221189022064
5,0,0,0.1250998675823211,0.4373394250869751,2.362353086482472e-07
5,0,1,0.1526277363300323,0.4038361310958862,-0.0028782638255506
5,0,2,0.1598609983921051,0.3724233508110046,-0.0071733398362994
5,0,3,0.1633047014474868,0.3499369025230407,-0.0147288180887699
5,0,4,0.1645718961954116,0.3311384618282318,-0.0218787435442209
5,0,5,0.1199669390916824,0.3170729577541351,0.0084863435477018
5,0,6,0.1285102516412735,0.2704596221446991,-0.0018822769634425
5,0,7,0.1346866190433502,0.2403486669063568,-0.0130618987604975
5,0,8,0.1376360058784485,0.2143395692110061,-0.0214722286909818
5,0,9,0.1140886321663856,0.3185147047042846,-0.0003901098389178
5,0,10,0.1247013956308364,0.2685915827751159,-0.0101461177691817
5,0,11,0.1308930218219757,0.236294537782669,-0.0206239745020866
5,0,12,0.1342231184244156,0.2074545174837112,-0.0287985075265169
5,0,13,0.110950693488121,0.3231156170368194,-0.0117065608501434
5,0,14,0.1223131716251373,0.2757519781589508,-0.0204175021499395
5,0,15,0.1304193586111068,0.2447731047868728,-0.0267912503331899
5,0,16,0.1352586895227432,0.2194433510303497,-0.0314300246536731
5,0,17,0.1116155609488487,0.3302739262580871,-0.024378539994359
5,0,18,0.1215539574623107,0.2931302785873413,-0.0298128873109817
5,0,19,0.127442866563797,0.2674519121646881,-0.0314983576536178
5,0,20,0.1319319307804107,0.2458890378475189,-0.0331232137978076
5,0,21,0.4565981924533844,0.2412571907043457,-0.4509319961071014
5,0,22,0.5176984667778015,0.2103102803230285,-0.4024430513381958
5,0,23,0.4892926812171936,0.2858036756515503,-0.3628744781017303
5,0,24,0.6537086367607117,0.4090080857276916,-0.2923397123813629
5,0,25,0.6169381141662598,0.4714861512184143,-0.8042120933532715
5,1,0,0.0,0.0,0.0
5,1,1,0.0,0.0,0.0
5,1,2,0.0,0.0,0.0
5,1,3,0.0,0.0,0.0
5,1,4,0.0,0.0,0.0
5,1,5,0.0,0.0,0.0
5,1,6,0.0,0.0,0.0
5,1,7,0.0,0.0,0.0
5,1,8,0.0,0.0,0.0
5,1,9,0.0,0.0,0.0
5,1,10,0.0,0.0,0.0
5,1,11,0.0,0.0,0.0
5,1,12,0.0,0.0,0.0
5,1,13,0.0,0.0,0.0
5,1,14,0.0,0.0,0.0
5,1,15,0.0,0.0,0.0
5,1,16,0.0,0.0,0.0
5,1,17,0.0,0.0,0.0
5,1,18,0.0,0.0,0.0
5,1,19,0.0,0.0,0.0
5,1,20,0.0,0.0,0.0
5,1,21,0.4565981924533844,0.2412571907043457,-0.4509319961071014
5,1,22,0.4469204545021057,0.2087067365646362,-0.3696810007095337
5,1,23,0.4310026466846466,0.2858493328094482,-0.3157279789447784
5,1,24,0.3294623494148254,0.4614838361740112,0.2325202971696853
5,1,25,0.1484143435955047,0.7458239793777466,-0.3213420212268829
7,0,0,0.1222817301750183,0.4281978607177734,2.7776655997513444e-07
7,0,1,0.1463863253593444,0.3887373208999634,0.004232928622514
7,0,2,0.1454890966415405,0.3538577854633331,0.0024370704777538
7,0,3,0.143848568201065,0.3309104442596435,-0.0033869484905153
7,0,4,0.1437177956104278,0.3106650114059448,-0.0096868881955742
7,0,5,0.1048243716359138,0.3212263286113739,0.0052810902707278
7,0,6,0.1204202249646186,0.2768656611442566,-0.0067767375148832
7,0,7,0.129934161901474,0.2442284226417541,-0.018062699586153
7,0,8,0.1355452984571457,0.2168688923120498,-0.0262479856610298
7,0,9,0.1020742878317833,0.3235096931457519,-0.0067625264637172
7,0,10,0.1196562349796295,0.2745342850685119,-0.0181498527526855
7,0,11,0.1286027282476425,0.2388121783733368,-0.0285411532968282
7,0,12,0.1335666477680206,0.2062542885541916,-0.0362192541360855
7,0,13,0.1055487543344497,0.3278995156288147,-0.0198380667716264
7,0,14,0.1216272562742233,0.2798655331134796,-0.0296688191592693
7,0,15,0.12966950237751,0.2462849020957946,-0.0363324917852878
7,0,16,0.1337979137897491,0.2176811099052429,-0.0410441569983959
7,0,17,0.1153369471430778,0.3340635299682617,-0.0333014614880085
7,0,18,0.1240113079547882,0.2961958050727844,-0.0399967543780803
7,0,19,0.1273439526557922,0.2703036069869995,-0.0422108024358749
7,0,20,0.1300805211067199,0.248024433851242,-0.0439785160124301
7,0,21,0.4603339433670044,0.238609492778778,-0.4948804974555969
7,0,22,0.522495448589325,0.2102371454238891,-0.4502843022346496
7,0,23,0.4953197240829468,0.2794978618621826,-0.4176903963088989
7,0,24,0.6539658308029175,0.4082242846488952,-0.3592243492603302
7,0,25,0.6209275126457214,0.4456622004508972,-0.8973222374916077
7,1,0,0.0,0.0,0.0
7,1,1,0.0,0.0,0.0
7,1,2,0.0,0.0,0.0
7,1,3,0.0,0.0,0.0
7,1,4,0.0,0.0,0.0
7,1,5,0.0,0.0,0.0
7,1,6,0.0,0.0,0.0
7,1,7,0.0,0.0,0.0
7,1,8,0.0,0.0,0.0
7,1,9,0.0,0.0,0.0
7,1,10,0.0,0.0,0.0
7,1,11,0.0,0.0,0.0
7,1,12,0.0,0.0,0.0
7,1,13,0.0,0.0,0.0
7,1,14,0.0,0.0,0.0
7,1,15,0.0,0.0,0.0
7,1,16,0.0,0.0,0.0
7,1,17,0.0,0.0,0.0
7,1,18,0.0,0.0,0.0
7,1,19,0.0,0.0,0.0
7,1,20,0.0,0.0,0.0
7,1,21,0.4603339433670044,0.238609492778778,-0.4948804974555969
7,1,22,0.4522532820701599,0.2067498564720153,-0.4119632840156555
7,1,23,0.4350708425045013,0.2798436880111694,-0.3616388440132141
7,1,24,0.3403593897819519,0.4822765588760376,0.1997910588979721
7,1,25,0.1443272829055786,0.7417190074920654,-0.2641423344612121
9,0,0,0.1208104640245437,0.4263429343700409,2.822979752181709e-07
9,0,1,0.1380926668643951,0.3863049149513244,0.0036567598581314
9,0,2,0.1358269155025482,0.3467542231082916,0.0031050625257194
9,0,3,0.1317109614610672,0.3200094997882843,-0.000666519277729
9,0,4,0.1276793330907821,0.2959069311618805,-0.004904668778181
9,0,5,0.1041332483291626,0.3188335299491882,0.0026126925367861
9,0,6,0.1174359768629074,0.2755883038043976,-0.0096153430640697
9,0,7,0.125608280301094,0.2427882105112075,-0.0205389186739921
9,0,8,0.1302292346954345,0.2155477553606033,-0.0283508468419313
9,0,9,0.1013957560062408,0.3211900889873504,-0.0077508725225925
9,0,10,0.1163928508758544,0.2714534401893616,-0.0188359227031469
9,0,11,0.123816467821598,0.2357509434223175,-0.0282042510807514
9,0,12,0.1275204420089721,0.2039287537336349,-0.0349941104650497
9,0,13,0.1040521040558815,0.3271865844726562,-0.0189240183681249
9,0,14,0.1180951222777366,0.2788347601890564,-0.0288450494408607
9,0,15,0.1248898729681968,0.2460338473320007,-0.0354411900043487
9,0,16,0.1280238032341003,0.2184298038482666,-0.0400105044245719
9,0,17,0.1124298423528671,0.3364261388778686,-0.0303417146205902
9,0,18,0.1225743889808654,0.3023525178432464,-0.0377625487744808
9,0,19,0.1268132328987121,0.2787442207336426,-0.040794763714075
9,0,20,0.1301996260881424,0.2587273716926574,-0.0429853647947311
9,0,21,0.4630300104618072,0.2279930114746093,-0.5306569933891296
9,0,22,0.5162420272827148,0.1975353956222534,-0.4827251434326172
9,0,23,0.5002157092094421,0.2722132205963135,-0.4436311721801758
9,0,24,0.6506743431091309,0.404960572719574,-0.3493916392326355
9,0,25,0.6126177310943604,0.4300568699836731,-0.9699115753173828
9,1,0,0.3327561020851135,0.2501077950000763,-7.715043892631004e-08
9,1,1,0.3143822252750397,0.2779722511768341,-0.0160958338528871
9,1,2,0.2767555117607116,0.2856219708919525,-0.0228687673807144
9,1,3,0.2453562319278717,0.2867412269115448,-0.0269181169569492
9,1,4,0.2251218557357788,0.2912936508655548,-0.0295031853020191
9,1,5,0.2496548295021057,0.2247926890850067,-0.0183387417346239
9,1,6,0.1988544017076492,0.2248778939247131,-0.028070256114006
9,1,7,0.1667424440383911,0.2315034568309784,-0.0349860228598117
9,1,8,0.1456549167633056,0.2392052263021469,-0.0390818454325199
9,1,9,0.2471089363098144,0.2127565145492553,-0.0157138723880052
9,1,10,0.193187728524208,0.2148521840572357,-0.0252026990056037
9,1,11,0.1612915694713592,0.2226747423410415,-0.0308503340929746
9,1,12,0.1389206349849701,0.2309103012084961,-0.0341173633933067
9,1,13,0.2448452562093734,0.2089249938726425,-0.0145042371004819
9,1,14,0.1925920993089676,0.2118294686079025,-0.0239963363856077
9,1,15,0.1621430665254593,0.2215790748596191,-0.0284383594989776
9,1,16,0.1401875019073486,0.2305395156145095,-0.029964305460453
9,1,17,0.2420923411846161,0.2128730565309524,-0.0145223811268806
9,1,18,0.1982064545154571,0.2143757939338684,-0.0231130328029394
9,1,19,0.1713738590478897,0.220348834991455,-0.026361409574747
9,1,20,0.1518675088882446,0.2271012663841247,-0.0270307529717683
9,1,21,0.4630300104618072,0.2279930114746093,-0.5306569933891296
9,1,22,0.4514563083648681,0.1986889243125915,-0.441805750131607
9,1,23,0.4437805414199829,0.2705273628234863,-0.3845319449901581
9,1,24,0.3405801951885223,0.4719330668449402,0.2213447093963623
9,1,25,0.1534474194049835,0.739984393119812,-0.2089390456676483
10,0,0,0.117973044514656,0.4277004301548004,3.010749196619145e-07
10,0,1,0.1338118463754654,0.3941843807697296,-0.0026224849279969
10,0,2,0.1337636858224868,0.3583590984344482,-0.0068050571717321
10,0,3,0.1309311389923095,0.3337467312812805,-0.0131776770576834
10,0,4,0.1292467713356018,0.3118396997451782,-0.0195082761347293
10,0,5,0.1033282354474067,0.3223080635070801,-0.001635126885958
10,0,6,0.1173662394285202,0.2765244543552398,-0.0153152318671345
10,0,7,0.1256195157766342,0.2430468201637268,-0.027221804484725
10,0,8,0.1301849484443664,0.214921623468399,-0.0354643017053604
10,0,9,0.1008172184228897,0.3229686021804809,-0.0092428587377071
10,0,10,0.1165475249290466,0.2747509181499481,-0.0218413937836885
10,0,11,0.1250948309898376,0.2392828613519668,-0.0316746719181537
10,0,12,0.129973366856575,0.2075315862894058,-0.0385851263999938
10,0,13,0.1035516634583473,0.326578825712204,-0.0183650963008403
10,0,14,0.1182126104831695,0.2796383202075958,-0.0296707805246114
10,0,15,0.1259294003248214,0.2458747327327728,-0.0364761464297771
10,0,16,0.1298904567956924,0.2174523621797561,-0.0406527072191238
10,0,17,0.1117869764566421,0.3329398036003113,-0.0282896365970373
10,0,18,0.1223746761679649,0.2957304418087005,-0.0365361534059047
10,0,19,0.1266761720180511,0.2699218094348907,-0.0396992750465869
10,0,20,0.1291596740484237,0.2479005306959152,-0.0416909828782081
10,0,21,0.4847128093242645,0.2232014536857605,-0.5432754755020142
10,0,22,0.5334677696228027,0.1960372924804687,-0.491990327835083
10,0,23,0.5188512802124023,0.2678181529045105,-0.4493058025836944
10,0,24,0.6539595127105713,0.3990924954414367,-0.3320134878158569
10,0,25,0.6060413122177124,0.4119934439659118,-0.9724844098091124
10,1,0,0.0,0.0,0.0
10,1,1,0.0,0.0,0.0
10,1,2,0.0,0.0,0.0
10,1,3,0.0,0.0,0.0
10,1,4,0.0,0.0,0.0
10,1,5,0.0,0.0,0.0
10,1,6,0.0,0.0,0.0
10,1,7,0.0,0.0,0.0
10,1,8,0.0,0.0,0.0
10,1,9,0.0,0.0,0.0
10,1,10,0.0,0.0,0.0
10,1,11,0.0,0.0,0.0
10,1,12,0.0,0.0,0.0
10,1,13,0.0,0.0,0.0
10,1,14,0.0,0.0,0.0
10,1,15,0.0,0.0,0.0
10,1,16,0.0,0.0,0.0
10,1,17,0.0,0.0,0.0
10,1,18,0.0,0.0,0.0
10,1,19,0.0,0.0,0.0
10,1,20,0.0,0.0,0.0
10,1,21,0.4847128093242645,0.2232014536857605,-0.5432754755020142
10,1,22,0.4655581712722778,0.1945263743400573,-0.4566958546638489
10,1,23,0.457577496767044,0.2649456262588501,-0.3985267281532287
10,1,24,0.3360377550125122,0.4660968780517578,0.1844756007194519
10,1,25,0.1560487449169159,0.7392020225524902,-0.3586258888244629
11,0,0,0.1205925941467285,0.4300289750099182,2.412157300568652e-07
11,0,1,0.14215749502182,0.3941876292228699,-0.0017209610668942
11,0,2,0.14174185693264,0.3562614321708679,-0.0056846011430025
11,0,3,0.1409428715705871,0.3297529518604278,-0.0121996542438864
11,0,4,0.1432018727064132,0.3081302046775818,-0.0187513828277587
11,0,5,0.1046286299824714,0.3183116912841797,-0.0022445556242018
11,0,6,0.1205845549702644,0.2712572813034057,-0.0158145651221275
11,0,7,0.1299429237842559,0.2384222149848938,-0.0276744924485683
11,0,8,0.1346916854381561,0.2107551097869873,-0.0363876707851886
11,0,9,0.1030515059828758,0.3204314410686493,-0.0110596735030412
11,0,10,0.1193574368953704,0.2715045809745788,-0.0243026111274957
11,0,11,0.1283099502325058,0.2371322512626648,-0.0347793959081172
11,0,12,0.1326436251401901,0.2052627205848693,-0.0424471460282802
11,0,13,0.106898009777069,0.3251543641090393,-0.021193103864789
11,0,14,0.1207027658820152,0.2769397795200348,-0.0332636050879955
11,0,15,0.1294595152139663,0.2435476630926132,-0.0402943640947341
11,0,16,0.1336626559495926,0.214680403470993,-0.0449518486857414
11,0,17,0.1160584613680839,0.3322791159152984,-0.0320617891848087
11,0,18,0.1233352795243263,0.2951488494873047,-0.0411387011408805
11,0,19,0.1273447573184967,0.2694493532180786,-0.0444593541324138
11,0,20,0.1303009837865829,0.247179239988327,-0.0468310266733169
11,0,21,0.4904521405696869,0.2265818119049072,-0.5878055691719055
11,0,22,0.5352213382720947,0.2001430988311767,-0.53667813539505
11,0,23,0.5215754508972168,0.2704819440841675,-0.4898316264152527
11,0,24,0.6635226011276245,0.4030854701995849,-0.3417014479637146
11,0,25,0.6112288236618042,0.409504234790802,-0.988455295562744
11,1,0,0.3394658267498016,0.2227206826210022,1.1757205875539968e-08
11,1,1,0.3075233697891235,0.2433190941810608,-0.0114933652803301
11,1,2,0.2758219838142395,0.2374639809131622,-0.0171345211565494
11,1,3,0.2527658939361572,0.2304921150207519,-0.0219901241362094
11,1,4,0.235734224319458,0.2268297374248504,-0.0264446772634983
11,1,5,0.2694774568080902,0.1656774282455444,-0.0104478523135185
11,1,6,0.2316890507936477,0.1493383198976516,-0.0215439107269048
11,1,7,0.2001456916332245,0.1424792557954788,-0.031886376440525
11,1,8,0.1747316569089889,0.1416657716035843,-0.0386841930449008
11,1,9,0.2731596529483795,0.1584758907556533,-0.0124264378100633
11,1,10,0.2302215993404388,0.14174385368824,-0.0223089512437582
11,1,11,0.196658194065094,0.1340818554162979,-0.0312165524810552
11,1,12,0.1684006750583648,0.1307248175144195,-0.0375104993581771
11,1,13,0.2743381559848785,0.159725472331047,-0.0161431226879358
11,1,14,0.2318146526813507,0.1436155140399933,-0.0260883141309022
11,1,15,0.1985473781824112,0.1369783729314804,-0.0336923487484455
11,1,16,0.1719362735748291,0.1335851699113845,-0.0380535013973712
11,1,17,0.2711629569530487,0.1701439321041107,-0.0211554840207099
11,1,18,0.2351664453744888,0.154790848493576,-0.0297427605837583
11,1,19,0.2090817987918853,0.1476349383592605,-0.0346964336931705
11,1,20,0.1874458789825439,0.1436431854963302,-0.0373988784849643
11,1,21,0.4904521405696869,0.2265818119049072,-0.5878055691719055
11,1,22,0.472067266702652,0.1964640021324157,-0.5030156970024109
11,1,23,0.462123155593872,0.2678636312484741,-0.442004919052124
11,1,24,0.3346366882324219,0.4745333790779114,0.1333750486373901
11,1,25,0.156221717596054,0.7429509162902832,-0.4156945049762726
14,0,0,0.3490467965602875,0.1932302862405777,2.035555866086725e-07
14,0,1,0.3197931051254272,0.2093928903341293,-0.0155410505831241
14,0,2,0.2895705997943878,0.2003541439771652,-0.0233667343854904
14,0,3,0.2677865624427795,0.1884618997573852,-0.0298828780651092
14,0,4,0.2482553869485855,0.1791391372680664,-0.0357349887490272
14,0,5,0.2863892614841461,0.1305277943611145,-0.0150608625262975
14,0,6,0.2572170197963714,0.097156710922718,-0.0279606152325868
14,0,7,0.228911280632019,0.0778812915086746,-0.039199236780405
14,0,8,0.2055195271968841,0.0658279731869697,-0.0465669706463813
14,0,9,0.2899536490440368,0.1240985840559005,-0.0156539548188447
14,0,10,0.256877064704895,0.0917561501264572,-0.0274532344192266
14,0,11,0.224694937467575,0.0731726735830307,-0.0372349247336387
14,0,12,0.1980605721473693,0.0601684153079986,-0.0437285378575325
14,0,13,0.2925871908664703,0.1247900426387786,-0.0180518608540296
14,0,14,0.2607036530971527,0.0976020544767379,-0.0285702962428331
14,0,15,0.2319088131189346,0.0848356410861015,-0.0357620455324649
14,0,16,0.208557441830635,0.0769537389278411,-0.0399211756885051
14,0,17,0.2940248548984527,0.1333795338869094,-0.0222995039075613
14,0,18,0.2724535167217254,0.112898975610733,-0.0315527990460395
14,0,19,0.2530517578125,0.1022150665521621,-0.0360744297504425
14,0,20,0.2365619242191314,0.0963769853115081,-0.0382432080805301
14,0,21,0.4945428371429443,0.2522377967834472,-0.662848949432373
14,0,22,0.5306347012519836,0.2163900732994079,-0.6158368587493896
14,0,23,0.5229148268699646,0.2901822924613952,-0.5639709234237671
14,0,24,0.6685039401054382,0.4032650589942932,-0.4097990691661834
14,0,25,0.5957360863685608,0.3876028060913086,-0.9793133735656738
14,1,0,0.0,0.0,0.0
14,1,1,0.0,0.0,0.0
14,1,2,0.0,0.0,0.0
14,1,3,0.0,0.0,0.0
14,1,4,0.0,0.0,0.0
14,1,5,0.0,0.0,0.0
14,1,6,0.0,0.0,0.0
14,1,7,0.0,0.0,0.0
14,1,8,0.0,0.0,0.0
14,1,9,0.0,0.0,0.0
14,1,10,0.0,0.0,0.0
14,1,11,0.0,0.0,0.0
14,1,12,0.0,0.0,0.0
14,1,13,0.0,0.0,0.0
14,1,14,0.0,0.0,0.0
14,1,15,0.0,0.0,0.0
14,1,16,0.0,0.0,0.0
14,1,17,0.0,0.0,0.0
14,1,18,0.0,0.0,0.0
14,1,19,0.0,0.0,0.0
14,1,20,0.0,0.0,0.0
14,1,21,0.4945428371429443,0.2522377967834472,-0.662848949432373
14,1,22,0.4708012044429779,0.2139856815338134,-0.5833210349082947
14,1,23,0.4667836427688598,0.2869079709053039,-0.5176605582237244
14,1,24,0.3412050306797027,0.4797313213348388,0.0682797208428382
14,1,25,0.158538281917572,0.7383705973625183,-0.4463868141174316
16,0,0,0.344090461730957,0.21588234603405,2.532107998831634e-07
16,0,1,0.3157915771007538,0.2347687184810638,-0.0215949192643165
16,0,2,0.2865749001502991,0.2256140410900116,-0.032399695366621
16,0,3,0.2654793858528137,0.2133404910564422,-0.0405281111598014
16,0,4,0.2478256374597549,0.2048343420028686,-0.0481499023735523
16,0,5,0.2865744829177856,0.1534201949834823,-0.0230500902980566
16,0,6,0.2553918659687042,0.1226995438337326,-0.0384920574724674
16,0,7,0.2273134589195251,0.1020020395517349,-0.0521503128111362
16,0,8,0.2046420574188232,0.0872035399079322,-0.061384554952383
16,0,9,0.2889608144760132,0.1470648348331451,-0.021109752357006
16,0,10,0.254403293132782,0.1160797104239463,-0.036061517894268
16,0,11,0.2237183153629303,0.0955509319901466,-0.0488814152777195
16,0,12,0.1979521512985229,0.0789871215820312,-0.0574711076915264
16,0,13,0.2891371250152588,0.1473671495914459,-0.0210247337818145
16,0,14,0.2558231353759765,0.1194553673267364,-0.0337391272187233
16,0,15,0.2274712175130844,0.102678507566452,-0.0430263616144657
16,0,16,0.2043424695730209,0.0890804976224899,-0.048568345606327
16,0,17,0.2864060401916504,0.1564594209194183,-0.0231493040919303
16,0,18,0.2624641954898834,0.1339908689260482,-0.0338690280914306
16,0,19,0.2426423728466034,0.1201704442501068,-0.040041048079729
16,0,20,0.226085215806961,0.1090762168169021,-0.0435697250068187
16,0,21,0.4694816768169403,0.2229380011558532,-0.5506128668785095
16,0,22,0.5169880390167236,0.1965498924255371,-0.5188906788825989
16,0,23,0.5056582689285278,0.2705413103103637,-0.4822942316532135
16,0,24,0.6668628454208374,0.4024325609207153,-0.4277442693710327
16,0,25,0.6026697158813477,0.3970017433166504,-1.0463677644729614
16,1,0,0.1260758638381958,0.4319244623184204,2.423886087399296e-07
16,1,1,0.142104372382164,0.3937985897064209,0.0006502842879854
16,1,2,0.1399219036102295,0.354696124792099,-0.0018566194921731
16,1,3,0.1383772045373916,0.3269700706005096,-0.007419619243592
16,1,4,0.1388352662324905,0.3047083020210266,-0.0130368834361433
16,1,5,0.1080070659518241,0.3195336461067199,0.0034142499789595
16,1,6,0.1234163865447044,0.2732317447662353,-0.0091043449938297
16,1,7,0.1341550499200821,0.2406693696975708,-0.0208583977073431
16,1,8,0.1404961347579956,0.2133539617061615,-0.0293389596045017
16,1,9,0.1067105084657669,0.3212753534317016,-0.0061005502939224
16,1,10,0.1237758845090866,0.2716952264308929,-0.0180656723678112
16,1,11,0.133387491106987,0.2365515381097793,-0.0286042112857103
16,1,12,0.1386594474315643,0.2040652334690094,-0.0362583026289939
16,1,13,0.1106559038162231,0.3258275687694549,-0.0169473588466644
16,1,14,0.1251962631940841,0.2769364714622497,-0.027329608798027
16,1,15,0.1343086063861847,0.2432237714529037,-0.0336112231016159
16,1,16,0.1396180242300033,0.2147582769393921,-0.0375981666147708
16,1,17,0.1195085570216178,0.333012044429779,-0.0284962709993124
16,1,18,0.1280455142259597,0.294918417930603,-0.0355592109262943
16,1,19,0.1324801743030548,0.2682244479656219,-0.0378058403730392
16,1,20,0.1366130113601684,0.2456253319978714,-0.0393028631806373
16,1,21,0.4694816768169403,0.2229380011558532,-0.5506128668785095
16,1,22,0.4623621106147766,0.1977599263191223,-0.4640734493732452
16,1,23,0.4512233734130859,0.2680539488792419,-0.4063796997070312
16,1,24,0.3433119654655456,0.4701780080795288,0.1879705339670181
16,1,25,0.1618929803371429,0.7422834634780884,-0.2922772765159607
17,0,0,0.1250230222940445,0.4301332831382751,2.582232809800189e-07
17,0,1,0.143733263015747,0.3947833180427551,0.0006485726335085
17,0,2,0.1426446288824081,0.3570239543914795,-0.0021792063489556
17,0,3,0.1421655267477035,0.3305133581161499,-0.0079165222123265
17,0,4,0.1434266418218612,0.3079652488231659,-0.0138362618163228
17,0,5,0.1079686284065246,0.3196156322956085,0.0006711360765621
17,0,6,0.124534010887146,0.2744720578193664,-0.012296668253839
17,0,7,0.1349437236785888,0.2414912581443786,-0.0239432025700807
17,0,8,0.140942633152008,0.2143054008483886,-0.0324195325374603
17,0,9,0.1066638752818107,0.3217005133628845,-0.0090928878635168
17,0,10,0.1246550753712654,0.2729859352111816,-0.0219124183058738
17,0,11,0.1344180256128311,0.238150268793106,-0.0326047241687774
17,0,12,0.1393376737833023,0.2060387432575225,-0.0403215065598487
17,0,13,0.1107919588685035,0.326679915189743,-0.0199768580496311
17,0,14,0.126020535826683,0.2783728241920471,-0.0313316769897937
17,0,15,0.1354055553674698,0.2450336515903473,-0.0384288243949413
17,0,16,0.1402950882911682,0.2163326144218444,-0.0430561229586601
17,0,17,0.1201105415821075,0.3342914581298828,-0.0314083956182003
17,0,18,0.1291267573833465,0.296938419342041,-0.0396581664681434
17,0,19,0.1342715471982956,0.2707653939723968,-0.0427896864712238
17,0,20,0.1389082670211792,0.248179405927658,-0.0449382103979587
17,0,21,0.4709730446338653,0.2204458117485046,-0.5246136784553528
17,0,22,0.5183980464935303,0.1945337057113647,-0.4868614971637726
17,0,23,0.5048712491989136,0.2672828435897827,-0.4516051709651947
17,0,24,0.6631108522415161,0.4003806114196777,-0.3763906061649322
17,0,25,0.6008933782577515,0.4025592803955078,-0.9829421043395996
17,1,0,0.0,0.0,0.0
17,1,1,0.0,0.0,0.0
17,1,2,0.0,0.0,0.0
17,1,3,0.0,0.0,0.0
17,1,4,0.0,0.0,0.0
17,1,5,0.0,0.0,0.0
17,1,6,0.0,0.0,0.0
17,1,7,0.0,0.0,0.0
17,1,8,0.0,0.0,0.0
17,1,9,0.0,0.0,0.0
17,1,10,0.0,0.0,0.0
17,1,11,0.0,0.0,0.0
17,1,12,0.0,0.0,0.0
17,1,13,0.0,0.0,0.0
17,1,14,0.0,0.0,0.0
17,1,15,0.0,0.0,0.0
17,1,16,0.0,0.0,0.0
17,1,17,0.0,0.0,0.0
17,1,18,0.0,0.0,0.0
17,1,19,0.0,0.0,0.0
17,1,20,0.0,0.0,0.0
17,1,21,0.4709730446338653,0.2204458117485046,-0.5246136784553528
17,1,22,0.464372456073761,0.195055603981018,-0.4395487606525421
17,1,23,0.4513167142868042,0.2673133015632629,-0.3854832649230957
17,1,24,0.3391930758953094,0.4749993085861206,0.1795448511838913
17,1,25,0.1596991717815399,0.7387546300888062,-0.3243618011474609
18,0,0,0.1241172105073928,0.4294109344482422,2.574104769337282e-07
18,0,1,0.141720175743103,0.3943384289741516,0.0023645325563848
18,0,2,0.141848623752594,0.3572913706302643,0.0003464485052973
18,0,3,0.1433673501014709,0.3319778442382812,-0.0051150508224964
18,0,4,0.1448797881603241,0.3105683028697967,-0.0107252271845936
18,0,5,0.1052065566182136,0.3200027346611023,0.0035702604800462
18,0,6,0.1218004301190376,0.2740014195442199,-0.0083879679441452
18,0,7,0.1321994513273239,0.2410213351249694,-0.0195295251905918
18,0,8,0.1379749327898025,0.2134348452091217,-0.0276689883321523
18,0,9,0.1047069504857063,0.3212046027183532,-0.0068407906219363
18,0,10,0.1233544051647186,0.2715676128864288,-0.0179890524595975
18,0,11,0.133073478937149,0.2365715205669403,-0.0277960747480392
18,0,12,0.1379127651453018,0.2048278450965881,-0.0351537540555
18,0,13,0.1100955829024314,0.3246918022632599,-0.018434677273035
18,0,14,0.1271809786558151,0.2759517729282379,-0.028076397255063
18,0,15,0.1354576647281646,0.2418368309736251,-0.0347148962318897
18,0,16,0.1391666233539581,0.2127940952777862,-0.0392762459814548
18,0,17,0.1211322546005249,0.3301867842674255,-0.0306148435920476
18,0,18,0.1318510174751281,0.2916861772537231,-0.0376067385077476
18,0,19,0.1354312300682068,0.2647382020950317,-0.0405311696231365
18,0,20,0.1378339529037475,0.2414119392633438,-0.0426911823451519
18,0,21,0.4759522080421448,0.2165277600288391,-0.531162679195404
18,0,22,0.5289069414138794,0.1936335563659668,-0.4829822480678558
18,0,23,0.5115858912467957,0.2622035145759582,-0.4469680786132812
18,0,24,0.6589953899383545,0.3942866325378418,-0.3276406526565552
18,0,25,0.6211061477661133,0.416344940662384,-0.901783525943756
18,1,0,0.3383751809597015,0.2534656226634979,2.183235920938387e-07
18,1,1,0.3121582269668579,0.2742672562599182,-0.0123627446591854
18,1,2,0.2798574864864349,0.2696395516395569,-0.0175106450915336
18,1,3,0.2568100988864898,0.2648425102233886,-0.0219608508050441
18,1,4,0.2402928173542022,0.2623176872730255,-0.0262770727276802
18,1,5,0.2759794890880584,0.2035940885543823,-0.0107892453670501
18,1,6,0.243400752544403,0.1777840852737426,-0.0217171534895896
18,1,7,0.2149712443351745,0.1608231961727142,-0.031966783106327
18,1,8,0.191963255405426,0.1496965587139129,-0.0390367582440376
18,1,9,0.2772400379180908,0.1980163604021072,-0.0121863596141338
18,1,10,0.2403212040662765,0.1737319529056549,-0.0227524004876613
18,1,11,0.209762766957283,0.1587780117988586,-0.0326567962765693
18,1,12,0.1835582256317138,0.146191194653511,-0.0393499508500099
18,1,13,0.2769605815410614,0.1984864175319671,-0.0150572564452886
18,1,14,0.2410082370042801,0.1773189008235931,-0.0243412796407938
18,1,15,0.2122087925672531,0.1654554903507232,-0.0318892672657966
18,1,16,0.1886054873466491,0.1554997563362121,-0.0363349989056587
18,1,17,0.2741778790950775,0.2072025537490844,-0.0194413680583238
18,1,18,0.2474076151847839,0.1905305832624435,-0.0272478647530078
18,1,19,0.2271802425384521,0.1809356063604354,-0.031685933470726
18,1,20,0.2103236466646194,0.1727035939693451,-0.0342355035245418
18,1,21,0.4759522080421448,0.2165277600288391,-0.531162679195404
18,1,22,0.464419275522232,0.1917405128479004,-0.4455995261669159
18,1,23,0.452768325805664,0.260206937789917,-0.3932911157608032
18,1,24,0.3422718644142151,0.4658387899398803,0.1611796617507934
18,1,25,0.1600859463214874,0.7355786561965942,-0.3385822772979736
20,0,0,0.1250144839286804,0.4215964376926422,2.959716596251383e-07
20,0,1,0.1439520120620727,0.3852813839912414,0.0036887701135128
20,0,2,0.1430459320545196,0.3488190472126007,0.0026736243162304
20,0,3,0.1414240300655365,0.3250634968280792,-0.0019220822723582
20,0,4,0.1397078186273574,0.3029682636260986,-0.0068868813104927
20,0,5,0.1088950037956237,0.3187332153320312,0.0044163870625197
20,0,6,0.1231601685285568,0.2748139202594757,-0.0079913446679711
20,0,7,0.1323106735944748,0.2408685982227325,-0.0194429941475391
20,0,8,0.1385266929864883,0.2131078839302063,-0.0274604652076959
20,0,9,0.1064396947622299,0.3202294111251831,-0.006075405050069
20,0,10,0.1215572357177734,0.2716094851493835,-0.0177210494875907
20,0,11,0.1299104988574981,0.2350570261478424,-0.0280387215316295
20,0,12,0.1349267065525055,0.2022110968828201,-0.035165250301361
20,0,13,0.1105448752641677,0.3242478966712951,-0.0174407269805669
20,0,14,0.1241606250405311,0.275683045387268,-0.027407594025135
20,0,15,0.1318401098251342,0.241847351193428,-0.0340915694832801
20,0,16,0.1363100409507751,0.2130802571773529,-0.0382803119719028
20,0,17,0.1210378184914588,0.3310261070728302,-0.0291396714746952
20,0,18,0.1301012188196182,0.2952494621276855,-0.035966508090496
20,0,19,0.1337856650352478,0.2702235579490661,-0.0384133458137512
20,0,20,0.1373029351234436,0.2484615445137024,-0.039910115301609
20,0,21,0.4589364528656006,0.235507845878601,-0.5259366631507874
20,0,22,0.5172227621078491,0.2034969925880432,-0.476233571767807
20,0,23,0.4910369217395782,0.2761662006378174,-0.4414917826652527
20,0,24,0.6531157493591309,0.3990427255630493,-0.3319794535636902
20,0,25,0.6282966136932373,0.4260944724082947,-0.8813884854316711
20,1,0,0.0,0.0,0.0
20,1,1,0.0,0.0,0.0
20,1,2,0.0,0.0,0.0
20,1,3,0.0,0.0,0.0
20,1,4,0.0,0.0,0.0
20,1,5,0.0,0.0,0.0
20,1,6,0.0,0.0,0.0
20,1,7,0.0,0.0,0.0
20,1,8,0.0,0.0,0.0
20,1,9,0.0,0.0,0.0
20,1,10,0.0,0.0,0.0
20,1,11,0.0,0.0,0.0
20,1,12,0.0,0.0,0.0
20,1,13,0.0,0.0,0.0
20,1,14,0.0,0.0,0.0
20,1,15,0.0,0.0,0.0
20,1,16,0.0,0.0,0.0
20,1,17,0.0,0.0,0.0
20,1,18,0.0,0.0,0.0
20,1,19,0.0,0.0,0.0
20,1,20,0.0,0.0,0.0
20,1,21,0.4589364528656006,0.235507845878601,-0.5259366631507874
20,1,22,0.4506619870662689,0.2058912515640258,-0.4398414194583893
20,1,23,0.4381558895111084,0.2781808972358703,-0.3879434466361999
20,1,24,0.3388908505439758,0.4780546426773071,0.1780698150396347
20,1,25,0.1519129574298858,0.7504285573959351,-0.2661332786083221
22,0,0,0.0,0.0,0.0
22,0,1,0.0,0.0,0.0
22,0,2,0.0,0.0,0.0
22,0,3,0.0,0.0,0.0
22,0,4,0.0,0.0,0.0
22,0,5,0.0,0.0,0.0
22,0,6,0.0,0.0,0.0
22,0,7,0.0,0.0,0.0
22,0,8,0.0,0.0,0.0
22,0,9,0.0,0.0,0.0
22,0,10,0.0,0.0,0.0
22,0,11,0.0,0.0,0.0
22,0,12,0.0,0.0,0.0
22,0,13,0.0,0.0,0.0
22,0,14,0.0,0.0,0.0
22,0,15,0.0,0.0,0.0
22,0,16,0.0,0.0,0.0
22,0,17,0.0,0.0,0.0
22,0,18,0.0,0.0,0.0
22,0,19,0.0,0.0,0.0
22,0,20,0.0,0.0,0.0
22,0,21,0.452623963356018,0.2500036358833313,-0.570992648601532
22,0,22,0.512042224407196,0.2166445851325988,-0.5226680636405945
22,0,23,0.4816596806049347,0.292006254196167,-0.4807668626308441
22,0,24,0.6455920934677124,0.4094287753105163,-0.3818906247615814
22,0,25,0.6172292232513428,0.4461892247200012,-0.9127395153045654
22,1,0,0.0,0.0,0.0
22,1,1,0.0,0.0,0.0
22,1,2,0.0,0.0,0.0
22,1,3,0.0,0.0,0.0
22,1,4,0.0,0.0,0.0
22,1,5,0.0,0.0,0.0
22,1,6,0.0,0.0,0.0
22,1,7,0.0,0.0,0.0
22,1,8,0.0,0.0,0.0
22,1,9,0.0,0.0,0.0
22,1,10,0.0,0.0,0.0
22,1,11,0.0,0.0,0.0
22,1,12,0.0,0.0,0.0
22,1,13,0.0,0.0,0.0
22,1,14,0.0,0.0,0.0
22,1,15,0.0,0.0,0.0
22,1,16,0.0,0.0,0.0
22,1,17,0.0,0.0,0.0
22,1,18,0.0,0.0,0.0
22,1,19,0.0,0.0,0.0
22,1,20,0.0,0.0,0.0
22,1,21,0.452623963356018,0.2500036358833313,-0.570992648601532
22,1,22,0.4429642558097839,0.2132762670516967,-0.484818547964096
22,1,23,0.4269973933696747,0.2935694456100464,-0.425674557685852
22,1,24,0.3379831910133362,0.4819983839988708,0.1844362467527389
22,1,25,0.1493151485919952,0.7490522861480713,-0.2827915847301483
24,0,0,0.3645667433738708,0.4084740579128265,6.384097872569329e-08
24,0,1,0.3425512909889221,0.4445061385631561,0.0012528540100902
24,0,2,0.3111326992511749,0.4657923877239227,0.0029016614425927
24,0,3,0.2876389622688293,0.4795726835727691,0.0018606908852234
24,0,4,0.2698052525520324,0.4897585213184356,0.0007812897092662
24,0,5,0.2613613307476043,0.4229323267936706,0.0192487072199583
24,0,6,0.2219521701335907,0.4250088334083557,0.0183031018823385
24,0,7,0.1967443823814392,0.4303704798221588,0.0131740262731909
24,0,8,0.1769956946372985,0.4367301166057586,0.0087412996217608
24,0,9,0.2583297789096832,0.4123187363147735,0.0120017798617482
24,0,10,0.2151159048080444,0.415567547082901,0.011639411561191
24,0,11,0.1878555715084076,0.4220660030841827,0.0065532713197171
24,0,12,0.166685089468956,0.4283331036567688,0.0018170352559536
24,0,13,0.2579012811183929,0.4063883423805237,0.0023925101850181
24,0,14,0.2156411409378051,0.4084990918636322,0.0016421744367107
24,0,15,0.1889041364192962,0.4147674441337585,-0.0016851434484124
24,0,16,0.1686887443065643,0.419925332069397,-0.0048518073745071
24,0,17,0.2598342895507812,0.4053818583488464,-0.0082978494465351
24,0,18,0.222874104976654,0.4087116718292236,-0.0085250530391931
24,0,19,0.1996818780899047,0.4127322435379028,-0.0087100230157375
24,0,20,0.1810457110404968,0.4169137477874756,-0.0095678269863128
24,0,21,0.4466040432453155,0.243417739868164,-0.4825039505958557
24,0,22,0.5094308853149414,0.2051727771759033,-0.4345258474349975
24,0,23,0.4753480553627014,0.2897770404815674,-0.3911060690879822
24,0,24,0.645042359828949,0.4050952196121216,-0.2951769530773163
24,0,25,0.6272203922271729,0.4780904054641723,-0.7701683640480042
24,1,0,0.0,0.0,0.0
24,1,1,0.0,0.0,0.0
24,1,2,0.0,0.0,0.0
24,1,3,0.0,0.0,0.0
24,1,4,0.0,0.0,0.0
24,1,5,0.0,0.0,0.0
24,1,6,0.0,0.0,0.0
24,1,7,0.0,0.0,0.0
24,1,8,0.0,0.0,0.0
24,1,9,0.0,0.0,0.0
24,1,10,0.0,0.0,0.0
24,1,11,0.0,0.0,0.0
24,1,12,0.0,0.0,0.0
24,1,13,0.0,0.0,0.0
24,1,14,0.0,0.0,0.0
24,1,15,0.0,0.0,0.0
24,1,16,0.0,0.0,0.0
24,1,17,0.0,0.0,0.0
24,1,18,0.0,0.0,0.0
24,1,19,0.0,0.0,0.0
24,1,20,0.0,0.0,0.0
24,1,21,0.4466040432453155,0.243417739868164,-0.4825039505958557
24,1,22,0.4386349320411682,0.2064076662063598,-0.4016526341438293
24,1,23,0.4261959195137024,0.2897340655326843,-0.3449680209159851
24,1,24,0.3417981266975403,0.4609066247940063,0.2241158187389373
24,1,25,0.1587987542152404,0.7301273941993713,-0.2919934391975403
26,0,0,0.3604446649551391,0.4397280216217041,8.80648869383549e-08
26,0,1,0.3558537364006042,0.47211953997612,-0.0042443461716175
26,0,2,0.3312968611717224,0.4985856115818023,-0.0057761720381677
26,0,3,0.3131032586097717,0.5143111944198608,-0.0089558688923716
26,0,4,0.2993910610675812,0.5266802906990051,-0.0120877213776111
26,0,5,0.2776269018650055,0.4853098094463348,0.0037904293276369
26,0,6,0.2442259490489959,0.4995110034942627,-0.004395455121994
26,0,7,0.2211960256099701,0.5119900107383728,-0.0132713569328188
26,0,8,0.2023192644119262,0.5240238308906555,-0.0200575497001409
26,0,9,0.273395299911499,0.476845234632492,-0.002073212293908
26,0,10,0.2393251061439514,0.4927969574928283,-0.0100247422233223
26,0,11,0.2153500914573669,0.508176326751709,-0.0183389335870742
26,0,12,0.1945730745792389,0.5235741138458252,-0.0243022572249174
26,0,13,0.2735754549503326,0.469298243522644,-0.0098055098205804
26,0,14,0.2401624023914337,0.4862343966960907,-0.0180488768965005
26,0,15,0.2174302637577057,0.5016961097717285,-0.023531436920166
26,0,16,0.1989198178052902,0.5162044763565063,-0.0267623178660869
26,0,17,0.2781087458133697,0.4631410539150238,-0.0186913162469863
26,0,18,0.2495418637990951,0.4787206947803497,-0.0260690227150917
26,0,19,0.2316147238016128,0.4914061427116394,-0.0289377532899379
26,0,20,0.2176426649093628,0.5035176277160645,-0.0304646585136652
26,0,21,0.4486176669597626,0.2415278553962707,-0.4928793013095855
26,0,22,0.5094340443611145,0.2098414897918701,-0.4394170939922333
26,0,23,0.4819982945919037,0.291634738445282,-0.3995640873908996
26,0,24,0.6503458023071289,0.4125761985778808,-0.2646243274211883
26,0,25,0.6625178456306458,0.5023823380470276,-0.7495632767677307
26,1,0,0.1209563091397285,0.4186710119247436,2.597575701202004e-07
26,1,1,0.1370820552110672,0.3858074843883514,-0.0028701769188046
26,1,2,0.1331788599491119,0.3478599488735199,-0.0056678242981433
26,1,3,0.1265208721160888,0.3226486146450043,-0.0103978384286165
26,1,4,0.1250109225511551,0.301506370306015,-0.0151305217295885
26,1,5,0.1030016392469406,0.3215925991535187,-0.0034334037918597
26,1,6,0.1159260869026184,0.2788698077201843,-0.0178929232060909
26,1,7,0.1255525052547454,0.2447302639484405,-0.0302396863698959
26,1,8,0.1305860131978988,0.2164293229579925,-0.0387083403766155
26,1,9,0.1003239452838897,0.3226781785488128,-0.0105070509016513
26,1,10,0.1149502843618393,0.275866150856018,-0.0243899710476398
26,1,11,0.1242238953709602,0.2397842854261398,-0.0354028232395648
26,1,12,0.1294068843126297,0.2063453942537307,-0.0426600649952888
26,1,13,0.1033785194158554,0.3261516094207763,-0.0186629127711057
26,1,14,0.1170041561126709,0.2803111374378204,-0.0302645657211542
26,1,15,0.1252740025520324,0.2470056116580963,-0.0377830974757671
26,1,16,0.1289600282907486,0.2185921221971511,-0.0419895872473716
26,1,17,0.1116414070129394,0.3324036598205566,-0.0277036596089601
26,1,18,0.1204445213079452,0.297986090183258,-0.0360368974506855
26,1,19,0.12453393638134,0.2730838656425476,-0.0399509966373443
26,1,20,0.126766562461853,0.2525957524776459,-0.0421650260686874
26,1,21,0.4486176669597626,0.2415278553962707,-0.4928793013095855
26,1,22,0.4397733211517334,0.2043213844299316,-0.4112751483917236
26,1,23,0.4309713244438171,0.2879413366317749,-0.3589239716529846
26,1,24,0.3346567749977112,0.4691753387451172,0.17208132147789
26,1,25,0.1542929708957672,0.7308188676834106,-0.3253901600837707
28,0,0,0.3555918931961059,0.4193845391273498,5.17704457081436e-08
28,0,1,0.3552307486534118,0.4566012918949127,-0.0086625451222062
28,0,2,0.332017183303833,0.4871464967727661,-0.010641410946846
28,0,3,0.3105099499225616,0.50727778673172,-0.0127180451527237
28,0,4,0.2952507138252258,0.5242781639099121,-0.0140978768467903
28,0,5,0.2786400020122528,0.4662241339683532,0.0010112468153238
28,0,6,0.2450512051582336,0.4851848781108856,-0.006424406543374
28,0,7,0.2216707319021225,0.5007263422012329,-0.0147553253918886
28,0,8,0.2025856226682663,0.5151060819625854,-0.0211218129843473
28,0,9,0.2716808319091797,0.4583147168159485,-0.0014281112235039
28,0,10,0.2382512241601944,0.4796290099620819,-0.0088629499077796
28,0,11,0.2138935476541519,0.4976788163185119,-0.0167886521667242
28,0,12,0.1922693848609924,0.5145500898361206,-0.0225211605429649
28,0,13,0.2695981860160827,0.4531984031200409,-0.0059993583709001
28,0,14,0.237628772854805,0.4749492704868316,-0.0142633942887187
28,0,15,0.2145633697509765,0.4927858114242553,-0.0204054154455661
28,0,16,0.1953737437725067,0.5085532665252686,-0.0238626357167959
28,0,17,0.2717094421386719,0.4506972432136535,-0.0119190188124775
28,0,18,0.243644118309021,0.4703076481819153,-0.01931026391685
28,0,19,0.2253316193819046,0.4851480424404144,-0.0229163132607936
28,0,20,0.2106652408838272,0.4983404278755188,-0.0248709619045257
28,0,21,0.4455605447292328,0.250810444355011,-0.5078039169311523
28,0,22,0.5063738822937012,0.2206423878669738,-0.4576563835144043
28,0,23,0.4739603698253631,0.296417236328125,-0.4132245481014251
28,0,24,0.6454129219055176,0.4140800833702087,-0.2895444631576538
28,0,25,0.6506255269050598,0.4936903119087219,-0.8206642866134644
28,1,0,0.0,0.0,0.0
28,1,1,0.0,0.0,0.0
28,1,2,0.0,0.0,0.0
28,1,3,0.0,0.0,0.0
28,1,4,0.0,0.0,0.0
28,1,5,0.0,0.0,0.0
28,1,6,0.0,0.0,0.0
28,1,7,0.0,0.0,0.0
28,1,8,0.0,0.0,0.0
28,1,9,0.0,0.0,0.0
28,1,10,0.0,0.0,0.0
28,1,11,0.0,0.0,0.0
28,1,12,0.0,0.0,0.0
28,1,13,0.0,0.0,0.0
28,1,14,0.0,0.0,0.0
28,1,15,0.0,0.0,0.0
28,1,16,0.0,0.0,0.0
28,1,17,0.0,0.0,0.0
28,1,18,0.0,0.0,0.0
28,1,19,0.0,0.0,0.0
28,1,20,0.0,0.0,0.0
28,1,21,0.4455605447292328,0.250810444355011,-0.5078039169311523
28,1,22,0.4373515844345093,0.2155168056488037,-0.4264448881149292
28,1,23,0.4228080511093139,0.2966870069503784,-0.3688743412494659
28,1,24,0.329983115196228,0.4670078754425049,0.1915471255779266
28,1,25,0.1560521721839904,0.7333244681358337,-0.3383524119853973
29,0,0,0.120955117046833,0.4284758567810058,2.45959142830543e-07
29,0,1,0.1326194405555725,0.3920685052871704,0.0011644203914329
29,0,2,0.1284562647342682,0.3510105609893799,-0.0011289424728602
29,0,3,0.1240086331963539,0.3233784735202789,-0.0060729500837624
29,0,4,0.124903954565525,0.2995221018791199,-0.0112899905070662
29,0,5,0.1041604578495025,0.3220207989215851,-0.0016908204415813
29,0,6,0.1198159456253051,0.2754258811473846,-0.0152589520439505
29,0,7,0.1306177079677581,0.2422687113285064,-0.0260703023523092
29,0,8,0.1367713063955307,0.215065062046051,-0.0333970375359058
29,0,9,0.1030362918972969,0.3244478404521942,-0.0111120706424117
29,0,10,0.1198441237211227,0.2734018862247467,-0.0247270576655864
29,0,11,0.1295963525772094,0.2373278737068176,-0.0346646532416343
29,0,12,0.1342572271823883,0.2043960392475128,-0.0413097888231277
29,0,13,0.1068805158138275,0.3296383619308471,-0.0214162357151508
29,0,14,0.121289387345314,0.2794974744319916,-0.0330608077347278
29,0,15,0.1307486444711685,0.2456032335758209,-0.0398119688034057
29,0,16,0.1348262727260589,0.216607391834259,-0.0437043756246566
29,0,17,0.1157347708940506,0.3373733162879944,-0.032070092856884
29,0,18,0.1233391165733337,0.2989415824413299,-0.039872370660305
29,0,19,0.1280198991298675,0.273392379283905,-0.0427461229264736
29,0,20,0.1311976611614227,0.2521880865097046,-0.0445366986095905
29,0,21,0.4497241675853729,0.2494281530380249,-0.5351592898368835
29,0,22,0.5120017528533936,0.2192261815071106,-0.4837271869182586
29,0,23,0.4810482263565063,0.2941357493400574,-0.4360511004924774
29,0,24,0.64657062292099,0.4105364084243774,-0.296891987323761
29,0,25,0.6540929079055786,0.4908134341239929,-0.8175891637802124
29,1,0,0.0,0.0,0.0
29,1,1,0.0,0.0,0.0
29,1,2,0.0,0.0,0.0
29,1,3,0.0,0.0,0.0
29,1,4,0.0,0.0,0.0
29,1,5,0.0,0.0,0.0
29,1,6,0.0,0.0,0.0
29,1,7,0.0,0.0,0.0
29,1,8,0.0,0.0,0.0
29,1,9,0.0,0.0,0.0
29,1,10,0.0,0.0,0.0
29,1,11,0.0,0.0,0.0
29,1,12,0.0,0.0,0.0
29,1,13,0.0,0.0,0.0
29,1,14,0.0,0.0,0.0
29,1,15,0.0,0.0,0.0
29,1,16,0.0,0.0,0.0
29,1,17,0.0,0.0,0.0
29,1,18,0.0,0.0,0.0
29,1,19,0.0,0.0,0.0
29,1,20,0.0,0.0,0.0
29,1,21,0.4497241675853729,0.2494281530380249,-0.5351592898368835
29,1,22,0.4380054175853729,0.2130143046379089,-0.4557687938213348
29,1,23,0.4245393574237823,0.2937814593315124,-0.3959895074367523
29,1,24,0.324940025806427,0.46009361743927,0.1677046120166778
29,1,25,0.1571612358093261,0.7333725690841675,-0.3603206872940063
31,0,0,0.1208475977182388,0.4334931373596191,1.878899240637111e-07
31,0,1,0.130132645368576,0.394787073135376,0.0062827868387103
31,0,2,0.1258415281772613,0.351542204618454,0.0060299639590084
31,0,3,0.1233419105410575,0.3214523792266845,0.0020970052573829
31,0,4,0.1234110817313194,0.2976704835891723,-0.0021296238992363
31,0,5,0.1027069613337516,0.3219949305057525,0.0043954388238489
31,0,6,0.1190650463104248,0.275081068277359,-0.0062205279245972
31,0,7,0.1292368173599243,0.2433049231767654,-0.0152184106409549
31,0,8,0.1349236667156219,0.2170968651771545,-0.0216697473078966
31,0,9,0.1026634499430656,0.3251073062419891,-0.0070388535968959
31,0,10,0.1206739246845245,0.273526132106781,-0.0181757006794214
31,0,11,0.1296680271625518,0.238557368516922,-0.0265991277992725
31,0,12,0.1338134109973907,0.2070853263139724,-0.0325361154973506
31,0,13,0.1086302921175956,0.3308930695056915,-0.0190499573945999
31,0,14,0.1240934804081916,0.2800639271736145,-0.027895675972104
31,0,15,0.1326507180929184,0.2460944950580597,-0.0329353176057338
31,0,16,0.1369008123874664,0.2170732021331787,-0.0363602861762046
31,0,17,0.1199507713317871,0.3387144804000854,-0.0311873853206634
31,0,18,0.1280564218759536,0.2996386587619781,-0.0368314683437347
31,0,19,0.1313649713993072,0.2727511525154114,-0.0387823693454265
31,0,20,0.1342730820178985,0.2496455013751983,-0.040323369204998
31,0,21,0.4468358755111694,0.2484169602394104,-0.5819852948188782
31,0,22,0.501604437828064,0.2183343768119812,-0.5344804525375366
31,0,23,0.4778473079204559,0.2941406369209289,-0.4899604618549347
31,0,24,0.6536390781402588,0.4192156791687011,-0.3717037141323089
31,0,25,0.6244125366210938,0.4630035758018493,-0.9326088428497314
31,1,0,0.0,0.0,0.0
31,1,1,0.0,0.0,0.0
31,1,2,0.0,0.0,0.0
31,1,3,0.0,0.0,0.0
31,1,4,0.0,0.0,0.0
31,1,5,0.0,0.0,0.0
31,1,6,0.0,0.0,0.0
31,1,7,0.0,0.0,0.0
31,1,8,0.0,0.0,0.0
31,1,9,0.0,0.0,0.0
31,1,10,0.0,0.0,0.0
31,1,11,0.0,0.0,0.0
31,1,12,0.0,0.0,0.0
31,1,13,0.0,0.0,0.0
31,1,14,0.0,0.0,0.0
31,1,15,0.0,0.0,0.0
31,1,16,0.0,0.0,0.0
31,1,17,0.0,0.0,0.0
31,1,18,0.0,0.0,0.0
31,1,19,0.0,0.0,0.0
31,1,20,0.0,0.0,0.0
31,1,21,0.4468358755111694,0.2484169602394104,-0.5819852948188782
31,1,22,0.4410704374313354,0.2078290581703186,-0.4983172416687011
31,1,23,0.4281708300113678,0.2908528447151184,-0.4371780753135681
31,1,24,0.3264074921607971,0.4797129034996032,0.1531729251146316
31,1,25,0.1421724259853363,0.7530922889709473,-0.3582517802715301
32,0,0,0.1187825947999954,0.4314471185207367,2.540568004860688e-07
32,0,1,0.1391735672950744,0.3926868736743927,0.00181341660209
32,0,2,0.1364425122737884,0.3533256649971008,-0.0008315354352816
32,0,3,0.1316301226615905,0.3269973397254944,-0.0066401050426065
32,0,4,0.1297745704650879,0.3059780299663543,-0.0129614798352122
32,0,5,0.1074378192424774,0.3187086284160614,-0.0004571172175928
32,0,6,0.1218790262937545,0.2734602689743042,-0.0139424307271838
32,0,7,0.1322686672210693,0.240692600607872,-0.025624644011259
32,0,8,0.1386359632015228,0.213368073105812,-0.0339500308036804
32,0,9,0.105301633477211,0.3219709098339081,-0.0110069774091243
32,0,10,0.1217770874500274,0.272447258234024,-0.0243160128593444
32,0,11,0.1318289786577224,0.2368644773960113,-0.0348105430603027
32,0,12,0.137630820274353,0.2042189240455627,-0.0422356091439724
32,0,13,0.108444720506668,0.3287672400474548,-0.0225375983864069
32,0,14,0.1238350570201873,0.2795842885971069,-0.0342520587146282
32,0,15,0.133504718542099,0.2454520612955093,-0.0413967929780483
32,0,16,0.1386822462081909,0.2159850001335144,-0.0459842160344123
32,0,17,0.1166797578334808,0.3384864032268524,-0.0344621054828166
32,0,18,0.1267073154449463,0.3007193803787231,-0.0427037477493286
32,0,19,0.1324624568223953,0.274088054895401,-0.0459030196070671
32,0,20,0.13687464594841,0.2511517405509949,-0.048168446868658
32,0,21,0.4504512846469879,0.2459805607795715,-0.5920906662940979
32,0,22,0.5070738196372986,0.2167869210243225,-0.5445790886878967
32,0,23,0.4767188429832458,0.2889771461486816,-0.5009395480155945
32,0,24,0.6461735963821411,0.4171556830406189,-0.3717221021652221
32,0,25,0.636276125907898,0.4600703120231628,-0.9205448627471924
32,1,0,0.0,0.0,0.0
32,1,1,0.0,0.0,0.0
32,1,2,0.0,0.0,0.0
32,1,3,0.0,0.0,0.0
32,1,4,0.0,0.0,0.0
32,1,5,0.0,0.0,0.0
32,1,6,0.0,0.0,0.0
32,1,7,0.0,0.0,0.0
32,1,8,0.0,0.0,0.0
32,1,9,0.0,0.0,0.0
32,1,10,0.0,0.0,0.0
32,1,11,0.0,0.0,0.0
32,1,12,0.0,0.0,0.0
32,1,13,0.0,0.0,0.0
32,1,14,0.0,0.0,0.0
32,1,15,0.0,0.0,0.0
32,1,16,0.0,0.0,0.0
32,1,17,0.0,0.0,0.0
32,1,18,0.0,0.0,0.0
32,1,19,0.0,0.0,0.0
32,1,20,0.0,0.0,0.0
32,1,21,0.4504512846469879,0.2459805607795715,-0.5920906662940979
32,1,22,0.4462625086307525,0.2080079913139343,-0.5095458626747131
32,1,23,0.4274277091026306,0.2872371077537536,-0.4498642086982727
32,1,24,0.3295122385025024,0.4889169931411743,0.1386283785104751
32,1,25,0.141737699508667,0.7554668188095093,-0.3354087173938751
