Frame,Hand,Landmark,X,Y,Z
3,0,0,0.6920353770256042,0.5583978295326233,-4.909231421379445e-08
3,0,1,0.6941870450973511,0.5065529942512512,0.0007625878206454
3,0,2,0.6690491437911987,0.4656457304954529,0.0001724970061331
3,0,3,0.6356109976768494,0.4503821134567261,-0.0014310923870652
3,0,4,0.6109235286712646,0.4521545469760895,-0.0037152741570025
3,0,5,0.6604594588279724,0.4473768770694732,-0.0012299766531214
3,0,6,0.6279831528663635,0.4228875637054443,-0.0083812242373824
3,0,7,0.602776288986206,0.4084632396697998,-0.0134801231324672
3,0,8,0.5822221636772156,0.3991475105285644,-0.0175639726221561
3,0,9,0.6408531665802002,0.4656895399093628,-0.006080980412662
3,0,10,0.6077744364738464,0.4620457887649536,-0.0143537390977144
3,0,11,0.616852343082428,0.4743881523609161,-0.0152007192373275
3,0,12,0.6320245265960693,0.4818858802318573,-0.0147314360365271
3,0,13,0.6252468824386597,0.4900735020637512,-0.0109865963459014
3,0,14,0.6029562950134277,0.4898907244205475,-0.0175598841160535
3,0,15,0.6119152903556824,0.4996852874755859,-0.0127882221713662
3,0,16,0.6251461505889893,0.5058001279830933,-0.0089171286672353
3,0,17,0.6134790182113647,0.5164614915847778,-0.0162283517420291
3,0,18,0.6020088195800781,0.5159130096435547,-0.018924094736576
3,0,19,0.6114140152931213,0.5250153541564941,-0.0141852479428052
3,0,20,0.6217778921127319,0.5311287641525269,-0.0099536702036857
3,0,21,0.4823757410049438,0.3765138387680053,-0.4871983826160431
3,0,22,0.5200913548469543,0.3355434536933899,-0.4421842694282532
3,0,23,0.513459324836731,0.4164189100265503,-0.3843035697937011
3,0,24,0.6635633111000061,0.5856336355209351,-0.0788173824548721
3,0,25,0.8014794588088989,0.8860124349594116,-0.4809287190437317
3,1,0,0.0,0.0,0.0
3,1,1,0.0,0.0,0.0
3,1,2,0.0,0.0,0.0
3,1,3,0.0,0.0,0.0
3,1,4,0.0,0.0,0.0
3,1,5,0.0,0.0,0.0
3,1,6,0.0,0.0,0.0
3,1,7,0.0,0.0,0.0
3,1,8,0.0,0.0,0.0
3,1,9,0.0,0.0,0.0
3,1,10,0.0,0.0,0.0
3,1,11,0.0,0.0,0.0
3,1,12,0.0,0.0,0.0
3,1,13,0.0,0.0,0.0
3,1,14,0.0,0.0,0.0
3,1,15,0.0,0.0,0.0
3,1,16,0.0,0.0,0.0
3,1,17,0.0,0.0,0.0
3,1,18,0.0,0.0,0.0
3,1,19,0.0,0.0,0.0
3,1,20,0.0,0.0,0.0
3,1,21,0.4823757410049438,0.3765138387680053,-0.4871983826160431
3,1,22,0.4386385381221771,0.3410670757293701,-0.4497410356998443
3,1,23,0.4513886272907257,0.4199969172477722,-0.39715376496315
3,1,24,0.2978679239749908,0.5921735167503357,-0.0427531450986862
3,1,25,0.2306152582168579,0.8977851867675781,0.1015963107347488
5,0,0,0.6943944692611694,0.5432895421981812,-8.4321833071499e-08
5,0,1,0.693622350692749,0.4941743910312652,0.0010315157705917
5,0,2,0.6676325798034668,0.4551869928836822,0.0001013884248095
5,0,3,0.6353785395622253,0.4405971467494964,-0.0021480761934071
5,0,4,0.6114825010299683,0.4395615756511688,-0.004913012497127
5,0,5,0.6614903211593628,0.4371037781238556,-0.0006752940244041
5,0,6,0.6283767223358154,0.4134719967842102,-0.0074865785427391
5,0,7,0.60423743724823,0.3997075259685516,-0.0123632848262786
5,0,8,0.5852362513542175,0.3898006975650787,-0.0162712838500738
5,0,9,0.6440265774726868,0.4535910487174988,-0.0054371166042983
5,0,10,0.6129408478736877,0.4532657265663147,-0.0136733902618289
5,0,11,0.6208188533782959,0.4656863808631897,-0.0146585088223218
5,0,12,0.6351208686828613,0.4722867608070373,-0.0144662382081151
5,0,13,0.6292885541915894,0.4758523106575012,-0.0102626523002982
5,0,14,0.6067501902580261,0.4791578352451324,-0.0165199693292379
5,0,15,0.6153109669685364,0.4894658327102661,-0.0121883396059274
5,0,16,0.628766655921936,0.4950684607028961,-0.0088571673259139
5,0,17,0.6174254417419434,0.5003474950790405,-0.0155151346698403
5,0,18,0.605583906173706,0.5037670135498047,-0.0181888509541749
5,0,19,0.6150819659233093,0.5131838917732239,-0.014251715503633
5,0,20,0.6261893510818481,0.5182825326919556,-0.0106799500063061
5,0,21,0.4838495850563049,0.381241500377655,-0.4953494369983673
5,0,22,0.5190925598144531,0.3385975956916809,-0.4505583941936493
5,0,23,0.514553427696228,0.4216430187225342,-0.3890674114227295
5,0,24,0.6625707149505615,0.5821632742881775,-0.0502832606434822
5,0,25,0.7993571758270264,0.8773572444915771,-0.3778600692749023
5,1,0,0.0,0.0,0.0
5,1,1,0.0,0.0,0.0
5,1,2,0.0,0.0,0.0
5,1,3,0.0,0.0,0.0
5,1,4,0.0,0.0,0.0
5,1,5,0.0,0.0,0.0
5,1,6,0.0,0.0,0.0
5,1,7,0.0,0.0,0.0
5,1,8,0.0,0.0,0.0
5,1,9,0.0,0.0,0.0
5,1,10,0.0,0.0,0.0
5,1,11,0.0,0.0,0.0
5,1,12,0.0,0.0,0.0
5,1,13,0.0,0.0,0.0
5,1,14,0.0,0.0,0.0
5,1,15,0.0,0.0,0.0
5,1,16,0.0,0.0,0.0
5,1,17,0.0,0.0,0.0
5,1,18,0.0,0.0,0.0
5,1,19,0.0,0.0,0.0
5,1,20,0.0,0.0,0.0
5,1,21,0.4838495850563049,0.381241500377655,-0.4953494369983673
5,1,22,0.4392383396625519,0.344645082950592,-0.4638700187206268
5,1,23,0.4534151554107666,0.4240053296089172,-0.4080875813961029
5,1,24,0.2964616417884826,0.595219075679779,-0.0760362297296524
5,1,25,0.2335282266139984,0.909164011478424,0.0808987468481063
6,0,0,0.6896473169326782,0.5266703367233276,-6.281951669961927e-08
6,0,1,0.6905559301376343,0.4768616259098053,0.0012990207178518
6,0,2,0.6674004197120667,0.4375545382499695,-0.0005947327590547
6,0,3,0.6384510397911072,0.4236070811748504,-0.0037459409795701
6,0,4,0.6163507103919983,0.4274138212203979,-0.0077756410464644
6,0,5,0.6589759588241577,0.4199837446212768,-0.0038901430089026
6,0,6,0.6247110962867737,0.3960260152816772,-0.0118557484820485
6,0,7,0.5990170240402222,0.3822030127048492,-0.0174666158854961
6,0,8,0.5784693360328674,0.373126357793808,-0.0216809008270502
6,0,9,0.6408195495605469,0.4372301995754242,-0.0089507000520825
6,0,10,0.6089358329772949,0.4313876032829284,-0.0171589143574237
6,0,11,0.6157251000404358,0.4424003362655639,-0.017669778317213
6,0,12,0.6289364099502563,0.4505309164524078,-0.0174081809818744
6,0,13,0.6249206066131592,0.4591979086399078,-0.0138861201703548
6,0,14,0.6024349927902222,0.4568272531032562,-0.0196243375539779
6,0,15,0.6094630360603333,0.4667600095272064,-0.0146325975656509
6,0,16,0.6216926574707031,0.4743485152721405,-0.0111794397234916
6,0,17,0.6123175621032715,0.4825208783149719,-0.0192132741212844
6,0,18,0.5993793606758118,0.4824241995811462,-0.0209936555474996
6,0,19,0.6072931289672852,0.4921243488788605,-0.0161448083817958
6,0,20,0.6173180341720581,0.4988917410373688,-0.012264197692275
6,0,21,0.4823837280273437,0.3781635761260986,-0.496629923582077
6,0,22,0.5185242295265198,0.3369598388671875,-0.453087717294693
6,0,23,0.51385498046875,0.4189973473548889,-0.3908952474594116
6,0,24,0.6687971353530884,0.5794734358787537,-0.0591397657990455
6,0,25,0.7958828806877136,0.8773559331893921,-0.3786838054656982
6,1,0,0.0,0.0,0.0
6,1,1,0.0,0.0,0.0
6,1,2,0.0,0.0,0.0
6,1,3,0.0,0.0,0.0
6,1,4,0.0,0.0,0.0
6,1,5,0.0,0.0,0.0
6,1,6,0.0,0.0,0.0
6,1,7,0.0,0.0,0.0
6,1,8,0.0,0.0,0.0
6,1,9,0.0,0.0,0.0
6,1,10,0.0,0.0,0.0
6,1,11,0.0,0.0,0.0
6,1,12,0.0,0.0,0.0
6,1,13,0.0,0.0,0.0
6,1,14,0.0,0.0,0.0
6,1,15,0.0,0.0,0.0
6,1,16,0.0,0.0,0.0
6,1,17,0.0,0.0,0.0
6,1,18,0.0,0.0,0.0
6,1,19,0.0,0.0,0.0
6,1,20,0.0,0.0,0.0
6,1,21,0.4823837280273437,0.3781635761260986,-0.496629923582077
6,1,22,0.4372107982635498,0.3427249789237976,-0.4654121994972229
6,1,23,0.4516605734825134,0.4228524565696716,-0.4083539247512817
6,1,24,0.2981341481208801,0.5936656594276428,-0.0922955796122551
6,1,25,0.2330915033817291,0.9022104144096376,0.0517367646098136
7,0,0,0.6879855990409851,0.514279842376709,-5.54655059659126e-08
7,0,1,0.6874684691429138,0.4612445831298828,0.0023689405061304
7,0,2,0.6631839871406555,0.4221088588237762,5.436177889350802e-05
7,0,3,0.6334674954414368,0.4110405445098877,-0.0040410803630948
7,0,4,0.6111617088317871,0.4175180196762085,-0.0091614890843629
7,0,5,0.6565250158309937,0.4048042893409729,-0.0015855014789849
7,0,6,0.6223607063293457,0.3824818134307861,-0.0094961002469062
7,0,7,0.5974470376968384,0.3700525164604187,-0.0158989913761615
7,0,8,0.5768564343452454,0.3614378273487091,-0.0209372043609619
7,0,9,0.6375868320465088,0.421899676322937,-0.0071121677756309
7,0,10,0.6076849699020386,0.4207267463207245,-0.0143864871934056
7,0,11,0.616843581199646,0.431907594203949,-0.0150553472340106
7,0,12,0.6302546262741089,0.438336968421936,-0.0153779564425349
7,0,13,0.6209777593612671,0.4440089166164398,-0.0125881470739841
7,0,14,0.6005396842956543,0.4445486664772033,-0.0177167002111673
7,0,15,0.6089059710502625,0.4545716345310211,-0.0129096806049346
7,0,16,0.6205054521560669,0.4611223042011261,-0.009848041459918
7,0,17,0.6076822876930237,0.4676531851291656,-0.0184503141790628
7,0,18,0.5963747501373291,0.4689149856567383,-0.0198199525475502
7,0,19,0.6050202250480652,0.4791211187839508,-0.0146411824971437
7,0,20,0.6142711639404297,0.4856104254722595,-0.0105870543047785
7,0,21,0.48361337184906,0.3823669552803039,-0.5389383435249329
7,0,22,0.518742561340332,0.3398153185844421,-0.4909248352050781
7,0,23,0.5137293338775635,0.4222402572631836,-0.4300516843795776
7,0,24,0.6670657396316528,0.5824164748191833,-0.0843875855207443
7,0,25,0.8023037314414978,0.8643283247947693,-0.4135329127311706
7,1,0,0.0,0.0,0.0
7,1,1,0.0,0.0,0.0
7,1,2,0.0,0.0,0.0
7,1,3,0.0,0.0,0.0
7,1,4,0.0,0.0,0.0
7,1,5,0.0,0.0,0.0
7,1,6,0.0,0.0,0.0
7,1,7,0.0,0.0,0.0
7,1,8,0.0,0.0,0.0
7,1,9,0.0,0.0,0.0
7,1,10,0.0,0.0,0.0
7,1,11,0.0,0.0,0.0
7,1,12,0.0,0.0,0.0
7,1,13,0.0,0.0,0.0
7,1,14,0.0,0.0,0.0
7,1,15,0.0,0.0,0.0
7,1,16,0.0,0.0,0.0
7,1,17,0.0,0.0,0.0
7,1,18,0.0,0.0,0.0
7,1,19,0.0,0.0,0.0
7,1,20,0.0,0.0,0.0
7,1,21,0.48361337184906,0.3823669552803039,-0.5389383435249329
7,1,22,0.4418505430221557,0.3452786207199096,-0.4966370165348053
7,1,23,0.4532639682292938,0.4257685542106628,-0.4387426972389221
7,1,24,0.3017081618309021,0.5982932448387146,-0.0516181923449039
7,1,25,0.2394199669361114,0.9044092297554016,0.1081620082259178
8,0,0,0.6793564558029175,0.4844681024551391,-9.320876515062082e-09
8,0,1,0.6800546050071716,0.4296291768550873,0.002854238031432
8,0,2,0.6566950678825378,0.3890052437782287,0.000716256792657
8,0,3,0.6272392272949219,0.3782412707805633,-0.0032090139575302
8,0,4,0.6042817234992981,0.3852642476558685,-0.0078960750252008
8,0,5,0.6453508138656616,0.3705933690071106,0.000145974670886
8,0,6,0.6145299673080444,0.3480468988418579,-0.0060405833646655
8,0,7,0.5921015739440918,0.3361082673072815,-0.012029998935759
8,0,8,0.5724588632583618,0.3279666304588318,-0.0169164258986711
8,0,9,0.6245673298835754,0.3888766169548034,-0.0057525839656591
8,0,10,0.5988794565200806,0.3756568133831024,-0.010718572884798
8,0,11,0.6086605191230774,0.3848375976085663,-0.011070461012423
8,0,12,0.6211789846420288,0.3936896622180938,-0.0113119138404726
8,0,13,0.607711911201477,0.4121170043945312,-0.0114637790247797
8,0,14,0.5925740003585815,0.3985317647457123,-0.0144133251160383
8,0,15,0.6015105247497559,0.4068920314311981,-0.0091742482036352
8,0,16,0.6114810705184937,0.4155406355857849,-0.0060864477418363
8,0,17,0.5946069955825806,0.4364250302314758,-0.0175322778522968
8,0,18,0.5897270441055298,0.4229583144187927,-0.017256224527955
8,0,19,0.5999199151992798,0.4310524463653564,-0.0108626503497362
8,0,20,0.6079983711242676,0.4396791458129883,-0.0062246625311672
8,0,21,0.4889350831508636,0.3851563930511474,-0.6814175248146057
8,0,22,0.5250452756881714,0.3392470479011535,-0.6346583366394043
8,0,23,0.5195410251617432,0.4255018234252929,-0.5619124174118042
8,0,24,0.675167441368103,0.5934690833091736,-0.1619562357664108
8,0,25,0.800813615322113,0.8315861225128174,-0.4512447714805603
8,1,0,0.0,0.0,0.0
8,1,1,0.0,0.0,0.0
8,1,2,0.0,0.0,0.0
8,1,3,0.0,0.0,0.0
8,1,4,0.0,0.0,0.0
8,1,5,0.0,0.0,0.0
8,1,6,0.0,0.0,0.0
8,1,7,0.0,0.0,0.0
8,1,8,0.0,0.0,0.0
8,1,9,0.0,0.0,0.0
8,1,10,0.0,0.0,0.0
8,1,11,0.0,0.0,0.0
8,1,12,0.0,0.0,0.0
8,1,13,0.0,0.0,0.0
8,1,14,0.0,0.0,0.0
8,1,15,0.0,0.0,0.0
8,1,16,0.0,0.0,0.0
8,1,17,0.0,0.0,0.0
8,1,18,0.0,0.0,0.0
8,1,19,0.0,0.0,0.0
8,1,20,0.0,0.0,0.0
8,1,21,0.4889350831508636,0.3851563930511474,-0.6814175248146057
8,1,22,0.4446467161178589,0.3467480540275574,-0.6352465748786926
8,1,23,0.4555563628673553,0.4302672743797302,-0.5627107620239258
8,1,24,0.3005793392658233,0.6071544885635376,-0.1056299954652786
8,1,25,0.2344182729721069,0.9081536531448364,0.0897333472967147
10,0,0,0.0,0.0,0.0
10,0,1,0.0,0.0,0.0
10,0,2,0.0,0.0,0.0
10,0,3,0.0,0.0,0.0
10,0,4,0.0,0.0,0.0
10,0,5,0.0,0.0,0.0
10,0,6,0.0,0.0,0.0
10,0,7,0.0,0.0,0.0
10,0,8,0.0,0.0,0.0
10,0,9,0.0,0.0,0.0
10,0,10,0.0,0.0,0.0
10,0,11,0.0,0.0,0.0
10,0,12,0.0,0.0,0.0
10,0,13,0.0,0.0,0.0
10,0,14,0.0,0.0,0.0
10,0,15,0.0,0.0,0.0
10,0,16,0.0,0.0,0.0
10,0,17,0.0,0.0,0.0
10,0,18,0.0,0.0,0.0
10,0,19,0.0,0.0,0.0
10,0,20,0.0,0.0,0.0
10,0,21,0.5019518733024597,0.375215470790863,-0.7832976579666138
10,0,22,0.5362569093704224,0.3309507369995117,-0.7302601933479309
10,0,23,0.5333700776100159,0.4173840880393982,-0.6458823084831238
10,0,24,0.6785748600959778,0.5886110663414001,-0.1802579164505005
10,0,25,0.7773535847663879,0.7894158363342285,-0.4960014820098877
10,1,0,0.0,0.0,0.0
10,1,1,0.0,0.0,0.0
10,1,2,0.0,0.0,0.0
10,1,3,0.0,0.0,0.0
10,1,4,0.0,0.0,0.0
10,1,5,0.0,0.0,0.0
10,1,6,0.0,0.0,0.0
10,1,7,0.0,0.0,0.0
10,1,8,0.0,0.0,0.0
10,1,9,0.0,0.0,0.0
10,1,10,0.0,0.0,0.0
10,1,11,0.0,0.0,0.0
10,1,12,0.0,0.0,0.0
10,1,13,0.0,0.0,0.0
10,1,14,0.0,0.0,0.0
10,1,15,0.0,0.0,0.0
10,1,16,0.0,0.0,0.0
10,1,17,0.0,0.0,0.0
10,1,18,0.0,0.0,0.0
10,1,19,0.0,0.0,0.0
10,1,20,0.0,0.0,0.0
10,1,21,0.5019518733024597,0.375215470790863,-0.7832976579666138
10,1,22,0.455183207988739,0.3403844237327575,-0.7348607778549194
10,1,23,0.4677025079727173,0.4250361919403076,-0.6521947979927063
10,1,24,0.3023409247398376,0.6060282588005066,-0.1486403793096542
10,1,25,0.2396048009395599,0.9054927825927734,-0.0239335894584655
11,0,0,0.6264517307281494,0.3843849301338196,-6.228236770766672e-08
11,0,1,0.6308441758155823,0.3355409801006317,0.0018060357542708
11,0,2,0.6094988584518433,0.3007728159427643,-0.0026176115497946
11,0,3,0.5792908668518066,0.2924253940582275,-0.0086914282292127
11,0,4,0.5544127225875854,0.2978720068931579,-0.0156897250562906
11,0,5,0.5917402505874634,0.2779805064201355,-0.013484388589859
11,0,6,0.54706209897995,0.2462257742881775,-0.0238608233630657
11,0,7,0.528247594833374,0.2359558790922165,-0.0287772491574287
11,0,8,0.5181716084480286,0.2316595762968063,-0.0314088575541973
11,0,9,0.5707689523696899,0.2960245907306671,-0.019611919298768
11,0,10,0.5341440439224243,0.2834068536758423,-0.0289525166153907
11,0,11,0.5394085645675659,0.2945995330810547,-0.0293240081518888
11,0,12,0.55207359790802,0.3043128550052643,-0.0283134598284959
11,0,13,0.5552176237106323,0.320441871881485,-0.0248597282916307
11,0,14,0.5407441854476929,0.3223482370376587,-0.0315829180181026
11,0,15,0.5534287691116333,0.3311747312545776,-0.0277810860425233
11,0,16,0.5677888989448547,0.3364714384078979,-0.0246827788650989
11,0,17,0.5440780520439148,0.3459789752960205,-0.0300146117806434
11,0,18,0.5404976606369019,0.3478716909885406,-0.0322109125554561
11,0,19,0.5534593462944031,0.356065034866333,-0.0266698319464921
11,0,20,0.5647751688957214,0.3612357676029205,-0.0217111688107252
11,0,21,0.504539966583252,0.3682128190994262,-0.622667670249939
11,0,22,0.5399090051651001,0.3274280428886413,-0.5738853812217712
11,0,23,0.5365607142448425,0.4139242768287658,-0.5012103319168091
11,0,24,0.6677148342132568,0.5865509510040283,-0.121490828692913
11,0,25,0.7681326866149902,0.7808246612548828,-0.4345755577087402
11,1,0,0.0,0.0,0.0
11,1,1,0.0,0.0,0.0
11,1,2,0.0,0.0,0.0
11,1,3,0.0,0.0,0.0
11,1,4,0.0,0.0,0.0
11,1,5,0.0,0.0,0.0
11,1,6,0.0,0.0,0.0
11,1,7,0.0,0.0,0.0
11,1,8,0.0,0.0,0.0
11,1,9,0.0,0.0,0.0
11,1,10,0.0,0.0,0.0
11,1,11,0.0,0.0,0.0
11,1,12,0.0,0.0,0.0
11,1,13,0.0,0.0,0.0
11,1,14,0.0,0.0,0.0
11,1,15,0.0,0.0,0.0
11,1,16,0.0,0.0,0.0
11,1,17,0.0,0.0,0.0
11,1,18,0.0,0.0,0.0
11,1,19,0.0,0.0,0.0
11,1,20,0.0,0.0,0.0
11,1,21,0.504539966583252,0.3682128190994262,-0.622667670249939
11,1,22,0.4588848948478699,0.3336276412010193,-0.5846219658851624
11,1,23,0.4696828424930572,0.4171661138534546,-0.5159360766410828
11,1,24,0.3015629053115845,0.5992077589035034,-0.1353605240583419
11,1,25,0.2369372248649597,0.9019252061843872,-0.1302570700645446
14,0,0,0.0,0.0,0.0
14,0,1,0.0,0.0,0.0
14,0,2,0.0,0.0,0.0
14,0,3,0.0,0.0,0.0
14,0,4,0.0,0.0,0.0
14,0,5,0.0,0.0,0.0
14,0,6,0.0,0.0,0.0
14,0,7,0.0,0.0,0.0
14,0,8,0.0,0.0,0.0
14,0,9,0.0,0.0,0.0
14,0,10,0.0,0.0,0.0
14,0,11,0.0,0.0,0.0
14,0,12,0.0,0.0,0.0
14,0,13,0.0,0.0,0.0
14,0,14,0.0,0.0,0.0
14,0,15,0.0,0.0,0.0
14,0,16,0.0,0.0,0.0
14,0,17,0.0,0.0,0.0
14,0,18,0.0,0.0,0.0
14,0,19,0.0,0.0,0.0
14,0,20,0.0,0.0,0.0
14,0,21,0.4905999004840851,0.3916090130805969,-0.6155012845993042
14,0,22,0.5239462852478027,0.3557703495025635,-0.5752211809158325
14,0,23,0.5134028196334839,0.4287998676300049,-0.4920704066753387
14,0,24,0.6442362070083618,0.5856758952140808,-0.1538760960102081
14,0,25,0.717070460319519,0.7350361347198486,-0.5384820103645325
14,1,0,0.0,0.0,0.0
14,1,1,0.0,0.0,0.0
14,1,2,0.0,0.0,0.0
14,1,3,0.0,0.0,0.0
14,1,4,0.0,0.0,0.0
14,1,5,0.0,0.0,0.0
14,1,6,0.0,0.0,0.0
14,1,7,0.0,0.0,0.0
14,1,8,0.0,0.0,0.0
14,1,9,0.0,0.0,0.0
14,1,10,0.0,0.0,0.0
14,1,11,0.0,0.0,0.0
14,1,12,0.0,0.0,0.0
14,1,13,0.0,0.0,0.0
14,1,14,0.0,0.0,0.0
14,1,15,0.0,0.0,0.0
14,1,16,0.0,0.0,0.0
14,1,17,0.0,0.0,0.0
14,1,18,0.0,0.0,0.0
14,1,19,0.0,0.0,0.0
14,1,20,0.0,0.0,0.0
14,1,21,0.4905999004840851,0.3916090130805969,-0.6155012845993042
14,1,22,0.4655360579490661,0.3506059050559997,-0.5753628015518188
14,1,23,0.4657209813594818,0.4213560223579407,-0.4937315285205841
14,1,24,0.2997496426105499,0.6024215221405029,-0.0520705319941043
14,1,25,0.2407186627388,0.9029678106307985,-0.0339315533638
16,0,0,0.0,0.0,0.0
16,0,1,0.0,0.0,0.0
16,0,2,0.0,0.0,0.0
16,0,3,0.0,0.0,0.0
16,0,4,0.0,0.0,0.0
16,0,5,0.0,0.0,0.0
16,0,6,0.0,0.0,0.0
16,0,7,0.0,0.0,0.0
16,0,8,0.0,0.0,0.0
16,0,9,0.0,0.0,0.0
16,0,10,0.0,0.0,0.0
16,0,11,0.0,0.0,0.0
16,0,12,0.0,0.0,0.0
16,0,13,0.0,0.0,0.0
16,0,14,0.0,0.0,0.0
16,0,15,0.0,0.0,0.0
16,0,16,0.0,0.0,0.0
16,0,17,0.0,0.0,0.0
16,0,18,0.0,0.0,0.0
16,0,19,0.0,0.0,0.0
16,0,20,0.0,0.0,0.0
16,0,21,0.4264248013496399,0.3318095803260803,-0.4689804017543793
16,0,22,0.4774292111396789,0.307986855506897,-0.473245233297348
16,0,23,0.4516696333885193,0.3767359852790832,-0.4107097089290619
16,0,24,0.6538573503494263,0.5512076616287231,-0.3091152608394623
16,0,25,0.7288273572921753,0.7768408060073853,-0.697952151298523
16,1,0,0.0,0.0,0.0
16,1,1,0.0,0.0,0.0
16,1,2,0.0,0.0,0.0
16,1,3,0.0,0.0,0.0
16,1,4,0.0,0.0,0.0
16,1,5,0.0,0.0,0.0
16,1,6,0.0,0.0,0.0
16,1,7,0.0,0.0,0.0
16,1,8,0.0,0.0,0.0
16,1,9,0.0,0.0,0.0
16,1,10,0.0,0.0,0.0
16,1,11,0.0,0.0,0.0
16,1,12,0.0,0.0,0.0
16,1,13,0.0,0.0,0.0
16,1,14,0.0,0.0,0.0
16,1,15,0.0,0.0,0.0
16,1,16,0.0,0.0,0.0
16,1,17,0.0,0.0,0.0
16,1,18,0.0,0.0,0.0
16,1,19,0.0,0.0,0.0
16,1,20,0.0,0.0,0.0
16,1,21,0.4264248013496399,0.3318095803260803,-0.4689804017543793
16,1,22,0.4294969439506531,0.3016231656074524,-0.4270196855068207
16,1,23,0.414458692073822,0.3692747354507446,-0.350961685180664
16,1,24,0.3154256343841553,0.5801511406898499,0.0611599385738372
16,1,25,0.2445743978023529,0.8699938058853149,0.092371366918087
18,0,0,0.0,0.0,0.0
18,0,1,0.0,0.0,0.0
18,0,2,0.0,0.0,0.0
18,0,3,0.0,0.0,0.0
18,0,4,0.0,0.0,0.0
18,0,5,0.0,0.0,0.0
18,0,6,0.0,0.0,0.0
18,0,7,0.0,0.0,0.0
18,0,8,0.0,0.0,0.0
18,0,9,0.0,0.0,0.0
18,0,10,0.0,0.0,0.0
18,0,11,0.0,0.0,0.0
18,0,12,0.0,0.0,0.0
18,0,13,0.0,0.0,0.0
18,0,14,0.0,0.0,0.0
18,0,15,0.0,0.0,0.0
18,0,16,0.0,0.0,0.0
18,0,17,0.0,0.0,0.0
18,0,18,0.0,0.0,0.0
18,0,19,0.0,0.0,0.0
18,0,20,0.0,0.0,0.0
18,0,21,0.4979910850524902,0.3636525273323059,-0.6941521763801575
18,0,22,0.5280884504318237,0.3326171636581421,-0.6590807437896729
18,0,23,0.5194212794303894,0.4036934375762939,-0.5752869248390198
18,0,24,0.6535810232162476,0.5457959771156311,-0.2549270093441009
18,0,25,0.750461757183075,0.8115302324295044,-0.6872653961181641
18,1,0,0.0,0.0,0.0
18,1,1,0.0,0.0,0.0
18,1,2,0.0,0.0,0.0
18,1,3,0.0,0.0,0.0
18,1,4,0.0,0.0,0.0
18,1,5,0.0,0.0,0.0
18,1,6,0.0,0.0,0.0
18,1,7,0.0,0.0,0.0
18,1,8,0.0,0.0,0.0
18,1,9,0.0,0.0,0.0
18,1,10,0.0,0.0,0.0
18,1,11,0.0,0.0,0.0
18,1,12,0.0,0.0,0.0
18,1,13,0.0,0.0,0.0
18,1,14,0.0,0.0,0.0
18,1,15,0.0,0.0,0.0
18,1,16,0.0,0.0,0.0
18,1,17,0.0,0.0,0.0
18,1,18,0.0,0.0,0.0
18,1,19,0.0,0.0,0.0
18,1,20,0.0,0.0,0.0
18,1,21,0.4979910850524902,0.3636525273323059,-0.6941521763801575
18,1,22,0.4593282639980316,0.3289544582366943,-0.6515864729881287
18,1,23,0.4615313410758972,0.4007933139801025,-0.5649997591972351
18,1,24,0.3051494359970093,0.5814763903617859,-0.0831032991409301
18,1,25,0.2475051879882812,0.8916473984718323,-0.0534975938498973
19,0,0,0.0,0.0,0.0
19,0,1,0.0,0.0,0.0
19,0,2,0.0,0.0,0.0
19,0,3,0.0,0.0,0.0
19,0,4,0.0,0.0,0.0
19,0,5,0.0,0.0,0.0
19,0,6,0.0,0.0,0.0
19,0,7,0.0,0.0,0.0
19,0,8,0.0,0.0,0.0
19,0,9,0.0,0.0,0.0
19,0,10,0.0,0.0,0.0
19,0,11,0.0,0.0,0.0
19,0,12,0.0,0.0,0.0
19,0,13,0.0,0.0,0.0
19,0,14,0.0,0.0,0.0
19,0,15,0.0,0.0,0.0
19,0,16,0.0,0.0,0.0
19,0,17,0.0,0.0,0.0
19,0,18,0.0,0.0,0.0
19,0,19,0.0,0.0,0.0
19,0,20,0.0,0.0,0.0
19,0,21,0.4780695140361786,0.3737608194351196,-0.6804293990135193
19,0,22,0.5127878189086914,0.3337926268577575,-0.6475374698638916
19,0,23,0.5060606598854065,0.4149335622787475,-0.5659022331237793
19,0,24,0.658227801322937,0.5587751269340515,-0.2255672365427017
19,0,25,0.7683722972869873,0.8496787548065186,-0.6331790089607239
19,1,0,0.0,0.0,0.0
19,1,1,0.0,0.0,0.0
19,1,2,0.0,0.0,0.0
19,1,3,0.0,0.0,0.0
19,1,4,0.0,0.0,0.0
19,1,5,0.0,0.0,0.0
19,1,6,0.0,0.0,0.0
19,1,7,0.0,0.0,0.0
19,1,8,0.0,0.0,0.0
19,1,9,0.0,0.0,0.0
19,1,10,0.0,0.0,0.0
19,1,11,0.0,0.0,0.0
19,1,12,0.0,0.0,0.0
19,1,13,0.0,0.0,0.0
19,1,14,0.0,0.0,0.0
19,1,15,0.0,0.0,0.0
19,1,16,0.0,0.0,0.0
19,1,17,0.0,0.0,0.0
19,1,18,0.0,0.0,0.0
19,1,19,0.0,0.0,0.0
19,1,20,0.0,0.0,0.0
19,1,21,0.4780695140361786,0.3737608194351196,-0.6804293990135193
19,1,22,0.4343551695346832,0.3339251279830932,-0.6379910707473755
19,1,23,0.4451909959316253,0.4168460965156555,-0.5530655384063721
19,1,24,0.3017745614051819,0.5916978120803833,-0.0624501146376132
19,1,25,0.2324381470680236,0.9131765365600586,0.0566613972187042
21,0,0,0.5718581080436707,0.6278659701347351,-6.144485098502629e-08
21,0,1,0.564008355140686,0.570084810256958,-0.0006955332355573
21,0,2,0.5237603187561035,0.5301032662391663,-0.0007716034888289
21,0,3,0.4793067276477813,0.511706531047821,-0.0013525582617148
21,0,4,0.4450134038925171,0.5133849382400513,-0.0018721249653026
21,0,5,0.4928195178508758,0.5398725271224976,-0.0028718134853988
21,0,6,0.4506687521934509,0.5289056897163391,-0.0098931118845939
21,0,7,0.4618644416332245,0.5314086079597473,-0.016235003247857
21,0,8,0.4795231521129608,0.5351996421813965,-0.0193058475852012
21,0,9,0.4824157357215881,0.5718041658401489,-0.0048157894052565
21,0,10,0.4468051493167877,0.5570812821388245,-0.0067139333114027
21,0,11,0.4592018127441406,0.5574365854263306,-0.0089087123051285
21,0,12,0.4760759472846985,0.5630096793174744,-0.0111842369660735
21,0,13,0.4792940318584442,0.601719319820404,-0.0066366181708872
21,0,14,0.4480805099010467,0.5856163501739502,-0.0075381584465503
21,0,15,0.4583059251308441,0.5852199196815491,-0.0034249476157128
21,0,16,0.4724730849266052,0.5898377299308777,-0.0016396613791584
21,0,17,0.4799237251281738,0.6267995834350586,-0.0083871148526668
21,0,18,0.45493283867836,0.6078351736068726,-0.007192151620984
21,0,19,0.4645026326179504,0.6096104383468628,0.0002580899163149
21,0,20,0.4761260151863098,0.6153737306594849,0.0056254863739013
21,0,21,0.4687107801437378,0.3755404353141784,-0.7555981278419495
21,0,22,0.5113467574119568,0.331924557685852,-0.7094117403030396
21,0,23,0.5047727227210999,0.4164779782295227,-0.6200589537620544
21,0,24,0.6786659955978394,0.5703209042549133,-0.1806881725788116
21,0,25,0.7920400500297546,0.8972473740577698,-0.7028349041938782
21,1,0,0.0,0.0,0.0
21,1,1,0.0,0.0,0.0
21,1,2,0.0,0.0,0.0
21,1,3,0.0,0.0,0.0
21,1,4,0.0,0.0,0.0
21,1,5,0.0,0.0,0.0
21,1,6,0.0,0.0,0.0
21,1,7,0.0,0.0,0.0
21,1,8,0.0,0.0,0.0
21,1,9,0.0,0.0,0.0
21,1,10,0.0,0.0,0.0
21,1,11,0.0,0.0,0.0
21,1,12,0.0,0.0,0.0
21,1,13,0.0,0.0,0.0
21,1,14,0.0,0.0,0.0
21,1,15,0.0,0.0,0.0
21,1,16,0.0,0.0,0.0
21,1,17,0.0,0.0,0.0
21,1,18,0.0,0.0,0.0
21,1,19,0.0,0.0,0.0
21,1,20,0.0,0.0,0.0
21,1,21,0.4687107801437378,0.3755404353141784,-0.7555981278419495
21,1,22,0.4240877032279968,0.3393247127532959,-0.7084203362464905
21,1,23,0.4397332072257995,0.4227014780044555,-0.6190280318260193
21,1,24,0.2983308434486389,0.5988831520080566,-0.0950877368450164
21,1,25,0.2383404374122619,0.9129737615585328,0.1494054347276687
22,0,0,0.6020069718360901,0.6448565125465393,1.053576959009206e-08
22,0,1,0.5985274910926819,0.5895560383796692,0.0004102175880689
22,0,2,0.5647311210632324,0.5575785040855408,0.0010949821444228
22,0,3,0.5280953049659729,0.5536235570907593,0.0006019512074999
22,0,4,0.5035915374755859,0.5654933452606201,-0.0006943860207684
22,0,5,0.5375581383705139,0.5469863414764404,-0.004238286986947
22,0,6,0.5071409940719604,0.52642422914505,-0.0107439598068594
22,0,7,0.4849657714366913,0.5182243585586548,-0.0157488882541656
22,0,8,0.4684805572032928,0.5154955387115479,-0.0199893228709697
22,0,9,0.5198772549629211,0.5731047987937927,-0.0079509122297167
22,0,10,0.504848837852478,0.5699833631515503,-0.0145119102671742
22,0,11,0.5181938409805298,0.5751842260360718,-0.0161844585090875
22,0,12,0.5325345396995544,0.5805859565734863,-0.0171308554708957
22,0,13,0.5129528641700745,0.6031999588012695,-0.011239587329328
22,0,14,0.5077012777328491,0.6008962392807007,-0.0154738202691078
22,0,15,0.5203250646591187,0.6038516759872437,-0.0111698927357792
22,0,16,0.5325535535812378,0.6082665920257568,-0.0087869865819811
22,0,17,0.5114963054656982,0.6332356929779053,-0.0149075658991932
22,0,18,0.5123381018638611,0.6270684599876404,-0.0164976064115762
22,0,19,0.5242787599563599,0.6296948790550232,-0.0119135100394487
22,0,20,0.5337898135185242,0.6340926885604858,-0.0082823624834418
22,0,21,0.4632799923419952,0.3806580901145935,-0.6395931839942932
22,0,22,0.5070052742958069,0.3343763947486877,-0.5941810011863708
22,0,23,0.5005915760993958,0.4180809259414673,-0.5098816752433777
22,0,24,0.6720675230026245,0.5671440362930298,-0.0927227512001991
22,0,25,0.7945911288261414,0.9045738577842712,-0.5800063610076904
22,1,0,0.0,0.0,0.0
22,1,1,0.0,0.0,0.0
22,1,2,0.0,0.0,0.0
22,1,3,0.0,0.0,0.0
22,1,4,0.0,0.0,0.0
22,1,5,0.0,0.0,0.0
22,1,6,0.0,0.0,0.0
22,1,7,0.0,0.0,0.0
22,1,8,0.0,0.0,0.0
22,1,9,0.0,0.0,0.0
22,1,10,0.0,0.0,0.0
22,1,11,0.0,0.0,0.0
22,1,12,0.0,0.0,0.0
22,1,13,0.0,0.0,0.0
22,1,14,0.0,0.0,0.0
22,1,15,0.0,0.0,0.0
22,1,16,0.0,0.0,0.0
22,1,17,0.0,0.0,0.0
22,1,18,0.0,0.0,0.0
22,1,19,0.0,0.0,0.0
22,1,20,0.0,0.0,0.0
22,1,21,0.4632799923419952,0.3806580901145935,-0.6395931839942932
22,1,22,0.4204397201538086,0.343590497970581,-0.5941803455352783
22,1,23,0.4361518621444702,0.4260649681091308,-0.5108097195625305
22,1,24,0.3008933067321777,0.5966603755950928,-0.0406138710677623
22,1,25,0.2439025044441223,0.9161182641983032,0.1600552499294281
23,0,0,0.6361139416694641,0.630362868309021,7.73348176608124e-08
23,0,1,0.631272554397583,0.5865442752838135,-0.000111005610961
23,0,2,0.6041027307510376,0.5604677200317383,-0.0021347030997276
23,0,3,0.5769152641296387,0.5616194009780884,-0.0058149378746747
23,0,4,0.5567249059677124,0.573440670967102,-0.0103889517486095
23,0,5,0.5766536593437195,0.5429382920265198,-0.0051264157518744
23,0,6,0.5456318259239197,0.5188344717025757,-0.0136216068640351
23,0,7,0.5199369192123413,0.5088073015213013,-0.0184548441320657
23,0,8,0.498745858669281,0.5041629672050476,-0.0220384653657674
23,0,9,0.5611782073974609,0.5661789178848267,-0.0100801652297377
23,0,10,0.5399909615516663,0.559488832950592,-0.0201288387179374
23,0,11,0.5535010099411011,0.5684727430343628,-0.0213506110012531
23,0,12,0.5683387517929077,0.5748626589775085,-0.0203772615641355
23,0,13,0.5538602471351624,0.5942202806472778,-0.0149362506344914
23,0,14,0.545588493347168,0.5943563580513,-0.0227481629699468
23,0,15,0.5594174265861511,0.600976288318634,-0.0185099355876445
23,0,16,0.5714171528816223,0.6046340465545654,-0.0143846301361918
23,0,17,0.550862193107605,0.6227182745933533,-0.0201388020068407
23,0,18,0.5497965216636658,0.6206685304641724,-0.0235755629837512
23,0,19,0.5626434683799744,0.6249322295188904,-0.0187674518674612
23,0,20,0.5724078416824341,0.6267121434211731,-0.0140031045302748
23,0,21,0.4601606130599975,0.3751730322837829,-0.7275749444961548
23,0,22,0.5060723423957825,0.3311841487884521,-0.6909900903701782
23,0,23,0.4992327988147735,0.4139522910118103,-0.6048935651779175
23,0,24,0.6806170344352722,0.572289228439331,-0.2080319821834564
23,0,25,0.817082405090332,0.9087880849838256,-0.6824225783348083
23,1,0,0.0,0.0,0.0
23,1,1,0.0,0.0,0.0
23,1,2,0.0,0.0,0.0
23,1,3,0.0,0.0,0.0
23,1,4,0.0,0.0,0.0
23,1,5,0.0,0.0,0.0
23,1,6,0.0,0.0,0.0
23,1,7,0.0,0.0,0.0
23,1,8,0.0,0.0,0.0
23,1,9,0.0,0.0,0.0
23,1,10,0.0,0.0,0.0
23,1,11,0.0,0.0,0.0
23,1,12,0.0,0.0,0.0
23,1,13,0.0,0.0,0.0
23,1,14,0.0,0.0,0.0
23,1,15,0.0,0.0,0.0
23,1,16,0.0,0.0,0.0
23,1,17,0.0,0.0,0.0
23,1,18,0.0,0.0,0.0
23,1,19,0.0,0.0,0.0
23,1,20,0.0,0.0,0.0
23,1,21,0.4601606130599975,0.3751730322837829,-0.7275749444961548
23,1,22,0.4204151630401611,0.3400644659996032,-0.6809566020965576
23,1,23,0.4325340688228607,0.4206814169883728,-0.5924481153488159
23,1,24,0.2989443838596344,0.5923166871070862,-0.0558167584240436
23,1,25,0.2330251336097717,0.8944298028945923,0.2557934522628784
26,0,0,0.6740949153900146,0.5579723119735718,3.943336324141455e-09
26,0,1,0.6726016998291016,0.5126129388809204,0.0017437963979318
26,0,2,0.6472999453544617,0.4822410941123962,0.0003125072398688
26,0,3,0.619924783706665,0.4776428937911987,-0.0021669622510671
26,0,4,0.6013359427452087,0.4872551560401916,-0.0059816623106598
26,0,5,0.6339317560195923,0.467130184173584,-0.0084831668063998
26,0,6,0.599612832069397,0.44659024477005,-0.015809841454029
26,0,7,0.5740076303482056,0.4357026219367981,-0.0199245642870664
26,0,8,0.554397463798523,0.4299308955669403,-0.0231552887707948
26,0,9,0.6184449195861816,0.4879728853702545,-0.0133301094174385
26,0,10,0.5921313762664795,0.4904632270336151,-0.0208422318100929
26,0,11,0.6003517508506775,0.5006231069564819,-0.019533796235919
26,0,12,0.613673210144043,0.5047885775566101,-0.0183717273175716
26,0,13,0.6075291633605957,0.513636589050293,-0.0176445934921503
26,0,14,0.5905534625053406,0.5170340538024902,-0.0226360354572534
26,0,15,0.598921537399292,0.5253095030784607,-0.0160596258938312
26,0,16,0.6103090643882751,0.5281413793563843,-0.0120382187888026
26,0,17,0.6004023551940918,0.5401456952095032,-0.02217030338943
26,0,18,0.5914980173110962,0.5418076515197754,-0.0240877922624349
26,0,19,0.6014471054077148,0.5486474633216858,-0.018156373873353
26,0,20,0.611284613609314,0.5509693026542664,-0.0135008683428168
26,0,21,0.4685088396072387,0.3802281618118286,-0.505877673625946
26,0,22,0.5074363946914673,0.334205687046051,-0.4656144678592682
26,0,23,0.5028760433197021,0.416985809803009,-0.4078394770622253
26,0,24,0.6739351749420166,0.5720529556274414,-0.1104955524206161
26,0,25,0.8385331630706787,0.8791229128837585,-0.4876101315021515
26,1,0,0.0,0.0,0.0
26,1,1,0.0,0.0,0.0
26,1,2,0.0,0.0,0.0
26,1,3,0.0,0.0,0.0
26,1,4,0.0,0.0,0.0
26,1,5,0.0,0.0,0.0
26,1,6,0.0,0.0,0.0
26,1,7,0.0,0.0,0.0
26,1,8,0.0,0.0,0.0
26,1,9,0.0,0.0,0.0
26,1,10,0.0,0.0,0.0
26,1,11,0.0,0.0,0.0
26,1,12,0.0,0.0,0.0
26,1,13,0.0,0.0,0.0
26,1,14,0.0,0.0,0.0
26,1,15,0.0,0.0,0.0
26,1,16,0.0,0.0,0.0
26,1,17,0.0,0.0,0.0
26,1,18,0.0,0.0,0.0
26,1,19,0.0,0.0,0.0
26,1,20,0.0,0.0,0.0
26,1,21,0.4685088396072387,0.3802281618118286,-0.505877673625946
26,1,22,0.4262057840824127,0.3423625230789184,-0.4655653536319732
26,1,23,0.4379509389400482,0.4231843948364258,-0.4092662334442138
26,1,24,0.3028214871883392,0.5938829779624939,-0.0514388233423233
26,1,25,0.2379563152790069,0.9047389030456544,0.0705229565501213
28,0,0,0.688823938369751,0.5268425941467285,-8.854377675504566e-09
28,0,1,0.6867997646331787,0.4777312874794006,0.0039004487916827
28,0,2,0.6597303152084351,0.4432140290737152,0.0046824016608297
28,0,3,0.6322048306465149,0.4358426332473755,0.0038143219426274
28,0,4,0.6121842265129089,0.4455244839191437,0.0019321127329021
28,0,5,0.6462477445602417,0.4232984781265259,0.0003070868842769
28,0,6,0.6121567487716675,0.4018422961235046,-0.0049881632439792
28,0,7,0.5866981744766235,0.3904150426387787,-0.0087675526738166
28,0,8,0.5669017434120178,0.3835973143577575,-0.0118551347404718
28,0,9,0.62781822681427,0.4429291188716888,-0.0051474408246576
28,0,10,0.6007838249206543,0.4412762224674225,-0.0095794638618826
28,0,11,0.6100627183914185,0.4525451362133026,-0.0083584273234009
28,0,12,0.6243141293525696,0.4588299989700317,-0.0072175334207713
28,0,13,0.614485502243042,0.4684599041938782,-0.0103834569454193
28,0,14,0.5983991026878357,0.4686509370803833,-0.013148003257811
28,0,15,0.6082755923271179,0.4782779514789581,-0.0080593740567564
28,0,16,0.6206223368644714,0.4835171997547149,-0.0049327043816447
28,0,17,0.6051805019378662,0.4954832792282104,-0.0158754661679267
28,0,18,0.598690927028656,0.4960554838180542,-0.0162682570517063
28,0,19,0.6089968085289001,0.5044323801994324,-0.0113886091858148
28,0,20,0.6192804574966431,0.5087604522705078,-0.0074388333596289
28,0,21,0.4675848186016083,0.3790318369865417,-0.5019153952598572
28,0,22,0.5042330622673035,0.332649290561676,-0.4581892490386963
28,0,23,0.5028163194656372,0.4162969589233398,-0.3958679735660553
28,0,24,0.6763019561767578,0.5774745941162109,-0.0555122382938861
28,0,25,0.8214415311813354,0.8627585172653198,-0.4283258020877838
28,1,0,0.0,0.0,0.0
28,1,1,0.0,0.0,0.0
28,1,2,0.0,0.0,0.0
28,1,3,0.0,0.0,0.0
28,1,4,0.0,0.0,0.0
28,1,5,0.0,0.0,0.0
28,1,6,0.0,0.0,0.0
28,1,7,0.0,0.0,0.0
28,1,8,0.0,0.0,0.0
28,1,9,0.0,0.0,0.0
28,1,10,0.0,0.0,0.0
28,1,11,0.0,0.0,0.0
28,1,12,0.0,0.0,0.0
28,1,13,0.0,0.0,0.0
28,1,14,0.0,0.0,0.0
28,1,15,0.0,0.0,0.0
28,1,16,0.0,0.0,0.0
28,1,17,0.0,0.0,0.0
28,1,18,0.0,0.0,0.0
28,1,19,0.0,0.0,0.0
28,1,20,0.0,0.0,0.0
28,1,21,0.4675848186016083,0.3790318369865417,-0.5019153952598572
28,1,22,0.4238553941249847,0.3441590070724487,-0.4636083841323852
28,1,23,0.4386996030807495,0.4249526858329773,-0.4041499197483063
28,1,24,0.3018346726894378,0.5966282486915588,-0.0672134011983871
28,1,25,0.2337724268436432,0.9094396233558656,0.0703313499689102
30,0,0,0.6850934028625488,0.5124170780181885,-5.576043093924454e-08
30,0,1,0.6827893853187561,0.4622268080711365,0.0025512289721518
30,0,2,0.6566432118415833,0.4286503195762634,0.0014721769839525
30,0,3,0.6281874179840088,0.4218370914459228,-0.0016723738517612
30,0,4,0.608945906162262,0.4305430650711059,-0.0057427296414971
30,0,5,0.647704005241394,0.4098752737045288,-3.301446122350171e-05
30,0,6,0.6111458539962769,0.3889011144638061,-0.0076330471783876
30,0,7,0.5850813388824463,0.3788542449474334,-0.0128783406689763
30,0,8,0.5659337639808655,0.372207373380661,-0.0167551357299089
30,0,9,0.6308940052986145,0.4256176650524139,-0.0056897597387433
30,0,10,0.5990304946899414,0.4290781915187835,-0.014086996205151
30,0,11,0.6061671376228333,0.4426020383834839,-0.0147239379584789
30,0,12,0.6203349828720093,0.4486697614192962,-0.014255216345191
30,0,13,0.6168975234031677,0.4478825628757477,-0.011493076570332
30,0,14,0.5950721502304077,0.4543678164482116,-0.0183752980083227
30,0,15,0.6031791567802429,0.466564804315567,-0.0145145906135439
30,0,16,0.6169186234474182,0.4716817140579223,-0.0112395491451025
30,0,17,0.6058773994445801,0.4722744822502136,-0.0175870899111032
30,0,18,0.593793511390686,0.4781672656536102,-0.0211623739451169
30,0,19,0.6023858785629272,0.4892771244049072,-0.0173075199127197
30,0,20,0.6139490604400635,0.4950482845306396,-0.0134388199076056
30,0,21,0.4690532982349396,0.3793343901634216,-0.6114963889122009
30,0,22,0.5065826177597046,0.3342916369438171,-0.5665503144264221
30,0,23,0.5037000179290771,0.4184390306472778,-0.4941276609897613
30,0,24,0.6713764667510986,0.5697992444038391,-0.1138942390680313
30,0,25,0.8235260248184204,0.8541276454925537,-0.5201445817947388
30,1,0,0.0,0.0,0.0
30,1,1,0.0,0.0,0.0
30,1,2,0.0,0.0,0.0
30,1,3,0.0,0.0,0.0
30,1,4,0.0,0.0,0.0
30,1,5,0.0,0.0,0.0
30,1,6,0.0,0.0,0.0
30,1,7,0.0,0.0,0.0
30,1,8,0.0,0.0,0.0
30,1,9,0.0,0.0,0.0
30,1,10,0.0,0.0,0.0
30,1,11,0.0,0.0,0.0
30,1,12,0.0,0.0,0.0
30,1,13,0.0,0.0,0.0
30,1,14,0.0,0.0,0.0
30,1,15,0.0,0.0,0.0
30,1,16,0.0,0.0,0.0
30,1,17,0.0,0.0,0.0
30,1,18,0.0,0.0,0.0
30,1,19,0.0,0.0,0.0
30,1,20,0.0,0.0,0.0
30,1,21,0.4690532982349396,0.3793343901634216,-0.6114963889122009
30,1,22,0.4248456656932831,0.3442705869674682,-0.5643932223320007
30,1,23,0.4397371709346771,0.4252595901489258,-0.4937382936477661
30,1,24,0.3058236837387085,0.5940581560134888,-0.0378754921257495
30,1,25,0.2429702579975128,0.9024287462234496,0.1526907682418823
32,0,0,0.6818946003913879,0.515038013458252,-6.600121338351529e-08
32,0,1,0.6789067387580872,0.4651069343090057,0.0021035026293247
32,0,2,0.6517479419708252,0.4295802414417267,0.0007621742552146
32,0,3,0.6208599805831909,0.4203307032585144,-0.0020959842950105
32,0,4,0.5991398692131042,0.4266085624694824,-0.0058028860948979
32,0,5,0.6418654322624207,0.410239577293396,-0.0029676968697458
32,0,6,0.6049420833587646,0.3898424804210663,-0.0103318728506565
32,0,7,0.5790987610816956,0.3795021474361419,-0.0155878840014338
32,0,8,0.5597158670425415,0.3731054663658142,-0.0196805540472269
32,0,9,0.6239523887634277,0.4271143972873688,-0.0084667550399899
32,0,10,0.592686116695404,0.4334533512592315,-0.0158079862594604
32,0,11,0.602060854434967,0.4453109502792358,-0.0160610433667898
32,0,12,0.6171117424964905,0.4495951533317566,-0.0159304495900869
32,0,13,0.6095750331878662,0.4505822658538818,-0.0138985542580485
32,0,14,0.5881931185722351,0.4594331979751587,-0.0193665977567434
32,0,15,0.5986841320991516,0.4699157774448395,-0.0151663720607757
32,0,16,0.613031804561615,0.4733442664146423,-0.0125807197764515
32,0,17,0.5984526872634888,0.4764987528324127,-0.0197246242314577
32,0,18,0.5880609750747681,0.4857476055622101,-0.0230322405695915
32,0,19,0.599510669708252,0.49587082862854,-0.0196099057793617
32,0,20,0.611832320690155,0.4994246363639831,-0.0164086613804101
32,0,21,0.4664952158927917,0.3768117427825928,-0.5288760662078857
32,0,22,0.503109335899353,0.33269864320755,-0.4877007901668548
32,0,23,0.5009564757347107,0.4155023097991943,-0.4221252799034118
32,0,24,0.6668016314506531,0.5698387622833252,-0.0901897475123405
32,0,25,0.8069387674331665,0.8582550287246704,-0.4696404933929443
32,1,0,0.0,0.0,0.0
32,1,1,0.0,0.0,0.0
32,1,2,0.0,0.0,0.0
32,1,3,0.0,0.0,0.0
32,1,4,0.0,0.0,0.0
32,1,5,0.0,0.0,0.0
32,1,6,0.0,0.0,0.0
32,1,7,0.0,0.0,0.0
32,1,8,0.0,0.0,0.0
32,1,9,0.0,0.0,0.0
32,1,10,0.0,0.0,0.0
32,1,11,0.0,0.0,0.0
32,1,12,0.0,0.0,0.0
32,1,13,0.0,0.0,0.0
32,1,14,0.0,0.0,0.0
32,1,15,0.0,0.0,0.0
32,1,16,0.0,0.0,0.0
32,1,17,0.0,0.0,0.0
32,1,18,0.0,0.0,0.0
32,1,19,0.0,0.0,0.0
32,1,20,0.0,0.0,0.0
32,1,21,0.4664952158927917,0.3768117427825928,-0.5288760662078857
32,1,22,0.4226498007774353,0.3428075909614563,-0.4863456189632416
32,1,23,0.4384002089500427,0.4223780035972595,-0.4217801988124847
32,1,24,0.3043437898159027,0.59343421459198,-0.0214703027158975
32,1,25,0.2364698350429535,0.9025792479515076,0.140904814004898
35,0,0,0.6749710440635681,0.5154914855957031,-5.72689877742505e-08
35,0,1,0.6754248738288879,0.4660882353782654,0.0043380572460591
35,0,2,0.6507118940353394,0.4308674931526184,0.0043662246316671
35,0,3,0.621964156627655,0.4245154559612274,0.0024434709921479
35,0,4,0.6023297905921936,0.4342736005783081,-0.0004790021339431
35,0,5,0.639865517616272,0.4133243262767792,-0.0004698705452028
35,0,6,0.6025769114494324,0.3921796977519989,-0.0056500802747905
35,0,7,0.5771695971488953,0.38133105635643,-0.009147735312581
35,0,8,0.5589028000831604,0.3744860887527466,-0.0121141038835048
35,0,9,0.6214152574539185,0.4297970831394195,-0.0062131714075803
35,0,10,0.5944618582725525,0.4322934746742248,-0.0116844028234481
35,0,11,0.6030606031417847,0.4440428614616394,-0.0112797850742936
35,0,12,0.617385983467102,0.4497865736484527,-0.0105837006121873
35,0,13,0.6073558330535889,0.4521224796772003,-0.0115077262744307
35,0,14,0.5901991724967957,0.4569258391857147,-0.0150325028225779
35,0,15,0.6000902652740479,0.4672966301441192,-0.0109264235943555
35,0,16,0.6136888861656189,0.4720230996608734,-0.008439015597105
35,0,17,0.5965210199356079,0.4766288697719574,-0.0169539414346218
35,0,18,0.5903136134147644,0.4814051985740661,-0.018441654741764
35,0,19,0.60105299949646,0.4911430478096008,-0.0146029684692621
35,0,20,0.6126829981803894,0.4956400990486145,-0.011203734204173
35,0,21,0.4702703058719635,0.3803958296775818,-0.5599966049194336
35,0,22,0.5050555467605591,0.3357582092285156,-0.5140308141708374
35,0,23,0.5041864514350891,0.4190514087677002,-0.4481216371059418
35,0,24,0.6685773134231567,0.5838346481323242,-0.0747240856289863
35,0,25,0.8059748411178589,0.8596701622009277,-0.3714626729488373
35,1,0,0.0,0.0,0.0
35,1,1,0.0,0.0,0.0
35,1,2,0.0,0.0,0.0
35,1,3,0.0,0.0,0.0
35,1,4,0.0,0.0,0.0
35,1,5,0.0,0.0,0.0
35,1,6,0.0,0.0,0.0
35,1,7,0.0,0.0,0.0
35,1,8,0.0,0.0,0.0
35,1,9,0.0,0.0,0.0
35,1,10,0.0,0.0,0.0
35,1,11,0.0,0.0,0.0
35,1,12,0.0,0.0,0.0
35,1,13,0.0,0.0,0.0
35,1,14,0.0,0.0,0.0
35,1,15,0.0,0.0,0.0
35,1,16,0.0,0.0,0.0
35,1,17,0.0,0.0,0.0
35,1,18,0.0,0.0,0.0
35,1,19,0.0,0.0,0.0
35,1,20,0.0,0.0,0.0
35,1,21,0.4702703058719635,0.3803958296775818,-0.5599966049194336
35,1,22,0.4256951212882995,0.344312310218811,-0.519589900970459
35,1,23,0.4409274756908417,0.425925076007843,-0.4565637409687042
35,1,24,0.2975999414920807,0.6046171188354492,-0.0841895118355751
35,1,25,0.2402977049350738,0.9167633652687072,0.0414135977625846
36,0,0,0.6801742315292358,0.5192937254905701,-7.060753404175557e-08
36,0,1,0.6788476705551147,0.4696796536445617,0.0037021823227405
36,0,2,0.6516304016113281,0.4336044192314148,0.0032198051922023
36,0,3,0.6217207312583923,0.425277441740036,0.0009710247977636
36,0,4,0.6009761691093445,0.4335455596446991,-0.0022275906521826
36,0,5,0.6418734192848206,0.4137884080410003,-0.0022048810496926
36,0,6,0.6036288738250732,0.3918820917606354,-0.008692879229784
36,0,7,0.5775009393692017,0.3813706040382385,-0.0127553194761276
36,0,8,0.5589141249656677,0.3749561905860901,-0.0159651581197977
36,0,9,0.6235260963439941,0.4307293891906738,-0.0079992925748229
36,0,10,0.5914455056190491,0.4357798099517822,-0.0146894259378314
36,0,11,0.6000191569328308,0.4487064778804779,-0.01409896556288
36,0,12,0.615062415599823,0.4535596668720245,-0.0132978996261954
36,0,13,0.6086952686309814,0.4540889859199524,-0.0135190449655056
36,0,14,0.5871824622154236,0.4618698060512543,-0.018407467752695
36,0,15,0.5979315042495728,0.4726820588111877,-0.0141479186713695
36,0,16,0.6127284169197083,0.4760920703411102,-0.0115274060517549
36,0,17,0.5973473191261292,0.4799391329288482,-0.0192142724990844
36,0,18,0.5887584090232849,0.4882963299751282,-0.02203288115561
36,0,19,0.6005915403366089,0.4985194504261017,-0.0186063628643751
36,0,20,0.6133958101272583,0.5020735263824463,-0.015410041436553
36,0,21,0.4668412208557129,0.3779215216636657,-0.5538336634635925
36,0,22,0.5035779476165771,0.3337273597717285,-0.5051361322402954
36,0,23,0.50227952003479,0.4169175624847412,-0.4444040060043335
36,0,24,0.6746344566345215,0.5944085121154785,-0.0763269141316413
36,0,25,0.8173269033432007,0.8690495491027832,-0.4003624618053436
36,1,0,0.0,0.0,0.0
36,1,1,0.0,0.0,0.0
36,1,2,0.0,0.0,0.0
36,1,3,0.0,0.0,0.0
36,1,4,0.0,0.0,0.0
36,1,5,0.0,0.0,0.0
36,1,6,0.0,0.0,0.0
36,1,7,0.0,0.0,0.0
36,1,8,0.0,0.0,0.0
36,1,9,0.0,0.0,0.0
36,1,10,0.0,0.0,0.0
36,1,11,0.0,0.0,0.0
36,1,12,0.0,0.0,0.0
36,1,13,0.0,0.0,0.0
36,1,14,0.0,0.0,0.0
36,1,15,0.0,0.0,0.0
36,1,16,0.0,0.0,0.0
36,1,17,0.0,0.0,0.0
36,1,18,0.0,0.0,0.0
36,1,19,0.0,0.0,0.0
36,1,20,0.0,0.0,0.0
36,1,21,0.4668412208557129,0.3779215216636657,-0.5538336634635925
36,1,22,0.4229016304016113,0.3425276279449463,-0.5124192237854004
36,1,23,0.4372427463531494,0.4239284992218017,-0.4555079340934753
36,1,24,0.2931952774524688,0.6099525094032288,-0.0981503129005432
36,1,25,0.2296949923038482,0.9198029041290284,0.0685587674379348
