Frame,Hand,Landmark,X,Y,Z
1,0,0,0.7144371867179871,0.4683118164539337,-1.3455255043481884e-07
1,0,1,0.7012498378753662,0.4305334687232971,0.00185342063196
1,0,2,0.6739915609359741,0.3982838988304138,-0.0026119016110897
1,0,3,0.6424732804298401,0.3842381238937378,-0.0076711433939635
1,0,4,0.616923451423645,0.3813716173171997,-0.0147857163101434
1,0,5,0.6769444346427917,0.3740974068641662,-0.0178869012743234
1,0,6,0.6265280246734619,0.3679706156253814,-0.0301989242434501
1,0,7,0.5945780277252197,0.3676073551177978,-0.0391195453703403
1,0,8,0.5699654221534729,0.3679892122745514,-0.045130617916584
1,0,9,0.6794983744621277,0.3939316868782043,-0.0257133524864912
1,0,10,0.6190728545188904,0.3873189389705658,-0.0360710807144641
1,0,11,0.5828763842582703,0.3853524029254913,-0.0423620603978633
1,0,12,0.5548509359359741,0.3852477371692657,-0.0482724271714687
1,0,13,0.6774069666862488,0.4194240272045135,-0.032511219382286
1,0,14,0.6188416481018066,0.4117293357849121,-0.0425546020269393
1,0,15,0.5840493440628052,0.4112220406532287,-0.046160377562046
1,0,16,0.5582546591758728,0.4117684662342071,-0.0489558577537536
1,0,17,0.671454131603241,0.4471952021121979,-0.0385110452771186
1,0,18,0.6263834834098816,0.4390339255332947,-0.0482506044209003
1,0,19,0.5997568964958191,0.4353258609771728,-0.0510465130209922
1,0,20,0.5791156888008118,0.4326082766056061,-0.0524194091558456
1,0,21,0.5018824934959412,0.3202922344207763,-0.9588135480880736
1,0,22,0.5340057611465454,0.2790501117706299,-0.8968042731285095
1,0,23,0.5331512093544006,0.3591683506965637,-0.7921620011329651
1,0,24,0.6843456029891968,0.4705660939216614,-0.1711031049489975
1,0,25,0.9269894361495972,0.700962483882904,-0.657419741153717
1,1,0,0.2545903325080871,0.4995090663433075,3.066016063257848e-07
1,1,1,0.2732805609703064,0.460443913936615,0.0008222154574468
1,1,2,0.2957610189914703,0.4214597642421722,-0.0063349483534693
1,1,3,0.3218327462673187,0.3985833823680877,-0.0149378255009651
1,1,4,0.345974326133728,0.3903478980064392,-0.0234717074781656
1,1,5,0.2894788384437561,0.3847958147525787,-0.0180423371493816
1,1,6,0.3480402827262878,0.3748809397220611,-0.0340890772640705
1,1,7,0.3820255100727081,0.3753981590270996,-0.0442534014582634
1,1,8,0.4063690900802612,0.3785799741744995,-0.0502555854618549
1,1,9,0.2891356647014618,0.4032639265060425,-0.0272565688937902
1,1,10,0.3541887998580932,0.3958219289779663,-0.0403972640633583
1,1,11,0.3903504610061645,0.3961468636989593,-0.0453852750360965
1,1,12,0.416380226612091,0.3983324766159057,-0.048999335616827
1,1,13,0.2922521829605102,0.4283371567726135,-0.036349594593048
1,1,14,0.355667382478714,0.4223062098026275,-0.0473666228353977
1,1,15,0.3895918726921081,0.4200961589813232,-0.0493980273604393
1,1,16,0.4142290949821472,0.4191888570785522,-0.0502817742526531
1,1,17,0.2997190058231354,0.4567979574203491,-0.0455274246633052
1,1,18,0.3492506742477417,0.450234055519104,-0.0517035573720932
1,1,19,0.3747091591358185,0.4464021027088165,-0.0509386919438838
1,1,20,0.3949877321720123,0.442646712064743,-0.0497855693101882
1,1,21,0.5018824934959412,0.3202922344207763,-0.9588135480880736
1,1,22,0.4611868858337402,0.2807660102844238,-0.9062087535858154
1,1,23,0.4758011698722839,0.3592651486396789,-0.8049038052558899
1,1,24,0.3265182673931122,0.4736729860305786,-0.2920968234539032
1,1,25,0.1078679859638214,0.7372394800186157,-0.825832724571228
2,0,0,0.71647047996521,0.4676337838172912,-1.487935321620171e-07
2,0,1,0.7024868130683899,0.429765909910202,0.0034227443393319
2,0,2,0.6766149997711182,0.3973500430583954,-0.0003123806673102
2,0,3,0.6469178795814514,0.382332980632782,-0.0050209946930408
2,0,4,0.6221126317977905,0.379137635231018,-0.0118158403784036
2,0,5,0.677354097366333,0.3746460974216461,-0.0158712472766637
2,0,6,0.6278073191642761,0.3680900335311889,-0.0279482100158929
2,0,7,0.5963901281356812,0.3676522076129913,-0.0367560349404811
2,0,8,0.5723091959953308,0.3681803345680237,-0.0425706952810287
2,0,9,0.6789794564247131,0.3943252563476562,-0.0243212953209877
2,0,10,0.6192059516906738,0.3872445523738861,-0.0340243577957153
2,0,11,0.583624541759491,0.3849579393863678,-0.0402227491140365
2,0,12,0.5559342503547668,0.3849669992923736,-0.0461176261305809
2,0,13,0.6767852306365967,0.4193392992019653,-0.0317275747656822
2,0,14,0.6188972592353821,0.4119686782360077,-0.0409967228770256
2,0,15,0.584292471408844,0.4111926555633545,-0.0447294227778911
2,0,16,0.5583499670028687,0.4114319384098053,-0.0478129424154758
2,0,17,0.6713203191757202,0.4466153979301452,-0.0382684059441089
2,0,18,0.627192497253418,0.4387718737125397,-0.0473121367394924
2,0,19,0.601031482219696,0.4354510307312011,-0.0499672070145607
2,0,20,0.5802117586135864,0.4332460463047027,-0.0513828285038471
2,0,21,0.4985051453113556,0.3130640983581543,-0.8834805488586426
2,0,22,0.53272545337677,0.2731020450592041,-0.8192113637924194
2,0,23,0.5323799848556519,0.3542842864990234,-0.7209307551383972
2,0,24,0.6814250349998474,0.4686606526374817,-0.1155387014150619
2,0,25,0.9224092960357666,0.6951794624328613,-0.5881936550140381
2,1,0,0.2557879686355591,0.4971915483474731,3.372909134213842e-07
2,1,1,0.271896630525589,0.4568023085594177,0.0008898636442609
2,1,2,0.2943356335163116,0.4185932874679565,-0.0066626891493797
2,1,3,0.3221757113933563,0.3980632722377777,-0.0157451517879962
2,1,4,0.3476183414459228,0.3915874660015106,-0.0247717648744583
2,1,5,0.2895452976226806,0.3826282024383545,-0.0182169415056705
2,1,6,0.34736168384552,0.3740458488464355,-0.0345469489693641
2,1,7,0.3813288807868957,0.3750383555889129,-0.045112807303667
2,1,8,0.4060510098934173,0.3786858916282654,-0.0513746552169323
2,1,9,0.2897031903266907,0.4012551605701446,-0.027707677334547
2,1,10,0.3541978001594543,0.3946250975131988,-0.0408219173550605
2,1,11,0.390582799911499,0.394674003124237,-0.0459850020706653
2,1,12,0.4171397387981415,0.3966536521911621,-0.0496758893132209
2,1,13,0.2931231260299682,0.4267916977405548,-0.0370526276528835
2,1,14,0.3555917739868164,0.4206526577472687,-0.0476955808699131
2,1,15,0.3892883658409118,0.4185079038143158,-0.049427218735218
2,1,16,0.4137039482593536,0.4173183441162109,-0.0500932559370994
2,1,17,0.3001141846179962,0.4557292461395263,-0.0465264283120632
2,1,18,0.3492395877838135,0.449594497680664,-0.0522951334714889
2,1,19,0.3748694062232971,0.4453417658805847,-0.0511905811727047
2,1,20,0.3955432176589966,0.4410998225212097,-0.0497781857848167
2,1,21,0.4985051453113556,0.3130640983581543,-0.8834805488586426
2,1,22,0.4560619294643402,0.2739539742469787,-0.8286157250404358
2,1,23,0.4708367586135864,0.3549390435218811,-0.7337675094604492
2,1,24,0.3273835182189941,0.4726532697677612,-0.2388236075639724
2,1,25,0.1086081862449646,0.7367204427719116,-0.7878192663192749
9,0,0,0.7218030691146851,0.4697256684303283,-1.2170269769740116e-07
9,0,1,0.7073243856430054,0.43370521068573,0.0020372995641082
9,0,2,0.6820390224456787,0.3980562090873718,-0.0014519520336762
9,0,3,0.6544127464294434,0.3789283037185669,-0.0053192949853837
9,0,4,0.6294480562210083,0.3709431886672973,-0.0109437825158238
9,0,5,0.6795939207077026,0.3744214177131653,-0.0163504015654325
9,0,6,0.6289492249488831,0.3675864338874817,-0.0280678421258926
9,0,7,0.596673846244812,0.3660976886749267,-0.0364952236413955
9,0,8,0.5715082883834839,0.3658324778079986,-0.0420010909438133
9,0,9,0.6805662512779236,0.3923144340515136,-0.0238253492861986
9,0,10,0.6199461817741394,0.384621262550354,-0.033185850828886
9,0,11,0.5834705233573914,0.3823229372501373,-0.0387102179229259
9,0,12,0.5547667741775513,0.3821613788604736,-0.043928887695074
9,0,13,0.6771659851074219,0.416596382856369,-0.030354157090187
9,0,14,0.6186844706535339,0.4083951115608215,-0.0389253497123718
9,0,15,0.5840856432914734,0.4069043695926666,-0.0419546738266944
9,0,16,0.5580153465270996,0.4066179692745209,-0.0445337146520614
9,0,17,0.6706883907318115,0.444541871547699,-0.0362147614359855
9,0,18,0.625837504863739,0.4361110031604767,-0.0444229617714881
9,0,19,0.5998339056968689,0.4322682619094848,-0.046524029225111
9,0,20,0.5788993835449219,0.4295226335525512,-0.0474999919533729
9,0,21,0.5008746385574341,0.3177951574325561,-0.9992438554763794
9,0,22,0.5342631936073303,0.2749795317649841,-0.93951016664505
9,0,23,0.5302351713180542,0.3581887483596802,-0.8362630605697632
9,0,24,0.6824069023132324,0.4718262553215027,-0.2269431948661804
9,0,25,0.9259914755821228,0.6981085538864136,-0.6950463056564331
9,1,0,0.2576794624328613,0.4960241317749023,2.978175359658053e-07
9,1,1,0.279435783624649,0.4567252397537231,0.000818810716737
9,1,2,0.3011366426944732,0.4176686108112335,-0.0066581484861671
9,1,3,0.325617641210556,0.3950620293617248,-0.0158569384366273
9,1,4,0.3482014238834381,0.387148767709732,-0.0249971598386764
9,1,5,0.2906109392642975,0.3792651891708374,-0.0177519749850034
9,1,6,0.3483596444129944,0.3708047568798065,-0.034449066966772
9,1,7,0.3828187882900238,0.3723528981208801,-0.0454015098512172
9,1,8,0.4071225523948669,0.3758782148361206,-0.0519661903381347
9,1,9,0.2891622483730316,0.3983849287033081,-0.0274013485759496
9,1,10,0.354208379983902,0.3914927840232849,-0.0411374121904373
9,1,11,0.3912332952022552,0.3924554884433746,-0.046435460448265
9,1,12,0.4178753197193146,0.3946003317832947,-0.050325222313404
9,1,13,0.2917613685131073,0.4237461686134338,-0.0370275638997554
9,1,14,0.3554442822933197,0.4172284007072449,-0.0490332618355751
9,1,15,0.3905863761901855,0.4156793057918548,-0.0511656776070594
9,1,16,0.4163807928562164,0.4151574969291687,-0.0519886650145053
9,1,17,0.2993817031383514,0.4524891674518585,-0.0467635095119476
9,1,18,0.3498009443283081,0.4459294080734253,-0.0536295212805271
9,1,19,0.3766779601573944,0.4419063925743103,-0.0529989451169967
9,1,20,0.3983432054519653,0.4379106163978576,-0.0519246608018875
9,1,21,0.5008746385574341,0.3177951574325561,-0.9992438554763794
9,1,22,0.4592802226543426,0.2758975625038147,-0.944382667541504
9,1,23,0.4703575670719147,0.3589342832565307,-0.8433716297149658
9,1,24,0.3221336901187897,0.4710367918014526,-0.3212179541587829
9,1,25,0.1049838066101074,0.7358359694480896,-0.8516613841056824
11,0,0,0.7230041027069092,0.4727420806884765,-1.3829297529355244e-07
11,0,1,0.7070181369781494,0.4347973465919494,0.0030797615181654
11,0,2,0.6802436709403992,0.4002714455127716,-0.0005810639122501
11,0,3,0.6502522826194763,0.383010596036911,-0.0050013437867164
11,0,4,0.6241946220397949,0.3770571649074554,-0.0110925771296024
11,0,5,0.6797087788581848,0.3741613328456878,-0.0151312220841646
11,0,6,0.6283531188964844,0.3670738041400909,-0.0269760731607675
11,0,7,0.5958465933799744,0.3664381504058838,-0.0356293506920337
11,0,8,0.5705674290657043,0.3667553663253784,-0.0413522124290466
11,0,9,0.6801117062568665,0.3925611972808838,-0.0232177972793579
11,0,10,0.6183155179023743,0.3856171369552612,-0.0326019152998924
11,0,11,0.5826207399368286,0.3836236596107483,-0.038330815732479
11,0,12,0.5544328689575195,0.3831102848052978,-0.0437849350273609
11,0,13,0.6764657497406006,0.4170941114425659,-0.0303163882344961
11,0,14,0.6172255873680115,0.4094407260417938,-0.0388173162937164
11,0,15,0.5834301710128784,0.4080011248588562,-0.041686899960041
11,0,16,0.5578191876411438,0.4072758555412292,-0.0442649573087692
11,0,17,0.6702554225921631,0.4449121057987213,-0.0366640798747539
11,0,18,0.6252956390380859,0.4375060796737671,-0.0444545522332191
11,0,19,0.5999035835266113,0.4340302050113678,-0.0461755208671093
11,0,20,0.5795823335647583,0.4313321113586426,-0.046993538737297
11,0,21,0.501510739326477,0.3208067417144775,-0.9667695760726928
11,0,22,0.5349062085151672,0.2775108814239502,-0.9067678451538086
11,0,23,0.5309858918190002,0.3616155385971069,-0.8016594648361206
11,0,24,0.6802369952201843,0.4688565731048584,-0.184963971376419
11,0,25,0.9292738437652588,0.7032631635665894,-0.6377477049827576
11,1,0,0.2560075521469116,0.4966237843036651,3.1682046142123e-07
11,1,1,0.2765785455703735,0.4574227929115295,0.0006304689450189
11,1,2,0.2992022633552551,0.4187779724597931,-0.0070152450352907
11,1,3,0.3250040113925934,0.396892637014389,-0.0163774657994508
11,1,4,0.3487952351570129,0.3898897171020508,-0.0256212893873453
11,1,5,0.2898564040660858,0.3807063400745392,-0.0176941361278295
11,1,6,0.3466030657291412,0.3700931966304779,-0.0344143249094486
11,1,7,0.3813523054122925,0.3710599839687347,-0.0454261973500251
11,1,8,0.4063351154327392,0.3746831119060516,-0.0518864691257476
11,1,9,0.2885814011096954,0.3997424840927124,-0.0270803533494472
11,1,10,0.3524740934371948,0.3913777768611908,-0.040575373917818
11,1,11,0.3897407352924347,0.3917217850685119,-0.0459956973791122
11,1,12,0.4168761074542999,0.3940086662769317,-0.0498522780835628
11,1,13,0.2916728854179382,0.4248397648334503,-0.0364353060722351
11,1,14,0.3550668954849243,0.4179928600788116,-0.0474575459957122
11,1,15,0.3898352682590484,0.4158364236354828,-0.0492881163954734
11,1,16,0.4152485430240631,0.4149125516414642,-0.049989890307188
11,1,17,0.2996489107608795,0.4531841874122619,-0.0460023023188114
11,1,18,0.3499608337879181,0.4465293288230896,-0.0517924763262271
11,1,19,0.3763798475265503,0.4417234361171722,-0.0507151670753955
11,1,20,0.3975448608398437,0.4370460212230682,-0.0493545979261398
11,1,21,0.501510739326477,0.3208067417144775,-0.9667695760726928
11,1,22,0.4602612257003784,0.2781950831413269,-0.9125894904136658
11,1,23,0.4703695476055145,0.3620193600654602,-0.8096950054168701
11,1,24,0.3218889832496643,0.467644989490509,-0.2917469143867492
11,1,25,0.1034277975559234,0.7348402738571167,-0.8060786128044128
12,0,0,0.7222890853881836,0.4705431759357452,-1.333703352202065e-07
12,0,1,0.7075842022895813,0.4327018857002258,0.0026610477361828
12,0,2,0.6813645362854004,0.3995266258716583,-0.0014767362736165
12,0,3,0.6503470540046692,0.3840880095958709,-0.0062608467414975
12,0,4,0.6242192983627319,0.3812132477760315,-0.0127289881929755
12,0,5,0.6804666519165039,0.3744004964828491,-0.0158242229372262
12,0,6,0.6285214424133301,0.3670556247234344,-0.0280601996928453
12,0,7,0.5960788726806641,0.3668277859687805,-0.0367414131760597
12,0,8,0.5713627934455872,0.3675029277801513,-0.0423223376274108
12,0,9,0.6806991696357727,0.3925219178199768,-0.0236508175730705
12,0,10,0.6183359026908875,0.3857133388519287,-0.0334041230380535
12,0,11,0.5824493765830994,0.3842990398406982,-0.0389979593455791
12,0,12,0.5542811155319214,0.3842403888702392,-0.044195968657732
12,0,13,0.6766879558563232,0.4166744947433471,-0.0305299442261457
12,0,14,0.616858184337616,0.4097330570220947,-0.0392021276056766
12,0,15,0.5830765962600708,0.4090391993522644,-0.0418841205537319
12,0,16,0.5577535033226013,0.4086056053638458,-0.044198602437973
12,0,17,0.6696740388870239,0.443875640630722,-0.0367182344198226
12,0,18,0.6242859959602356,0.4373269081115722,-0.044467631727457
12,0,19,0.5990188121795654,0.4341426789760589,-0.0461731478571891
12,0,20,0.5788072943687439,0.431403785943985,-0.0469439029693603
12,0,21,0.4999846220016479,0.3206369280815124,-0.863867998123169
12,0,22,0.5337645411491394,0.2778657674789428,-0.7959393858909607
12,0,23,0.5305918455123901,0.3616563081741333,-0.7090749144554138
12,0,24,0.6837590336799622,0.4828587770462036,-0.1441057622432708
12,0,25,0.9318622350692748,0.7056452035903931,-0.6492998003959656
12,1,0,0.2561952471733093,0.4945933222770691,3.1466905170418613e-07
12,1,1,0.2741791009902954,0.455022394657135,0.0002174720721086
12,1,2,0.297165036201477,0.4167743623256683,-0.0079542184248566
12,1,3,0.3244926333427429,0.3963401615619659,-0.0176672395318746
12,1,4,0.3484427630901336,0.3906363844871521,-0.0273420456796884
12,1,5,0.2909773290157318,0.3804048001766205,-0.0195802021771669
12,1,6,0.3477866947650909,0.3710206747055053,-0.0363964289426803
12,1,7,0.3818543553352356,0.3724383115768432,-0.0472892336547374
12,1,8,0.4059867262840271,0.3760951161384582,-0.053692027926445
12,1,9,0.289745420217514,0.4003522992134094,-0.0288781188428401
12,1,10,0.3539540767669678,0.3927148580551147,-0.0420947149395942
12,1,11,0.3905357420444488,0.3928487598896026,-0.047127041965723
12,1,12,0.4171638786792755,0.3945751190185547,-0.0510037392377853
12,1,13,0.292631059885025,0.4260782301425934,-0.0380963571369648
12,1,14,0.355496734380722,0.4188128113746643,-0.0489429384469985
12,1,15,0.3897284567356109,0.4172330796718597,-0.0503882691264152
12,1,16,0.4147311449050903,0.4170374274253845,-0.0509991981089115
12,1,17,0.3003306090831756,0.4545285999774933,-0.0475167259573936
12,1,18,0.3500277101993561,0.447007954120636,-0.0529728531837463
12,1,19,0.3762740790843963,0.4424158334732055,-0.0515428893268108
12,1,20,0.3974077105522156,0.4379446804523468,-0.0501414872705936
12,1,21,0.4999846220016479,0.3206369280815124,-0.863867998123169
12,1,22,0.4598911106586456,0.2795438766479492,-0.8008830547332764
12,1,23,0.4703862071037292,0.3623349070549011,-0.7156251072883606
12,1,24,0.3212025463581085,0.4797245860099792,-0.230998545885086
12,1,25,0.0994330048561096,0.7420986890792847,-0.738238513469696
18,0,0,0.7258719801902771,0.5136235952377319,-1.68923193655246e-07
18,0,1,0.7045930027961731,0.471724659204483,0.0029709036462008
18,0,2,0.6770703196525574,0.4334034025669098,-0.0017949747852981
18,0,3,0.650078535079956,0.4122479259967804,-0.0074220555834472
18,0,4,0.6255404353141785,0.4082444310188293,-0.0149955097585916
18,0,5,0.6715955138206482,0.4114205837249756,-0.016490165144205
18,0,6,0.6168001890182495,0.4068348407745361,-0.0291372332721948
18,0,7,0.5860176086425781,0.4079612791538238,-0.0385421328246593
18,0,8,0.5628544092178345,0.4076199531555176,-0.0449185222387313
18,0,9,0.6743733286857605,0.4323748052120209,-0.0254973955452442
18,0,10,0.6116331815719604,0.4273405373096466,-0.0353705175220966
18,0,11,0.5773042440414429,0.4273746907711029,-0.0415682345628738
18,0,12,0.5510464906692505,0.427715003490448,-0.0481256544589996
18,0,13,0.6730776429176331,0.459779143333435,-0.0336497016251087
18,0,14,0.6129789352416992,0.4531092941761017,-0.0425237976014614
18,0,15,0.5796062350273132,0.4526059031486511,-0.0459040962159633
18,0,16,0.5549747347831726,0.4525590538978576,-0.0495792925357818
18,0,17,0.6683175563812256,0.4901563823223114,-0.041089080274105
18,0,18,0.6229511499404907,0.4823051393032074,-0.0489979274570941
18,0,19,0.5975598096847534,0.4790825843811035,-0.0510776750743389
18,0,20,0.5758217573165894,0.4770946800708771,-0.0530002042651176
18,0,21,0.5036122798919678,0.322425901889801,-0.885966956615448
18,0,22,0.5369210839271545,0.2772579789161682,-0.8300171494483948
18,0,23,0.5330395102500916,0.365059494972229,-0.7278881072998047
18,0,24,0.6812619566917419,0.4695595502853393,-0.1554456204175949
18,0,25,0.91908597946167,0.7060583829879761,-0.5949448347091675
18,1,0,0.2575083971023559,0.5220446586608887,2.166383552548723e-07
18,1,1,0.2800068259239197,0.482415497303009,-0.003134025959298
18,1,2,0.3078685104846954,0.4408747851848602,-0.0128980791196227
18,1,3,0.3383696973323822,0.4174420535564422,-0.0236969087272882
18,1,4,0.3646715581417084,0.4117633700370788,-0.0342524647712707
18,1,5,0.2960894107818603,0.4087144136428833,-0.0275328997522592
18,1,6,0.3616132736206054,0.4058982133865356,-0.0468362271785736
18,1,7,0.3920808434486389,0.4148627519607544,-0.0574904084205627
18,1,8,0.408469021320343,0.4229347705841064,-0.0632435232400894
18,1,9,0.2900616824626922,0.4308611154556274,-0.0358829870820045
18,1,10,0.35725799202919,0.4283519685268402,-0.0528251118957996
18,1,11,0.3917385041713714,0.4340100288391113,-0.0572647638618946
18,1,12,0.4145142138004303,0.4402865767478943,-0.0601725541055202
18,1,13,0.2896262109279632,0.4586396217346191,-0.0442026630043983
18,1,14,0.3533881306648254,0.45532888174057,-0.0589121989905834
18,1,15,0.3880637288093567,0.4563246369361877,-0.0603257194161415
18,1,16,0.4127064943313598,0.4572569727897644,-0.0603197216987609
18,1,17,0.2942990958690643,0.4883232414722442,-0.0527783297002315
18,1,18,0.3455555737018585,0.483619749546051,-0.0612914264202117
18,1,19,0.3739824295043945,0.4805021584033966,-0.0608629956841468
18,1,20,0.3966477215290069,0.4774444103240967,-0.0599007830023765
18,1,21,0.5036122798919678,0.322425901889801,-0.885966956615448
18,1,22,0.4632071852684021,0.2802926898002624,-0.8332141637802124
18,1,23,0.4744132161140442,0.3652536273002624,-0.7329341769218445
18,1,24,0.326819509267807,0.4769747853279114,-0.1905585378408432
18,1,25,0.1205517053604126,0.7557662725448608,-0.6704971790313721
19,0,0,0.0,0.0,0.0
19,0,1,0.0,0.0,0.0
19,0,2,0.0,0.0,0.0
19,0,3,0.0,0.0,0.0
19,0,4,0.0,0.0,0.0
19,0,5,0.0,0.0,0.0
19,0,6,0.0,0.0,0.0
19,0,7,0.0,0.0,0.0
19,0,8,0.0,0.0,0.0
19,0,9,0.0,0.0,0.0
19,0,10,0.0,0.0,0.0
19,0,11,0.0,0.0,0.0
19,0,12,0.0,0.0,0.0
19,0,13,0.0,0.0,0.0
19,0,14,0.0,0.0,0.0
19,0,15,0.0,0.0,0.0
19,0,16,0.0,0.0,0.0
19,0,17,0.0,0.0,0.0
19,0,18,0.0,0.0,0.0
19,0,19,0.0,0.0,0.0
19,0,20,0.0,0.0,0.0
19,0,21,0.5095778703689575,0.331381618976593,-0.9808374047279358
19,0,22,0.5408147573471069,0.2877313494682312,-0.9346575736999512
19,0,23,0.5369616746902466,0.3721849918365478,-0.8134752511978149
19,0,24,0.6824920177459717,0.4692774415016174,-0.1857292801141739
19,0,25,0.9083651900291444,0.7122368812561035,-0.7015177011489868
19,1,0,0.0,0.0,0.0
19,1,1,0.0,0.0,0.0
19,1,2,0.0,0.0,0.0
19,1,3,0.0,0.0,0.0
19,1,4,0.0,0.0,0.0
19,1,5,0.0,0.0,0.0
19,1,6,0.0,0.0,0.0
19,1,7,0.0,0.0,0.0
19,1,8,0.0,0.0,0.0
19,1,9,0.0,0.0,0.0
19,1,10,0.0,0.0,0.0
19,1,11,0.0,0.0,0.0
19,1,12,0.0,0.0,0.0
19,1,13,0.0,0.0,0.0
19,1,14,0.0,0.0,0.0
19,1,15,0.0,0.0,0.0
19,1,16,0.0,0.0,0.0
19,1,17,0.0,0.0,0.0
19,1,18,0.0,0.0,0.0
19,1,19,0.0,0.0,0.0
19,1,20,0.0,0.0,0.0
19,1,21,0.5095778703689575,0.331381618976593,-0.9808374047279358
19,1,22,0.470519870519638,0.2885174751281738,-0.9418475031852722
19,1,23,0.4817867875099182,0.367887794971466,-0.8224672079086304
19,1,24,0.3219580352306366,0.4786761999130249,-0.2404406815767288
19,1,25,0.1291852295398712,0.7628239393234253,-0.6983756422996521
21,0,0,0.7023568153381348,0.5869285464286804,-3.901886600488069e-07
21,0,1,0.6772686243057251,0.550648033618927,0.0033691385760903
21,0,2,0.6402418613433838,0.5221652984619141,-0.0033403772395104
21,0,3,0.6024135947227478,0.5130029916763306,-0.0113131180405616
21,0,4,0.5797002911567688,0.519092321395874,-0.0202597379684448
21,0,5,0.644864559173584,0.4958036541938782,-0.0230163466185331
21,0,6,0.5751545429229736,0.4993457794189453,-0.0393363647162914
21,0,7,0.5652968883514404,0.5190213918685913,-0.0475720390677452
21,0,8,0.5679503679275513,0.5276174545288086,-0.0519285313785076
21,0,9,0.6516207456588745,0.5144047737121582,-0.0327780544757843
21,0,10,0.5795238614082336,0.5187366008758545,-0.0470787808299064
21,0,11,0.5671139359474182,0.5357993245124817,-0.0511070005595684
21,0,12,0.5693143606185913,0.5456468462944031,-0.0543093271553516
21,0,13,0.655911386013031,0.5420766472816467,-0.0415506809949874
21,0,14,0.5874077081680298,0.5451925992965698,-0.0543689765036106
21,0,15,0.5721176862716675,0.5596294403076172,-0.0539598613977432
21,0,16,0.5697262287139893,0.5684521794319153,-0.0535568445920944
21,0,17,0.6552372574806213,0.5749548077583313,-0.0492362938821315
21,0,18,0.6054520010948181,0.5796258449554443,-0.0611158609390258
21,0,19,0.5825064778327942,0.5849757194519043,-0.0629322007298469
21,0,20,0.5659128427505493,0.5859707593917847,-0.0637013986706733
21,0,21,0.5036876797676086,0.3283323645591736,-1.0541223287582395
21,0,22,0.5397115349769592,0.2828873991966247,-1.0046807527542114
21,0,23,0.5300180315971375,0.364148199558258,-0.8840428590774536
21,0,24,0.6825093626976013,0.4784239530563354,-0.2581342160701751
21,0,25,0.9075026512145996,0.7133278250694275,-0.7789508104324341
21,1,0,0.2793472409248352,0.6082347631454468,2.335691107191451e-07
21,1,1,0.3145858347415924,0.5790095925331116,-0.0026790562551468
21,1,2,0.3470562100410461,0.5528553128242493,-0.0131792658939957
21,1,3,0.3764503598213196,0.5411027669906616,-0.0257524829357862
21,1,4,0.3959322273731231,0.5419126152992249,-0.0369842126965522
21,1,5,0.3169704377651214,0.5035532116889954,-0.0192810278385877
21,1,6,0.367279589176178,0.5084443092346191,-0.0396469831466674
21,1,7,0.3924777805805206,0.5279674530029297,-0.0527890399098396
21,1,8,0.4032213389873504,0.5437663197517395,-0.0601101480424404
21,1,9,0.301720380783081,0.5169534683227539,-0.0274988021701574
21,1,10,0.3541994094848633,0.5240894556045532,-0.0461904406547546
21,1,11,0.3823596239089966,0.5412365198135376,-0.0520678237080574
21,1,12,0.3989654183387756,0.55641108751297,-0.055632971227169
21,1,13,0.2944201827049255,0.5379695892333984,-0.0364560112357139
21,1,14,0.3471695482730865,0.5470713376998901,-0.0533763393759727
21,1,15,0.374375969171524,0.5588288307189941,-0.0531513169407844
21,1,16,0.3917432427406311,0.5689762830734253,-0.0513681173324584
21,1,17,0.2926673889160156,0.5629042983055115,-0.0459028854966163
21,1,18,0.3391924202442169,0.5698025226593018,-0.0566195808351039
21,1,19,0.3679027259349823,0.5745737552642822,-0.0563263334333896
21,1,20,0.3899284303188324,0.5782873034477234,-0.0548874251544475
21,1,21,0.5036876797676086,0.3283323645591736,-1.0541223287582395
21,1,22,0.4658092856407165,0.2830194234848022,-1.0078901052474976
21,1,23,0.4738496541976928,0.3642969727516174,-0.8877967596054077
21,1,24,0.3215287625789642,0.485051691532135,-0.2524575293064117
21,1,25,0.1441254615783691,0.7795130610466003,-0.6959443092346191
23,0,0,0.7171567678451538,0.6338976621627808,-1.3404520871063141e-07
23,0,1,0.6909595131874084,0.6033192873001099,0.0012357939267531
23,0,2,0.6532142758369446,0.5793893337249756,-0.0053369002416729
23,0,3,0.6192723512649536,0.575219988822937,-0.0122484564781188
23,0,4,0.5975382328033447,0.584506630897522,-0.0210217107087373
23,0,5,0.644943356513977,0.5700975060462952,-0.0242588222026824
23,0,6,0.5846479535102844,0.5834825038909912,-0.0381693840026855
23,0,7,0.5638362765312195,0.5929995179176331,-0.0454948060214519
23,0,8,0.551699161529541,0.5956569314002991,-0.0499827824532985
23,0,9,0.6513298749923706,0.5932925343513489,-0.0335483253002166
23,0,10,0.5873982906341553,0.6056561470031738,-0.0457418896257877
23,0,11,0.5607419610023499,0.6116697788238525,-0.0504459477961063
23,0,12,0.544689953327179,0.6122987270355225,-0.0548667088150978
23,0,13,0.6579402685165405,0.6228370666503906,-0.0419774875044822
23,0,14,0.5954055190086365,0.6331909894943237,-0.0538558512926101
23,0,15,0.5664836168289185,0.6387425661087036,-0.0557274594902992
23,0,16,0.5481420755386353,0.6378635168075562,-0.0573560819029808
23,0,17,0.6612094640731812,0.6572174429893494,-0.0494596250355243
23,0,18,0.6121988296508789,0.6641067266464233,-0.0614004731178283
23,0,19,0.5862939357757568,0.6646225452423096,-0.0632268115878105
23,0,20,0.5652323365211487,0.6614500284194946,-0.0641563981771469
23,0,21,0.5141828656196594,0.3200059533119201,-1.2728230953216553
23,0,22,0.5517489314079285,0.2738974094390869,-1.2213892936706543
23,0,23,0.5394047498703003,0.3617978692054748,-1.0949552059173584
23,0,24,0.6958259344100952,0.4822483658790588,-0.4193128943443298
23,0,25,0.9023419618606568,0.727157711982727,-0.8547929525375366
23,1,0,0.0,0.0,0.0
23,1,1,0.0,0.0,0.0
23,1,2,0.0,0.0,0.0
23,1,3,0.0,0.0,0.0
23,1,4,0.0,0.0,0.0
23,1,5,0.0,0.0,0.0
23,1,6,0.0,0.0,0.0
23,1,7,0.0,0.0,0.0
23,1,8,0.0,0.0,0.0
23,1,9,0.0,0.0,0.0
23,1,10,0.0,0.0,0.0
23,1,11,0.0,0.0,0.0
23,1,12,0.0,0.0,0.0
23,1,13,0.0,0.0,0.0
23,1,14,0.0,0.0,0.0
23,1,15,0.0,0.0,0.0
23,1,16,0.0,0.0,0.0
23,1,17,0.0,0.0,0.0
23,1,18,0.0,0.0,0.0
23,1,19,0.0,0.0,0.0
23,1,20,0.0,0.0,0.0
23,1,21,0.5141828656196594,0.3200059533119201,-1.2728230953216553
23,1,22,0.47113037109375,0.2744218111038208,-1.2285864353179932
23,1,23,0.4820266366004944,0.365626573562622,-1.1033016443252563
23,1,24,0.3183526992797851,0.488499641418457,-0.4476084113121032
23,1,25,0.1767020225524902,0.7947391867637634,-0.8218040466308594
24,0,0,0.2597370147705078,0.7373108863830566,-1.466709136366262e-07
24,0,1,0.3139219880104065,0.7220859527587891,-0.0149002093821764
24,0,2,0.3563584685325622,0.6975588202476501,-0.0311072338372468
24,0,3,0.3893619775772095,0.6839614510536194,-0.0476931072771549
24,0,4,0.4157415628433227,0.6749311685562134,-0.0629922524094581
24,0,5,0.3276670575141907,0.6170101761817932,-0.0273242425173521
24,0,6,0.3940795063972473,0.6300622224807739,-0.0573667995631694
24,0,7,0.4189147353172302,0.6638433933258057,-0.0768765658140182
24,0,8,0.4298927187919616,0.6863056421279907,-0.0876376181840896
24,0,9,0.3060256242752075,0.6245810389518738,-0.033451247960329
24,0,10,0.3835648000240326,0.6542150378227234,-0.063640683889389
24,0,11,0.3974409401416778,0.70045006275177,-0.0721790865063667
24,0,12,0.3944947123527527,0.7263774275779724,-0.0737955197691917
24,0,13,0.2873174250125885,0.6446486711502075,-0.0418918989598751
24,0,14,0.358218252658844,0.6778081059455872,-0.068661518394947
24,0,15,0.3660427033901214,0.7149339318275452,-0.0652194321155548
24,0,16,0.358738899230957,0.7330248355865479,-0.0575041510164737
24,0,17,0.2730062007904053,0.6708766222000122,-0.0518834143877029
24,0,18,0.32713782787323,0.696961522102356,-0.0663404613733291
24,0,19,0.3354873359203338,0.7216971516609192,-0.0608378127217292
24,0,20,0.3307406306266784,0.7330095767974854,-0.053432460874319
24,0,21,0.5050386190414429,0.3322798013687134,-1.201494574546814
24,0,22,0.5410147905349731,0.2888737916946411,-1.1622471809387207
24,0,23,0.5312204360961914,0.366581380367279,-1.0327523946762085
24,0,24,0.6915614604949951,0.4807125926017761,-0.3926643133163452
24,0,25,0.8931675553321838,0.7283213138580322,-0.7015208601951599
24,1,0,0.0,0.0,0.0
24,1,1,0.0,0.0,0.0
24,1,2,0.0,0.0,0.0
24,1,3,0.0,0.0,0.0
24,1,4,0.0,0.0,0.0
24,1,5,0.0,0.0,0.0
24,1,6,0.0,0.0,0.0
24,1,7,0.0,0.0,0.0
24,1,8,0.0,0.0,0.0
24,1,9,0.0,0.0,0.0
24,1,10,0.0,0.0,0.0
24,1,11,0.0,0.0,0.0
24,1,12,0.0,0.0,0.0
24,1,13,0.0,0.0,0.0
24,1,14,0.0,0.0,0.0
24,1,15,0.0,0.0,0.0
24,1,16,0.0,0.0,0.0
24,1,17,0.0,0.0,0.0
24,1,18,0.0,0.0,0.0
24,1,19,0.0,0.0,0.0
24,1,20,0.0,0.0,0.0
24,1,21,0.5050386190414429,0.3322798013687134,-1.201494574546814
24,1,22,0.4661135077476501,0.2897219061851501,-1.1653982400894165
24,1,23,0.474543809890747,0.3688098788261413,-1.0359573364257812
24,1,24,0.3228119015693664,0.4937154054641723,-0.3811202049255371
24,1,25,0.1909111440181732,0.7867306470870972,-0.6762868762016296
25,0,0,0.7171980738639832,0.7068836688995361,7.037502314233279e-08
25,0,1,0.6947509050369263,0.664980947971344,-0.0017910861643031
25,0,2,0.666063666343689,0.6340516805648804,-0.0066700810566544
25,0,3,0.642890453338623,0.6193073987960815,-0.0125392097979784
25,0,4,0.6278661489486694,0.6149995923042297,-0.0184268597513437
25,0,5,0.6199474930763245,0.665058970451355,-0.0059998119249939
25,0,6,0.5728763937950134,0.6683511734008789,-0.0151827577501535
25,0,7,0.5579855442047119,0.668404757976532,-0.0223627816885709
25,0,8,0.5551380515098572,0.6676417589187622,-0.026038184762001
25,0,9,0.6207329630851746,0.6943821310997009,-0.0103550236672163
25,0,10,0.5716343522071838,0.6986133456230164,-0.0160123538225889
25,0,11,0.5543938279151917,0.6965007781982422,-0.0214440412819385
25,0,12,0.5501357913017273,0.6947694420814514,-0.0256061926484107
25,0,13,0.6265058517456055,0.7219321131706238,-0.0148305706679821
25,0,14,0.579893171787262,0.7256243228912354,-0.0183311030268669
25,0,15,0.5628435015678406,0.7227303981781006,-0.0190395526587963
25,0,16,0.5565773248672485,0.7198874354362488,-0.0199871454387903
25,0,17,0.6360977292060852,0.7462906837463379,-0.0194627288728952
25,0,18,0.6007864475250244,0.7490899562835693,-0.0211678892374038
25,0,19,0.5854745507240295,0.7471499443054199,-0.0185093432664871
25,0,20,0.5769889950752258,0.7450348138809204,-0.0161572452634573
25,0,21,0.5078927278518677,0.3273739218711853,-1.3182543516159058
25,0,22,0.5446110963821411,0.2830015420913696,-1.2754746675491333
25,0,23,0.5349278450012207,0.3640351891517639,-1.1400099992752075
25,0,24,0.6906291246414185,0.4826751947402954,-0.4653922319412231
25,0,25,0.8868495225906372,0.7256045341491699,-0.7321551442146301
25,1,0,0.0,0.0,0.0
25,1,1,0.0,0.0,0.0
25,1,2,0.0,0.0,0.0
25,1,3,0.0,0.0,0.0
25,1,4,0.0,0.0,0.0
25,1,5,0.0,0.0,0.0
25,1,6,0.0,0.0,0.0
25,1,7,0.0,0.0,0.0
25,1,8,0.0,0.0,0.0
25,1,9,0.0,0.0,0.0
25,1,10,0.0,0.0,0.0
25,1,11,0.0,0.0,0.0
25,1,12,0.0,0.0,0.0
25,1,13,0.0,0.0,0.0
25,1,14,0.0,0.0,0.0
25,1,15,0.0,0.0,0.0
25,1,16,0.0,0.0,0.0
25,1,17,0.0,0.0,0.0
25,1,18,0.0,0.0,0.0
25,1,19,0.0,0.0,0.0
25,1,20,0.0,0.0,0.0
25,1,21,0.5078927278518677,0.3273739218711853,-1.3182543516159058
25,1,22,0.4666163623332977,0.2879419922828674,-1.279446721076965
25,1,23,0.4770938158035278,0.3680128455162048,-1.144383192062378
25,1,24,0.3186312615871429,0.4897925853729248,-0.440248966217041
25,1,25,0.1944139897823333,0.7768715620040894,-0.7001924514770508
29,0,0,0.7217137813568115,0.8011000156402588,1.199964287934563e-07
29,0,1,0.6966284513473511,0.7662746906280518,-0.0093295853585004
29,0,2,0.6657668352127075,0.7398939728736877,-0.0200802981853485
29,0,3,0.6401655077934265,0.7426403760910034,-0.0282579250633716
29,0,4,0.6317378282546997,0.7619752883911133,-0.0373579896986484
29,0,5,0.6667818427085876,0.7756530046463013,-0.0405927076935768
29,0,6,0.6156138777732849,0.7908480167388916,-0.0552291870117187
29,0,7,0.5868944525718689,0.7999467253684998,-0.061414286494255
29,0,8,0.5633706450462341,0.8075443506240845,-0.0645735934376716
29,0,9,0.6738216876983643,0.8093993663787842,-0.0429397076368331
29,0,10,0.6122682690620422,0.8235794305801392,-0.0555808953940868
29,0,11,0.5773016214370728,0.8302608132362366,-0.0597018040716648
29,0,12,0.5511306524276733,0.8343241810798645,-0.0636762753129005
29,0,13,0.6756348013877869,0.837939977645874,-0.0439244098961353
29,0,14,0.6172759532928467,0.8491306304931641,-0.0530093014240264
29,0,15,0.5828858017921448,0.8542209267616272,-0.0560395531356334
29,0,16,0.5574212670326233,0.8563546538352966,-0.0590031184256076
29,0,17,0.6752464175224304,0.8617163896560669,-0.0450585298240184
29,0,18,0.6281226873397827,0.8722933530807495,-0.0512318685650825
29,0,19,0.6011611819267273,0.8758214712142944,-0.0524832345545291
29,0,20,0.5793063640594482,0.8781529664993286,-0.0541791431605815
29,0,21,0.5009143352508545,0.323410153388977,-1.3322296142578125
29,0,22,0.5407200455665588,0.2792438864707947,-1.2828319072723389
29,0,23,0.5323691368103027,0.3657779097557068,-1.1584008932113647
29,0,24,0.6964967846870422,0.4940155148506164,-0.4791901111602783
29,0,25,0.8681045770645142,0.7213704586029053,-0.6034991145133972
29,1,0,0.269724428653717,0.8370891809463501,-2.761029520570446e-07
29,1,1,0.2894738018512726,0.8047279119491577,-0.0223080888390541
29,1,2,0.3116395473480224,0.7870676517486572,-0.040835965424776
29,1,3,0.3327574133872986,0.7898967266082764,-0.0555632822215557
29,1,4,0.3462066352367401,0.8032950758934021,-0.0698059424757957
29,1,5,0.3007662296295166,0.8323534727096558,-0.0539745688438415
29,1,6,0.3590995669364929,0.8396967649459839,-0.0737791508436203
29,1,7,0.3896611332893371,0.838485062122345,-0.0822851732373237
29,1,8,0.4129746556282043,0.8379995226860046,-0.086642600595951
29,1,9,0.3026034832000732,0.8647403120994568,-0.0507137216627597
29,1,10,0.3684984445571899,0.8679487705230713,-0.0675889775156974
29,1,11,0.4046878516674042,0.8642914295196533,-0.0717121362686157
29,1,12,0.4293446242809295,0.8598454594612122,-0.0753920152783393
29,1,13,0.3085464239120483,0.888952910900116,-0.0475091002881526
29,1,14,0.3700677156448364,0.8921279311180115,-0.0616770200431346
29,1,15,0.4036750495433807,0.8872736692428589,-0.0636058673262596
29,1,16,0.4293044805526733,0.8809363842010498,-0.0646808743476867
29,1,17,0.3176327347755432,0.904730260372162,-0.0456147082149982
29,1,18,0.3647127449512481,0.9084470272064208,-0.0565023086965084
29,1,19,0.3916420042514801,0.90521502494812,-0.0579807013273239
29,1,20,0.4134497940540313,0.8984833359718323,-0.0585079975426197
29,1,21,0.5009143352508545,0.323410153388977,-1.3322296142578125
29,1,22,0.4615203440189361,0.2815699577331543,-1.286288142204285
29,1,23,0.4727742969989776,0.3694474697113037,-1.161921143531799
29,1,24,0.3231253921985626,0.4953823089599609,-0.4551298022270202
29,1,25,0.2240545451641082,0.750673234462738,-0.5053015351295471
31,0,0,0.7179046273231506,0.8142797946929932,2.792400550788443e-07
31,0,1,0.6941777467727661,0.7785824537277222,-0.0165858343243598
31,0,2,0.6661584973335266,0.756015419960022,-0.0311083067208528
31,0,3,0.6381881237030029,0.7575070858001709,-0.041781909763813
31,0,4,0.6261304020881653,0.7784987092018127,-0.0528458729386329
31,0,5,0.6665115356445312,0.7975472211837769,-0.0510603375732898
31,0,6,0.6161782145500183,0.8102193474769592,-0.0698537901043891
31,0,7,0.5862816572189331,0.8173763751983643,-0.0783616080880165
31,0,8,0.5614521503448486,0.8248259425163269,-0.0824384167790412
31,0,9,0.671829104423523,0.829590916633606,-0.0494522266089916
31,0,10,0.6110913157463074,0.843146562576294,-0.0650716423988342
31,0,11,0.5755640268325806,0.8484877347946167,-0.0700947865843772
31,0,12,0.5488918423652649,0.8523727059364319,-0.0739892497658729
31,0,13,0.6741585731506348,0.8572328090667725,-0.0466821491718292
31,0,14,0.6178126335144043,0.8682302236557007,-0.0571790784597396
31,0,15,0.5829463601112366,0.8728662729263306,-0.0608730167150497
31,0,16,0.5572198033332825,0.8756884336471558,-0.0639238283038139
31,0,17,0.6748327612876892,0.8784990906715393,-0.0446904748678207
31,0,18,0.6300725340843201,0.8882473707199097,-0.0516087785363197
31,0,19,0.6029298305511475,0.8917369246482849,-0.053589791059494
31,0,20,0.5825168490409851,0.8943098783493042,-0.0553797520697116
31,0,21,0.5051721930503845,0.3219876289367676,-1.324115514755249
31,0,22,0.5436336398124695,0.2795172333717346,-1.269616961479187
31,0,23,0.5353710651397705,0.3655073046684265,-1.144487380981445
31,0,24,0.6903696656227112,0.4920945167541504,-0.4281182587146759
31,0,25,0.8621910214424133,0.7248631715774536,-0.5081043243408203
31,1,0,0.2756009101867676,0.8397045135498047,-1.4890495947383897e-07
31,1,1,0.2932236194610595,0.8096855878829956,-0.0242953468114137
31,1,2,0.313227117061615,0.7929897308349609,-0.0440867878496646
31,1,3,0.3333093523979187,0.7952625751495361,-0.0593790858983993
31,1,4,0.3493673205375671,0.8059016466140747,-0.0741105005145073
31,1,5,0.3046697676181793,0.8379168510437012,-0.0593527667224407
31,1,6,0.3612730205059051,0.8445836305618286,-0.0798042342066764
31,1,7,0.392306238412857,0.8454252481460571,-0.0874675959348678
31,1,8,0.4172943234443664,0.847143292427063,-0.0911227092146873
31,1,9,0.3061055541038513,0.8695430159568787,-0.055284097790718
31,1,10,0.3734916150569916,0.8718161582946777,-0.0753887817263603
31,1,11,0.4097509384155273,0.869308352470398,-0.0796462595462799
31,1,12,0.4354922771453857,0.8670684099197388,-0.0821335464715957
31,1,13,0.3116909861564636,0.8937767148017883,-0.0509600415825843
31,1,14,0.3761502206325531,0.8952938318252563,-0.0683149546384811
31,1,15,0.4102770686149597,0.8906121850013733,-0.0696934312582016
31,1,16,0.4363427460193634,0.885103702545166,-0.068920187652111
31,1,17,0.3201800584793091,0.9093878865242004,-0.0478885360062122
31,1,18,0.3690585196018219,0.9125940203666688,-0.0602105632424354
31,1,19,0.3964325785636902,0.9102210402488708,-0.0612498074769973
31,1,20,0.4180938899517059,0.905086636543274,-0.0606786608695983
31,1,21,0.5051721930503845,0.3219876289367676,-1.324115514755249
31,1,22,0.4651234745979309,0.2810796499252319,-1.279370903968811
31,1,23,0.4760762155056,0.3695867657661438,-1.1563587188720703
31,1,24,0.3217840194702148,0.4969532489776611,-0.4634330868721008
31,1,25,0.2201753556728363,0.7531728148460388,-0.4644214212894439
32,0,0,0.718858003616333,0.8185064196586609,2.850557905276219e-07
32,0,1,0.6933101415634155,0.782882809638977,-0.0151424249634146
32,0,2,0.6631820797920227,0.7623021006584167,-0.0292542986571788
32,0,3,0.6372660994529724,0.7674986124038696,-0.039446372538805
32,0,4,0.6270948648452759,0.7875543832778931,-0.0500168837606906
32,0,5,0.669134259223938,0.8010143041610718,-0.0523910410702228
32,0,6,0.6196790337562561,0.8155394792556763,-0.0709015503525734
32,0,7,0.5897797346115112,0.8227443695068359,-0.0782782435417175
32,0,8,0.5651661157608032,0.8291975855827332,-0.0815019011497497
32,0,9,0.6752928495407104,0.8336129784584045,-0.0511776022613048
32,0,10,0.6130565404891968,0.8477780222892761,-0.0673770532011985
32,0,11,0.5763369202613831,0.8533152341842651,-0.0718596801161766
32,0,12,0.5491646528244019,0.8566171526908875,-0.0750803127884864
32,0,13,0.6772025227546692,0.8613117337226868,-0.0484748035669326
32,0,14,0.619427502155304,0.8729891180992126,-0.0594030395150184
32,0,15,0.5834798812866211,0.8776862621307373,-0.0634086951613426
32,0,16,0.5568225383758545,0.880013644695282,-0.0664695799350738
32,0,17,0.6774430274963379,0.8823611736297607,-0.0462330915033817
32,0,18,0.6322704553604126,0.8927798867225647,-0.053210474550724
32,0,19,0.6043902635574341,0.8964787721633911,-0.0556634292006492
32,0,20,0.5828892588615417,0.8989920616149902,-0.0578449666500091
32,0,21,0.507311999797821,0.3214113712310791,-1.365648865699768
32,0,22,0.5456053614616394,0.2795695066452026,-1.312658429145813
32,0,23,0.5364215970039368,0.3641576766967773,-1.184603929519653
32,0,24,0.6909990310668945,0.4903564453125,-0.4678294658660888
32,0,25,0.8586820960044861,0.7223775386810303,-0.5371062159538269
32,1,0,0.2770738005638122,0.8375964164733887,-1.5329318614476509e-07
32,1,1,0.2949469983577728,0.8074787855148315,-0.0249971635639667
32,1,2,0.3159618675708771,0.7905612587928772,-0.0451841950416564
32,1,3,0.3358415067195892,0.7922409176826477,-0.0606543906033039
32,1,4,0.3512611389160156,0.8011516332626343,-0.0756702199578285
32,1,5,0.304899513721466,0.8334986567497253,-0.0622233934700489
32,1,6,0.3625194728374481,0.8412216901779175,-0.0832302644848823
32,1,7,0.3941055834293365,0.8417794108390808,-0.0912256389856338
32,1,8,0.419389545917511,0.8425964117050171,-0.0950983092188835
32,1,9,0.3062236905097961,0.865699291229248,-0.0577683262526989
32,1,10,0.3741741478443146,0.8687475919723511,-0.0780657827854156
32,1,11,0.4112257361412048,0.8658450841903687,-0.0823796018958091
32,1,12,0.4375230073928833,0.8625756502151489,-0.0851504877209663
32,1,13,0.3123912811279297,0.8907067179679871,-0.0530040822923183
32,1,14,0.376780092716217,0.8927282094955444,-0.0699682459235191
32,1,15,0.4115013778209686,0.888020396232605,-0.0712916702032089
32,1,16,0.4379527568817138,0.8816104531288147,-0.0707779973745346
32,1,17,0.3219343423843384,0.9070189595222472,-0.049573864787817
32,1,18,0.370397001504898,0.9105495810508728,-0.0616674795746803
32,1,19,0.3980387449264526,0.9080020189285278,-0.0627706125378608
32,1,20,0.4195552468299866,0.901711106300354,-0.0624093376100063
32,1,21,0.507311999797821,0.3214113712310791,-1.365648865699768
32,1,22,0.4668475091457367,0.2806153297424316,-1.319500207901001
32,1,23,0.478545069694519,0.3670617938041687,-1.1926531791687012
32,1,24,0.3226191401481628,0.4946784377098083,-0.4730591177940368
32,1,25,0.2216848731040954,0.7490822076797485,-0.4673806428909302
35,0,0,0.7201614379882812,0.8188790082931519,2.9069693141536845e-07
35,0,1,0.6925531029701233,0.7830750942230225,-0.0146178556606173
35,0,2,0.6631959676742554,0.7626791000366211,-0.0289666168391704
35,0,3,0.6363768577575684,0.7674530744552612,-0.0394854173064231
35,0,4,0.6250202059745789,0.7882283926010132,-0.0501942187547683
35,0,5,0.6688398122787476,0.8011260032653809,-0.0523821264505386
35,0,6,0.6166915893554688,0.8175913691520691,-0.0705148577690124
35,0,7,0.5865354537963867,0.8248844742774963,-0.0772393196821212
35,0,8,0.5624578595161438,0.8310785889625549,-0.0797546952962875
35,0,9,0.6756469011306763,0.8341494202613831,-0.0509393624961376
35,0,10,0.6115154027938843,0.8501680493354797,-0.0659526735544204
35,0,11,0.5752400755882263,0.8552500009536743,-0.0691550374031066
35,0,12,0.5493291020393372,0.8575733304023743,-0.0714852586388588
35,0,13,0.678193211555481,0.8620551824569702,-0.0480061769485473
35,0,14,0.617780864238739,0.8750685453414917,-0.0578445978462696
35,0,15,0.5819267630577087,0.8794284462928772,-0.0610862299799919
35,0,16,0.556166410446167,0.8809455633163452,-0.0637703314423561
35,0,17,0.6780567765235901,0.8825580477714539,-0.0455189533531665
35,0,18,0.6312596797943115,0.894045352935791,-0.0519971810281276
35,0,19,0.6032312512397766,0.8976142406463623,-0.0540474131703376
35,0,20,0.5823072791099548,0.8995063304901123,-0.0558607317507267
35,0,21,0.5007838606834412,0.3221693038940429,-1.4307830333709717
35,0,22,0.541360080242157,0.2807668447494507,-1.378184199333191
35,0,23,0.5326054692268372,0.3654729127883911,-1.2531818151474
35,0,24,0.6924920082092285,0.4944538474082947,-0.540528416633606
35,0,25,0.8492074012756348,0.7235244512557983,-0.6479364633560181
35,1,0,0.2791272401809692,0.838222324848175,-1.1780789321846901e-07
35,1,1,0.2963101267814636,0.8061851859092712,-0.0224419012665748
35,1,2,0.3174207210540771,0.7882201671600342,-0.0399684533476829
35,1,3,0.3359521925449371,0.7888790965080261,-0.0533559322357177
35,1,4,0.3500100374221802,0.7971637845039368,-0.0659714788198471
35,1,5,0.3088878393173218,0.8287457823753357,-0.0551643408834934
35,1,6,0.3637539446353912,0.8350303173065186,-0.0744343549013137
35,1,7,0.3964031636714935,0.8349698781967163,-0.0810765475034713
35,1,8,0.4219208061695099,0.8347152471542358,-0.0838292688131332
35,1,9,0.3091797232627868,0.8607583045959473,-0.0517733730375766
35,1,10,0.3742197751998901,0.8641080260276794,-0.0712280124425888
35,1,11,0.4115345776081085,0.8607230186462402,-0.0749028474092483
35,1,12,0.4377880692481994,0.8571698069572449,-0.0766217708587646
35,1,13,0.314297080039978,0.8852599859237671,-0.0482291691005229
35,1,14,0.3756629824638366,0.8877505660057068,-0.0647391602396965
35,1,15,0.4100351631641388,0.8837118744850159,-0.0660730525851249
35,1,16,0.4365081787109375,0.8786038160324097,-0.0649824663996696
35,1,17,0.3228634893894195,0.900435745716095,-0.0458370633423328
35,1,18,0.3702300488948822,0.9049831032752992,-0.0572533346712589
35,1,19,0.3980317115783691,0.9037308692932128,-0.0577332749962806
35,1,20,0.4200163185596466,0.8991827964782715,-0.0567149817943573
35,1,21,0.5007838606834412,0.3221693038940429,-1.4307830333709717
35,1,22,0.4618057608604431,0.2815003395080566,-1.3846640586853027
35,1,23,0.4731549024581909,0.3677026629447937,-1.260656476020813
35,1,24,0.3214699029922485,0.4968645572662353,-0.5538495182991028
35,1,25,0.2270216345787048,0.7590970396995544,-0.5810378789901733
37,0,0,0.716248631477356,0.8198499083518982,2.90778586986562e-07
37,0,1,0.6912847757339478,0.7838565707206726,-0.0162797048687934
37,0,2,0.6632765531539917,0.7619855999946594,-0.0309221446514129
37,0,3,0.6374325752258301,0.7648954391479492,-0.0415467210114002
37,0,4,0.6265398263931274,0.7860109806060791,-0.0519572421908378
37,0,5,0.6673097014427185,0.8033466935157776,-0.0508656091988086
37,0,6,0.6160494685173035,0.8172129988670349,-0.0691189095377922
37,0,7,0.5865366458892822,0.8224021196365356,-0.0766548290848732
37,0,8,0.5624597072601318,0.82715904712677,-0.0796959102153778
37,0,9,0.6728902459144592,0.8356190323829651,-0.0484752655029296
37,0,10,0.6100211143493652,0.8493310213088989,-0.062527023255825
37,0,11,0.5739428997039795,0.8534165620803833,-0.0660226866602897
37,0,12,0.5478958487510681,0.8555606603622437,-0.0690398067235946
37,0,13,0.6742863655090332,0.8627393245697021,-0.0450108237564563
37,0,14,0.6154176592826843,0.8732425570487976,-0.0539727918803691
37,0,15,0.5801937580108643,0.8768880367279053,-0.0573422573506832
37,0,16,0.5545768141746521,0.878526508808136,-0.0604795031249523
37,0,17,0.6729794144630432,0.8829218149185181,-0.0422912053763866
37,0,18,0.6274900436401367,0.8935428261756897,-0.0479493997991085
37,0,19,0.6006579399108887,0.8964853882789612,-0.0497336536645889
37,0,20,0.5807844996452332,0.8974592685699463,-0.0516483075916767
37,0,21,0.5055844187736511,0.3219645619392395,-1.3475710153579712
37,0,22,0.5454907417297363,0.281637966632843,-1.2949100732803345
37,0,23,0.5361177921295166,0.3654613494873047,-1.1720695495605469
37,0,24,0.6941547989845276,0.4951184391975403,-0.471174031496048
37,0,25,0.8544451594352722,0.7287694215774536,-0.547577977180481
37,1,0,0.279116153717041,0.8355037569999695,-5.120558199678271e-08
37,1,1,0.2985870242118835,0.8042426705360413,-0.019885329529643
37,1,2,0.3218400478363037,0.7874152064323425,-0.0356844291090965
37,1,3,0.342955082654953,0.7862119078636169,-0.0477502942085266
37,1,4,0.3594633638858795,0.7912140488624573,-0.0593053922057151
37,1,5,0.3131727278232574,0.8273226022720337,-0.0527226775884628
37,1,6,0.372146874666214,0.8328868746757507,-0.070820927619934
37,1,7,0.4032240211963653,0.8336614370346069,-0.0765170603990554
37,1,8,0.4272371232509613,0.8340545296669006,-0.0783423408865928
37,1,9,0.3144354224205017,0.8590590357780457,-0.0502082109451293
37,1,10,0.3825460076332092,0.8609015941619873,-0.0684221163392067
37,1,11,0.4190657436847687,0.8582023978233337,-0.0715697258710861
37,1,12,0.445330798625946,0.8556362986564636,-0.0727024003863334
37,1,13,0.3197560310363769,0.8834025263786316,-0.0473137199878692
37,1,14,0.3834724426269531,0.8839837908744812,-0.0624826550483703
37,1,15,0.4172488451004028,0.8802968859672546,-0.0633729323744773
37,1,16,0.4435156285762787,0.875480055809021,-0.0620830245316028
37,1,17,0.3274289965629577,0.8982805013656616,-0.0453787446022033
37,1,18,0.3749846816062927,0.9017466902732848,-0.055941604077816
37,1,19,0.4025479257106781,0.900775671005249,-0.0561693608760833
37,1,20,0.4246154129505157,0.8966197371482849,-0.0549659729003906
37,1,21,0.5055844187736511,0.3219645619392395,-1.3475710153579712
37,1,22,0.4646831154823303,0.2818727493286133,-1.30322003364563
37,1,23,0.4757232666015625,0.3687806725502014,-1.1819965839385986
37,1,24,0.3201400637626648,0.5005267858505249,-0.4991980791091919
37,1,25,0.2228094637393951,0.7645856142044067,-0.5158460140228271
39,0,0,0.7154176235198975,0.8174898028373718,2.919892665431689e-07
39,0,1,0.6891323328018188,0.7821106910705566,-0.0157328508794307
39,0,2,0.658147931098938,0.7618062496185303,-0.0296553932130336
39,0,3,0.6322215795516968,0.7685620188713074,-0.0395691581070423
39,0,4,0.6227794289588928,0.789044976234436,-0.0498578995466232
39,0,5,0.6654980182647705,0.7986661195755005,-0.0526236444711685
39,0,6,0.6165299415588379,0.8126347064971924,-0.0716783106327056
39,0,7,0.5860692858695984,0.8193039894104004,-0.0797952488064765
39,0,8,0.5603211522102356,0.8256339430809021,-0.0834702029824256
39,0,9,0.6721673011779785,0.831474244594574,-0.0511448271572589
39,0,10,0.6103115081787109,0.8453073501586914,-0.0671995878219604
39,0,11,0.5733515024185181,0.8502638339996338,-0.072051428258419
39,0,12,0.5457407236099243,0.853083074092865,-0.0757134556770324
39,0,13,0.6736383438110352,0.8594775795936584,-0.0482472218573093
39,0,14,0.6164731383323669,0.8703523874282837,-0.058885671198368
39,0,15,0.580362856388092,0.8742650747299194,-0.0630514770746231
39,0,16,0.5535956621170044,0.8758190870285034,-0.0663265362381935
39,0,17,0.6725890040397644,0.8812631368637085,-0.0459514744579792
39,0,18,0.626828670501709,0.8909775614738464,-0.0525471754372119
39,0,19,0.5989320278167725,0.8934335112571716,-0.0548883751034736
39,0,20,0.5772143602371216,0.8947935104370117,-0.0570814833045005
39,0,21,0.5045438408851624,0.3233503699302673,-1.391070008277893
39,0,22,0.5438976883888245,0.2836973667144775,-1.3369735479354858
39,0,23,0.5348215699195862,0.3658885955810547,-1.2174901962280271
39,0,24,0.6941630840301514,0.4971457123756408,-0.5388599634170532
39,0,25,0.8575940132141113,0.7285191416740417,-0.6717923879623413
39,1,0,0.2858586311340332,0.8360081315040588,-4.3296971341533215e-08
39,1,1,0.303426593542099,0.8033239841461182,-0.020667852833867
39,1,2,0.3249679803848266,0.785197377204895,-0.0370042249560356
39,1,3,0.3448018729686737,0.7855721712112427,-0.0491889528930187
39,1,4,0.3590119481086731,0.7935236692428589,-0.0608100481331348
39,1,5,0.315975159406662,0.8229527473449707,-0.0534123741090297
39,1,6,0.3735969066619873,0.8286352753639221,-0.0719406753778457
39,1,7,0.4048182666301727,0.8290719389915466,-0.0783784538507461
39,1,8,0.4287284016609192,0.8294663429260254,-0.0806792005896568
39,1,9,0.3173233270645141,0.8557760715484619,-0.0501947924494743
39,1,10,0.3843470513820648,0.8578581809997559,-0.0677322298288345
39,1,11,0.4207983911037445,0.8544109463691711,-0.070811316370964
39,1,12,0.4464815258979797,0.8507892489433289,-0.0720642209053039
39,1,13,0.3232810795307159,0.8807924389839172,-0.0466731786727905
39,1,14,0.3859087824821472,0.8803356289863586,-0.0610534995794296
39,1,15,0.4197939932346344,0.8754706978797913,-0.0620789006352424
39,1,16,0.4456597864627838,0.8696961402893066,-0.0610567666590213
39,1,17,0.3323610424995422,0.8959483504295349,-0.0441098064184188
39,1,18,0.3803653419017792,0.8972080945968628,-0.053986482322216
39,1,19,0.4077233076095581,0.8949205875396729,-0.053994134068489
39,1,20,0.4297167062759399,0.8902411460876465,-0.0527574345469474
39,1,21,0.5045438408851624,0.3233503699302673,-1.391070008277893
39,1,22,0.4661408066749573,0.2833218574523926,-1.3398357629776
39,1,23,0.4756892323493957,0.3675640821456909,-1.220144748687744
39,1,24,0.3214649558067322,0.503091037273407,-0.4987367689609527
39,1,25,0.2220975458621978,0.7621920108795166,-0.5718215107917786
42,0,0,0.7128812670707703,0.8153428435325623,2.5627446120779496e-07
42,0,1,0.6880810260772705,0.7812224626541138,-0.0128489332273602
42,0,2,0.6595976948738098,0.7585363388061523,-0.0256364345550537
42,0,3,0.6319853663444519,0.7587462663650513,-0.0353324748575687
42,0,4,0.6182249188423157,0.7789794206619263,-0.0455020107328891
42,0,5,0.6586097478866577,0.7978850603103638,-0.0456305220723152
42,0,6,0.6074507236480713,0.8118326663970947,-0.0627618059515953
42,0,7,0.5777686238288879,0.8181024789810181,-0.0701653882861137
42,0,8,0.5535085201263428,0.8241716027259827,-0.0734559968113899
42,0,9,0.6649671196937561,0.8292636275291443,-0.0454555973410606
42,0,10,0.6037759780883789,0.8429042100906372,-0.06021698564291
42,0,11,0.5681411027908325,0.8476324677467346,-0.064884066581726
42,0,12,0.5416968464851379,0.8511722683906555,-0.0683942809700965
42,0,13,0.6678012013435364,0.8566042184829712,-0.0439658313989639
42,0,14,0.612023651599884,0.8675874471664429,-0.0536683835089206
42,0,15,0.5769885182380676,0.8727371096611023,-0.0566036887466907
42,0,16,0.5505439043045044,0.8758876323699951,-0.059053398668766
42,0,17,0.6687764525413513,0.8788231611251831,-0.042946059256792
42,0,18,0.6238030791282654,0.8874642848968506,-0.0492159239947795
42,0,19,0.5967352986335754,0.8900658488273621,-0.0504742786288261
42,0,20,0.5756959915161133,0.8917392492294312,-0.0516346767544746
42,0,21,0.5044889450073242,0.3182743787765503,-1.282362461090088
42,0,22,0.5441581606864929,0.2792869210243225,-1.2285317182540894
42,0,23,0.5345771312713623,0.3617087602615356,-1.1106518507003784
42,0,24,0.692986249923706,0.4961425065994262,-0.4399683773517608
42,0,25,0.8491350412368774,0.7302594780921936,-0.5429990887641907
42,1,0,0.2849879562854767,0.8327671885490417,-8.139070217794142e-08
42,1,1,0.3014147877693176,0.8010737299919128,-0.0195749420672655
42,1,2,0.32167649269104,0.7812060713768005,-0.0358357802033424
42,1,3,0.3416559100151062,0.7756384015083313,-0.0486041605472564
42,1,4,0.3579376637935638,0.7781733274459839,-0.0609385818243026
42,1,5,0.3120317161083221,0.8178601861000061,-0.0525320805609226
42,1,6,0.3661174774169922,0.8229151368141174,-0.0711447894573211
42,1,7,0.3976709544658661,0.8223774433135986,-0.0776512920856475
42,1,8,0.422532856464386,0.8214657306671143,-0.0800854414701461
42,1,9,0.3124323487281799,0.8486840128898621,-0.0504413358867168
42,1,10,0.3774672746658325,0.8509228825569153,-0.0691988691687583
42,1,11,0.4152672588825226,0.846662700176239,-0.0726923421025276
42,1,12,0.4425905048847198,0.8422101736068726,-0.0741337239742279
42,1,13,0.3171868920326233,0.8736172318458557,-0.0479872487485408
42,1,14,0.3790983259677887,0.8753582239151001,-0.0635626763105392
42,1,15,0.4135148227214813,0.8713743686676025,-0.064567744731903
42,1,16,0.4403870105743408,0.865911602973938,-0.0632577612996101
42,1,17,0.3245890438556671,0.8896893858909607,-0.0464483126997947
42,1,18,0.3721278607845306,0.8926489353179932,-0.0572990141808986
42,1,19,0.4001548886299133,0.8912132978439331,-0.0574377812445163
42,1,20,0.4231574237346649,0.8863274455070496,-0.0561035685241222
42,1,21,0.5044889450073242,0.3182743787765503,-1.282362461090088
42,1,22,0.465211808681488,0.2800633907318115,-1.238378643989563
42,1,23,0.4754509925842285,0.3645676374435425,-1.123071551322937
42,1,24,0.3190681934356689,0.5021964907646179,-0.4697898626327514
42,1,25,0.2207605242729187,0.7637835144996643,-0.556043267250061
44,0,0,0.7094765305519104,0.8164328336715698,2.345028775607716e-07
44,0,1,0.6852039694786072,0.7815256118774414,-0.0138098606839776
44,0,2,0.655785322189331,0.7577250003814697,-0.0269760061055421
44,0,3,0.627812922000885,0.7582144737243652,-0.0365591123700141
44,0,4,0.6138091087341309,0.777174711227417,-0.0464083030819892
44,0,5,0.6558812260627747,0.7954606413841248,-0.0483454875648021
44,0,6,0.6034711599349976,0.8091204166412354,-0.0652718991041183
44,0,7,0.5735777616500854,0.8161872625350952,-0.0720177367329597
44,0,8,0.5495601892471313,0.8228887319564819,-0.074869617819786
44,0,9,0.6621314883232117,0.8278497457504272,-0.0474577248096466
44,0,10,0.5991154313087463,0.841556191444397,-0.0620525889098644
44,0,11,0.56348717212677,0.8466408252716064,-0.0657784938812255
44,0,12,0.5379514098167419,0.8503807783126831,-0.0686700195074081
44,0,13,0.6644884347915649,0.8556843400001526,-0.045171920210123
44,0,14,0.6061853170394897,0.8666069507598877,-0.0547094196081161
44,0,15,0.5713306069374084,0.8717879056930542,-0.0570857934653759
44,0,16,0.5460454821586609,0.875285267829895,-0.0592292696237564
44,0,17,0.6648887991905212,0.8774582147598267,-0.0433937199413776
44,0,18,0.6181291937828064,0.885403573513031,-0.0497087985277175
44,0,19,0.5904813408851624,0.8880912065505981,-0.0509711615741252
44,0,20,0.5692695379257202,0.890693187713623,-0.0521861128509044
44,0,21,0.5030601024627686,0.3207125067710876,-1.4070159196853638
44,0,22,0.5425185561180115,0.2819389700889587,-1.3515520095825195
44,0,23,0.5318331718444824,0.3643934726715088,-1.231478214263916
44,0,24,0.691088080406189,0.4974721670150757,-0.5437378287315369
44,0,25,0.8514318466186523,0.7333198189735413,-0.7057738900184631
44,1,0,0.2810711860656738,0.8326780796051025,-9.843203940818057e-08
44,1,1,0.2952869832515716,0.8003876209259033,-0.0195159036666154
44,1,2,0.3134083449840545,0.7788516283035278,-0.0368240624666214
44,1,3,0.3308777511119842,0.7731062173843384,-0.0509616620838642
44,1,4,0.344833642244339,0.7793367505073547,-0.0647882297635078
44,1,5,0.3085780739784241,0.8164942860603333,-0.0519883334636688
44,1,6,0.3640807271003723,0.8211313486099243,-0.0704609081149101
44,1,7,0.3943931460380554,0.8210101127624512,-0.077224001288414
44,1,8,0.4184755980968475,0.820807933807373,-0.0801434591412544
44,1,9,0.3099045753479004,0.8485709428787231,-0.0504098087549209
44,1,10,0.3748578131198883,0.850260853767395,-0.0686804950237274
44,1,11,0.4116599559783935,0.8462260365486145,-0.0726796761155128
44,1,12,0.4384572803974151,0.8421125411987305,-0.074979655444622
44,1,13,0.3148644864559173,0.8736721277236938,-0.0484875589609146
44,1,14,0.3768917322158813,0.8752383589744568,-0.0642057284712791
44,1,15,0.4102589190006256,0.8708595037460327,-0.0655746161937713
44,1,16,0.4363161325454712,0.8649617433547974,-0.0648516714572906
44,1,17,0.3227085471153259,0.8895994424819946,-0.047422245144844
44,1,18,0.3698187172412872,0.8919777274131775,-0.0587312653660774
44,1,19,0.3970955908298492,0.8898199796676636,-0.0590014718472957
44,1,20,0.4192855954170227,0.8841668367385864,-0.0579349175095558
44,1,21,0.5030601024627686,0.3207125067710876,-1.4070159196853638
44,1,22,0.4630579948425293,0.281387984752655,-1.3573060035705566
44,1,23,0.4729205369949341,0.3670807480812073,-1.238125920295715
44,1,24,0.3181946873664856,0.5052701234817505,-0.5218847990036011
44,1,25,0.21725794672966,0.7669215202331543,-0.6122391223907471
47,0,0,0.7110100984573364,0.8132284283638,1.907943811829682e-07
47,0,1,0.6846975088119507,0.778164267539978,-0.0107209794223308
47,0,2,0.6536389589309692,0.756413459777832,-0.0222583040595054
47,0,3,0.6262257695198059,0.7580370306968689,-0.0305284466594457
47,0,4,0.6132965087890625,0.7754440307617188,-0.0395259298384189
47,0,5,0.6538739800453186,0.791368842124939,-0.0457515157759189
47,0,6,0.6009326577186584,0.8060108423233032,-0.0607006847858428
47,0,7,0.5723592042922974,0.8129416108131409,-0.0659791454672813
47,0,8,0.5491769909858704,0.8186402320861816,-0.0681096166372299
47,0,9,0.6601182818412781,0.8251195549964905,-0.0461024567484855
47,0,10,0.5980568528175354,0.8383021354675293,-0.0598106384277343
47,0,11,0.5631502866744995,0.8420433402061462,-0.06304232776165
47,0,12,0.5377681851387024,0.8439117670059204,-0.065762273967266
47,0,13,0.6623674035072327,0.8532650470733643,-0.0448272973299026
47,0,14,0.6036645770072937,0.862714946269989,-0.0543121173977851
47,0,15,0.5691704154014587,0.8653624057769775,-0.0573471002280712
47,0,16,0.5443423390388489,0.8662087917327881,-0.0598995462059974
47,0,17,0.6630242466926575,0.874400794506073,-0.0436432845890522
47,0,18,0.6155279874801636,0.8823343515396118,-0.0504176467657089
47,0,19,0.5876109600067139,0.8840500116348267,-0.0525268092751503
47,0,20,0.5658509135246277,0.8849769830703735,-0.0543738193809986
47,0,21,0.5007228851318359,0.3195164203643799,-1.3611351251602173
47,0,22,0.5415524244308472,0.2806475162506103,-1.306961178779602
47,0,23,0.5315385460853577,0.3643280863761902,-1.1861778497695925
47,0,24,0.6942493915557861,0.5016594529151917,-0.4975318312644958
47,0,25,0.8507015109062195,0.7374839186668396,-0.6397972106933594
47,1,0,0.2767683863639831,0.8291593194007874,-1.38784642444989e-07
47,1,1,0.2916540503501892,0.7952181100845337,-0.0208320990204811
47,1,2,0.311171680688858,0.772593080997467,-0.0392688624560833
47,1,3,0.3319776356220245,0.7701817750930786,-0.0542345233261585
47,1,4,0.3491061925888061,0.7808874845504761,-0.0684155151247978
47,1,5,0.307983785867691,0.8121867179870605,-0.0529156923294067
47,1,6,0.3629315197467804,0.8178286552429199,-0.0726385787129402
47,1,7,0.3933447003364563,0.8182744383811951,-0.0799304470419883
47,1,8,0.4169164299964905,0.8185998797416687,-0.0830040723085403
47,1,9,0.3088846802711487,0.8437902927398682,-0.0507896356284618
47,1,10,0.3735298216342926,0.8455376625061035,-0.069996677339077
47,1,11,0.4095998108386993,0.8421977758407593,-0.0734695270657539
47,1,12,0.4345075786113739,0.8388813138008118,-0.0751219168305397
47,1,13,0.3134120404720306,0.8691226243972778,-0.0486032292246818
47,1,14,0.3757538199424743,0.8706179261207581,-0.0650697648525238
47,1,15,0.40957111120224,0.8661101460456848,-0.0653402879834175
47,1,16,0.4353925287723541,0.8603988289833069,-0.0635657683014869
47,1,17,0.3203375935554504,0.8865025639533997,-0.0474457964301109
47,1,18,0.3690205514431,0.8888314366340637,-0.0594471283257007
47,1,19,0.3965519964694977,0.8862563371658325,-0.0593099147081375
47,1,20,0.4186121523380279,0.8803973197937012,-0.0575761273503303
47,1,21,0.5007228851318359,0.3195164203643799,-1.3611351251602173
47,1,22,0.4618818759918213,0.2812294363975525,-1.313271403312683
47,1,23,0.4707502424716949,0.366811454296112,-1.193267822265625
47,1,24,0.3191632032394409,0.5032200813293457,-0.4958012998104095
47,1,25,0.2179813683032989,0.7647511959075928,-0.5765091776847839
