Frame,Hand,Landmark,X,Y,Z
2,0,0,0.0,0.0,0.0
2,0,1,0.0,0.0,0.0
2,0,2,0.0,0.0,0.0
2,0,3,0.0,0.0,0.0
2,0,4,0.0,0.0,0.0
2,0,5,0.0,0.0,0.0
2,0,6,0.0,0.0,0.0
2,0,7,0.0,0.0,0.0
2,0,8,0.0,0.0,0.0
2,0,9,0.0,0.0,0.0
2,0,10,0.0,0.0,0.0
2,0,11,0.0,0.0,0.0
2,0,12,0.0,0.0,0.0
2,0,13,0.0,0.0,0.0
2,0,14,0.0,0.0,0.0
2,0,15,0.0,0.0,0.0
2,0,16,0.0,0.0,0.0
2,0,17,0.0,0.0,0.0
2,0,18,0.0,0.0,0.0
2,0,19,0.0,0.0,0.0
2,0,20,0.0,0.0,0.0
2,0,24,0.7015928626060486,0.546904444694519,-0.2350266128778457
2,0,25,0.8184990882873535,0.8674798011779785,-0.4140884578227997
2,1,0,0.0,0.0,0.0
2,1,1,0.0,0.0,0.0
2,1,2,0.0,0.0,0.0
2,1,3,0.0,0.0,0.0
2,1,4,0.0,0.0,0.0
2,1,5,0.0,0.0,0.0
2,1,6,0.0,0.0,0.0
2,1,7,0.0,0.0,0.0
2,1,8,0.0,0.0,0.0
2,1,9,0.0,0.0,0.0
2,1,10,0.0,0.0,0.0
2,1,11,0.0,0.0,0.0
2,1,12,0.0,0.0,0.0
2,1,13,0.0,0.0,0.0
2,1,14,0.0,0.0,0.0
2,1,15,0.0,0.0,0.0
2,1,16,0.0,0.0,0.0
2,1,17,0.0,0.0,0.0
2,1,18,0.0,0.0,0.0
2,1,19,0.0,0.0,0.0
2,1,20,0.0,0.0,0.0
2,1,24,0.3246625959873199,0.5493271350860596,-0.2344168722629547
2,1,25,0.2546780109405517,0.8841180205345154,-0.0765526741743087
4,0,0,0.0,0.0,0.0
4,0,1,0.0,0.0,0.0
4,0,2,0.0,0.0,0.0
4,0,3,0.0,0.0,0.0
4,0,4,0.0,0.0,0.0
4,0,5,0.0,0.0,0.0
4,0,6,0.0,0.0,0.0
4,0,7,0.0,0.0,0.0
4,0,8,0.0,0.0,0.0
4,0,9,0.0,0.0,0.0
4,0,10,0.0,0.0,0.0
4,0,11,0.0,0.0,0.0
4,0,12,0.0,0.0,0.0
4,0,13,0.0,0.0,0.0
4,0,14,0.0,0.0,0.0
4,0,15,0.0,0.0,0.0
4,0,16,0.0,0.0,0.0
4,0,17,0.0,0.0,0.0
4,0,18,0.0,0.0,0.0
4,0,19,0.0,0.0,0.0
4,0,20,0.0,0.0,0.0
4,0,24,0.6951736807823181,0.5404738187789917,-0.1893404275178909
4,0,25,0.8170186281204224,0.858848512172699,-0.381439059972763
4,1,0,0.0,0.0,0.0
4,1,1,0.0,0.0,0.0
4,1,2,0.0,0.0,0.0
4,1,3,0.0,0.0,0.0
4,1,4,0.0,0.0,0.0
4,1,5,0.0,0.0,0.0
4,1,6,0.0,0.0,0.0
4,1,7,0.0,0.0,0.0
4,1,8,0.0,0.0,0.0
4,1,9,0.0,0.0,0.0
4,1,10,0.0,0.0,0.0
4,1,11,0.0,0.0,0.0
4,1,12,0.0,0.0,0.0
4,1,13,0.0,0.0,0.0
4,1,14,0.0,0.0,0.0
4,1,15,0.0,0.0,0.0
4,1,16,0.0,0.0,0.0
4,1,17,0.0,0.0,0.0
4,1,18,0.0,0.0,0.0
4,1,19,0.0,0.0,0.0
4,1,20,0.0,0.0,0.0
4,1,24,0.325073629617691,0.5449067950248718,-0.1961564421653747
4,1,25,0.2538074851036072,0.8820440173149109,-0.0662436410784721
7,0,0,0.0,0.0,0.0
7,0,1,0.0,0.0,0.0
7,0,2,0.0,0.0,0.0
7,0,3,0.0,0.0,0.0
7,0,4,0.0,0.0,0.0
7,0,5,0.0,0.0,0.0
7,0,6,0.0,0.0,0.0
7,0,7,0.0,0.0,0.0
7,0,8,0.0,0.0,0.0
7,0,9,0.0,0.0,0.0
7,0,10,0.0,0.0,0.0
7,0,11,0.0,0.0,0.0
7,0,12,0.0,0.0,0.0
7,0,13,0.0,0.0,0.0
7,0,14,0.0,0.0,0.0
7,0,15,0.0,0.0,0.0
7,0,16,0.0,0.0,0.0
7,0,17,0.0,0.0,0.0
7,0,18,0.0,0.0,0.0
7,0,19,0.0,0.0,0.0
7,0,20,0.0,0.0,0.0
7,0,24,0.6965637803077698,0.5445123910903931,-0.3117011487483978
7,0,25,0.8208279609680176,0.8582943677902222,-0.4978442788124084
7,1,0,0.0,0.0,0.0
7,1,1,0.0,0.0,0.0
7,1,2,0.0,0.0,0.0
7,1,3,0.0,0.0,0.0
7,1,4,0.0,0.0,0.0
7,1,5,0.0,0.0,0.0
7,1,6,0.0,0.0,0.0
7,1,7,0.0,0.0,0.0
7,1,8,0.0,0.0,0.0
7,1,9,0.0,0.0,0.0
7,1,10,0.0,0.0,0.0
7,1,11,0.0,0.0,0.0
7,1,12,0.0,0.0,0.0
7,1,13,0.0,0.0,0.0
7,1,14,0.0,0.0,0.0
7,1,15,0.0,0.0,0.0
7,1,16,0.0,0.0,0.0
7,1,17,0.0,0.0,0.0
7,1,18,0.0,0.0,0.0
7,1,19,0.0,0.0,0.0
7,1,20,0.0,0.0,0.0
7,1,24,0.3235592842102051,0.545013964176178,-0.2879320383071899
7,1,25,0.2520994842052459,0.871551513671875,-0.0751735419034957
8,0,0,0.0,0.0,0.0
8,0,1,0.0,0.0,0.0
8,0,2,0.0,0.0,0.0
8,0,3,0.0,0.0,0.0
8,0,4,0.0,0.0,0.0
8,0,5,0.0,0.0,0.0
8,0,6,0.0,0.0,0.0
8,0,7,0.0,0.0,0.0
8,0,8,0.0,0.0,0.0
8,0,9,0.0,0.0,0.0
8,0,10,0.0,0.0,0.0
8,0,11,0.0,0.0,0.0
8,0,12,0.0,0.0,0.0
8,0,13,0.0,0.0,0.0
8,0,14,0.0,0.0,0.0
8,0,15,0.0,0.0,0.0
8,0,16,0.0,0.0,0.0
8,0,17,0.0,0.0,0.0
8,0,18,0.0,0.0,0.0
8,0,19,0.0,0.0,0.0
8,0,20,0.0,0.0,0.0
8,0,24,0.6971198916435242,0.544117271900177,-0.3280645608901977
8,0,25,0.8205594420433044,0.8662264347076416,-0.5598551630973816
8,1,0,0.0,0.0,0.0
8,1,1,0.0,0.0,0.0
8,1,2,0.0,0.0,0.0
8,1,3,0.0,0.0,0.0
8,1,4,0.0,0.0,0.0
8,1,5,0.0,0.0,0.0
8,1,6,0.0,0.0,0.0
8,1,7,0.0,0.0,0.0
8,1,8,0.0,0.0,0.0
8,1,9,0.0,0.0,0.0
8,1,10,0.0,0.0,0.0
8,1,11,0.0,0.0,0.0
8,1,12,0.0,0.0,0.0
8,1,13,0.0,0.0,0.0
8,1,14,0.0,0.0,0.0
8,1,15,0.0,0.0,0.0
8,1,16,0.0,0.0,0.0
8,1,17,0.0,0.0,0.0
8,1,18,0.0,0.0,0.0
8,1,19,0.0,0.0,0.0
8,1,20,0.0,0.0,0.0
8,1,24,0.3241835534572601,0.5464223027229309,-0.2762652635574341
8,1,25,0.2504156529903412,0.8774909377098083,-0.0554906576871871
16,0,0,0.8528370261192322,0.8095522522926331,5.081268739104417e-08
16,0,1,0.8303740620613098,0.7802783250808716,0.0029317322187125
16,0,2,0.801277756690979,0.7523048520088196,-0.0011066532460972
16,0,3,0.7751502990722656,0.7328687906265259,-0.0059645874425768
16,0,4,0.7511349320411682,0.722142219543457,-0.0125755257904529
16,0,5,0.8008072972297668,0.736650824546814,-0.021493824198842
16,0,6,0.7629282474517822,0.712611198425293,-0.0355077795684337
16,0,7,0.7326480746269226,0.7004563212394714,-0.0449389107525348
16,0,8,0.7071762681007385,0.6927370429039001,-0.0512395985424518
16,0,9,0.8015333414077759,0.7493340969085693,-0.0308586843311786
16,0,10,0.7559729218482971,0.7248936295509338,-0.0425562150776386
16,0,11,0.7237839102745056,0.7121081948280334,-0.0500005595386028
16,0,12,0.697062611579895,0.7049830555915833,-0.0560900047421455
16,0,13,0.8018666505813599,0.7701832056045532,-0.0386058427393436
16,0,14,0.7556008100509644,0.7500937581062317,-0.0486222021281719
16,0,15,0.7251596450805664,0.7407782673835754,-0.0535632595419883
16,0,16,0.7007446885108948,0.7357372641563416,-0.057677324861288
16,0,17,0.8009718656539917,0.7961517572402954,-0.0454834774136543
16,0,18,0.7703343629837036,0.7826559543609619,-0.0558997467160224
16,0,19,0.7485153675079346,0.7753207683563232,-0.0593286417424678
16,0,20,0.7296279668807983,0.7707421183586121,-0.0612679347395896
16,0,24,0.6984403133392334,0.545450747013092,-0.2158630639314651
16,0,25,0.8821009397506714,0.8440383076667786,-0.4591197073459625
16,1,0,0.0,0.0,0.0
16,1,1,0.0,0.0,0.0
16,1,2,0.0,0.0,0.0
16,1,3,0.0,0.0,0.0
16,1,4,0.0,0.0,0.0
16,1,5,0.0,0.0,0.0
16,1,6,0.0,0.0,0.0
16,1,7,0.0,0.0,0.0
16,1,8,0.0,0.0,0.0
16,1,9,0.0,0.0,0.0
16,1,10,0.0,0.0,0.0
16,1,11,0.0,0.0,0.0
16,1,12,0.0,0.0,0.0
16,1,13,0.0,0.0,0.0
16,1,14,0.0,0.0,0.0
16,1,15,0.0,0.0,0.0
16,1,16,0.0,0.0,0.0
16,1,17,0.0,0.0,0.0
16,1,18,0.0,0.0,0.0
16,1,19,0.0,0.0,0.0
16,1,20,0.0,0.0,0.0
16,1,24,0.3265750110149383,0.5455712676048279,-0.1374438554048538
16,1,25,0.2517735064029693,0.8772526979446411,0.1866678595542907
17,0,0,0.8239368796348572,0.8026613593101501,1.9837951015233562e-07
17,0,1,0.80445396900177,0.7768414616584778,-0.0020138330291956
17,0,2,0.777312159538269,0.7504544854164124,-0.0091586606577038
17,0,3,0.7531586289405823,0.7329131364822388,-0.0159049686044454
17,0,4,0.731879711151123,0.7229223847389221,-0.0253500640392303
17,0,5,0.781433641910553,0.7405081987380981,-0.0326158180832862
17,0,6,0.7464049458503723,0.7190154790878296,-0.0495977886021137
17,0,7,0.717254638671875,0.707898736000061,-0.0604837648570537
17,0,8,0.6929678916931152,0.7015791535377502,-0.0675964429974556
17,0,9,0.7819992899894714,0.7545711398124695,-0.0413163341581821
17,0,10,0.7386190295219421,0.7345684766769409,-0.0565786883234977
17,0,11,0.7050852179527283,0.7254595160484314,-0.0667034536600112
17,0,12,0.6776617765426636,0.7215992212295532,-0.0743896439671516
17,0,13,0.7837156653404236,0.7762501239776611,-0.0482136793434619
17,0,14,0.7411949634552002,0.7586249113082886,-0.0618373341858387
17,0,15,0.7107638120651245,0.7494743466377258,-0.0691967979073524
17,0,16,0.6863707304000854,0.7438191771507263,-0.0746285170316696
17,0,17,0.7855834364891052,0.8030616641044617,-0.0541193671524524
17,0,18,0.75848788022995,0.790594220161438,-0.0678866952657699
17,0,19,0.7364987134933472,0.7829754948616028,-0.07276052236557
17,0,20,0.7175174355506897,0.7780338525772095,-0.0754954889416694
17,0,24,0.6978793740272522,0.5436611175537109,-0.183000162243843
17,0,25,0.8855594396591187,0.8395335078239441,-0.3988789021968841
17,1,0,0.0,0.0,0.0
17,1,1,0.0,0.0,0.0
17,1,2,0.0,0.0,0.0
17,1,3,0.0,0.0,0.0
17,1,4,0.0,0.0,0.0
17,1,5,0.0,0.0,0.0
17,1,6,0.0,0.0,0.0
17,1,7,0.0,0.0,0.0
17,1,8,0.0,0.0,0.0
17,1,9,0.0,0.0,0.0
17,1,10,0.0,0.0,0.0
17,1,11,0.0,0.0,0.0
17,1,12,0.0,0.0,0.0
17,1,13,0.0,0.0,0.0
17,1,14,0.0,0.0,0.0
17,1,15,0.0,0.0,0.0
17,1,16,0.0,0.0,0.0
17,1,17,0.0,0.0,0.0
17,1,18,0.0,0.0,0.0
17,1,19,0.0,0.0,0.0
17,1,20,0.0,0.0,0.0
17,1,24,0.322672426700592,0.5465158224105835,-0.1236025393009185
17,1,25,0.2490267753601074,0.8741639852523804,0.1934066712856292
19,0,0,0.8080991506576538,0.7998801469802856,1.1855490100742828e-07
19,0,1,0.7885830402374268,0.7733744382858276,-0.0007950441213324
19,0,2,0.7580180764198303,0.7466752529144287,-0.0061291237361729
19,0,3,0.7301062941551208,0.730701208114624,-0.011513059027493
19,0,4,0.7062042355537415,0.7242014408111572,-0.0192720219492912
19,0,5,0.7541617155075073,0.7347854971885681,-0.0259929057210683
19,0,6,0.7131945490837097,0.7227656841278076,-0.0406594201922416
19,0,7,0.6824010610580444,0.7184669375419617,-0.0502139888703823
19,0,8,0.6568507552146912,0.716462254524231,-0.0568500310182571
19,0,9,0.7573144435882568,0.7515238523483276,-0.0348636507987976
19,0,10,0.7073434591293335,0.7401266098022461,-0.0479886084794998
19,0,11,0.674096941947937,0.7361873984336853,-0.0564796030521392
19,0,12,0.6474770307540894,0.7346166372299194,-0.0632878169417381
19,0,13,0.7607500553131104,0.7766355872154236,-0.0422507598996162
19,0,14,0.7136684060096741,0.7684679627418518,-0.0546292960643768
19,0,15,0.6830784678459167,0.7643709182739258,-0.0601771138608455
19,0,16,0.6593726277351379,0.7608643174171448,-0.0644032582640647
19,0,17,0.7631325125694275,0.8070288300514221,-0.0488030239939689
19,0,18,0.7314586639404297,0.798741340637207,-0.061523150652647
19,0,19,0.7096010446548462,0.7928892970085144,-0.0652962177991867
19,0,20,0.6909136772155762,0.7878730893135071,-0.0673681125044822
19,0,24,0.6961711049079895,0.544025719165802,-0.1617146581411361
19,0,25,0.891747236251831,0.8405316472053528,-0.3618326187133789
19,1,0,0.0,0.0,0.0
19,1,1,0.0,0.0,0.0
19,1,2,0.0,0.0,0.0
19,1,3,0.0,0.0,0.0
19,1,4,0.0,0.0,0.0
19,1,5,0.0,0.0,0.0
19,1,6,0.0,0.0,0.0
19,1,7,0.0,0.0,0.0
19,1,8,0.0,0.0,0.0
19,1,9,0.0,0.0,0.0
19,1,10,0.0,0.0,0.0
19,1,11,0.0,0.0,0.0
19,1,12,0.0,0.0,0.0
19,1,13,0.0,0.0,0.0
19,1,14,0.0,0.0,0.0
19,1,15,0.0,0.0,0.0
19,1,16,0.0,0.0,0.0
19,1,17,0.0,0.0,0.0
19,1,18,0.0,0.0,0.0
19,1,19,0.0,0.0,0.0
19,1,20,0.0,0.0,0.0
19,1,24,0.3226064145565033,0.5446931719779968,-0.1156001091003418
19,1,25,0.2478557825088501,0.8757984638214111,0.2146904021501541
28,0,0,0.749993622303009,0.8641165494918823,1.340086441814492e-07
28,0,1,0.7256461977958679,0.8271504640579224,-0.0008417378412559
28,0,2,0.6925445795059204,0.7952173352241516,-0.0053857462480664
28,0,3,0.6605988144874573,0.7826536297798157,-0.0098691713064908
28,0,4,0.6339001059532166,0.7827298641204834,-0.015831995755434
28,0,5,0.6703003644943237,0.8066397309303284,-0.0206927768886089
28,0,6,0.6183474063873291,0.8033377528190613,-0.0330191701650619
28,0,7,0.5866394639015198,0.804668128490448,-0.0403456203639507
28,0,8,0.562511682510376,0.8066750764846802,-0.0447820164263248
28,0,9,0.6687260270118713,0.8336035013198853,-0.0278389416635036
28,0,10,0.6116456985473633,0.8290948271751404,-0.0386511571705341
28,0,11,0.5760668516159058,0.8288925290107727,-0.0454748831689357
28,0,12,0.5494599342346191,0.8297427296638489,-0.0508387051522731
28,0,13,0.6706482768058777,0.8629120588302612,-0.0339300669729709
28,0,14,0.6169838905334473,0.8586913347244263,-0.0428753085434436
28,0,15,0.5834560394287109,0.8570427298545837,-0.0474364347755909
28,0,16,0.5584675669670105,0.855408787727356,-0.0512364991009235
28,0,17,0.6746057271957397,0.8933364152908325,-0.0394478738307952
28,0,18,0.6361889243125916,0.8899473547935486,-0.0482723452150821
28,0,19,0.6116020679473877,0.8866024613380432,-0.0511369369924068
28,0,20,0.5902253985404968,0.8830292820930481,-0.0527931116521358
28,0,24,0.6929539442062378,0.5455847382545471,-0.379385381937027
28,0,25,0.894366443157196,0.818851113319397,-0.6074580550193787
28,1,0,0.0,0.0,0.0
28,1,1,0.0,0.0,0.0
28,1,2,0.0,0.0,0.0
28,1,3,0.0,0.0,0.0
28,1,4,0.0,0.0,0.0
28,1,5,0.0,0.0,0.0
28,1,6,0.0,0.0,0.0
28,1,7,0.0,0.0,0.0
28,1,8,0.0,0.0,0.0
28,1,9,0.0,0.0,0.0
28,1,10,0.0,0.0,0.0
28,1,11,0.0,0.0,0.0
28,1,12,0.0,0.0,0.0
28,1,13,0.0,0.0,0.0
28,1,14,0.0,0.0,0.0
28,1,15,0.0,0.0,0.0
28,1,16,0.0,0.0,0.0
28,1,17,0.0,0.0,0.0
28,1,18,0.0,0.0,0.0
28,1,19,0.0,0.0,0.0
28,1,20,0.0,0.0,0.0
28,1,24,0.3241012692451477,0.5450145602226257,-0.3237979710102081
28,1,25,0.2490475475788116,0.8769093751907349,-0.0524844825267791
31,0,0,0.7454842329025269,0.8636980056762695,1.6580727901782669e-07
31,0,1,0.7230231761932373,0.8259801864624023,-0.0023583087604492
31,0,2,0.6904635429382324,0.7940873503684998,-0.0088904341682791
31,0,3,0.6593472957611084,0.7794683575630188,-0.0150293437764048
31,0,4,0.6331049799919128,0.7840973138809204,-0.0225534457713365
31,0,5,0.6679120063781738,0.8069103360176086,-0.0240694675594568
31,0,6,0.6153391003608704,0.8041989207267761,-0.0375081524252891
31,0,7,0.5837579369544983,0.8068856000900269,-0.0456842072308063
31,0,8,0.5594071745872498,0.8102449178695679,-0.0504951290786266
31,0,9,0.6660118103027344,0.8348662853240967,-0.0306318160146474
31,0,10,0.6095674633979797,0.8306681513786316,-0.0421166718006134
31,0,11,0.5737506151199341,0.8310220241546631,-0.0489215962588787
31,0,12,0.5473138689994812,0.831914484500885,-0.054147683084011
31,0,13,0.667461097240448,0.8644688129425049,-0.0360704697668552
31,0,14,0.6154946684837341,0.8595914840698242,-0.0444689020514488
31,0,15,0.5826824307441711,0.8574002385139465,-0.0478167384862899
31,0,16,0.5587396621704102,0.8551289439201355,-0.0507916025817394
31,0,17,0.6716672778129578,0.8941454291343689,-0.0411906950175762
31,0,18,0.6328303217887878,0.8900715708732605,-0.0486838147044181
31,0,19,0.6083827018737793,0.8868238925933838,-0.0500071123242378
31,0,20,0.5877155065536499,0.883251965045929,-0.0505742728710174
31,0,24,0.6938192844390869,0.5451062321662903,-0.331603854894638
31,0,25,0.896281361579895,0.8197003602981567,-0.5166180729866028
31,1,0,0.0,0.0,0.0
31,1,1,0.0,0.0,0.0
31,1,2,0.0,0.0,0.0
31,1,3,0.0,0.0,0.0
31,1,4,0.0,0.0,0.0
31,1,5,0.0,0.0,0.0
31,1,6,0.0,0.0,0.0
31,1,7,0.0,0.0,0.0
31,1,8,0.0,0.0,0.0
31,1,9,0.0,0.0,0.0
31,1,10,0.0,0.0,0.0
31,1,11,0.0,0.0,0.0
31,1,12,0.0,0.0,0.0
31,1,13,0.0,0.0,0.0
31,1,14,0.0,0.0,0.0
31,1,15,0.0,0.0,0.0
31,1,16,0.0,0.0,0.0
31,1,17,0.0,0.0,0.0
31,1,18,0.0,0.0,0.0
31,1,19,0.0,0.0,0.0
31,1,20,0.0,0.0,0.0
31,1,24,0.3216913938522339,0.5513637065887451,-0.3019939363002777
31,1,25,0.2480362653732299,0.8828734159469604,-0.057234201580286
32,0,0,0.7465488314628601,0.8641183376312256,1.6677580561008656e-07
32,0,1,0.723975658416748,0.8258255124092102,-0.0018423947039991
32,0,2,0.6910991668701172,0.7941345572471619,-0.0080424305051565
32,0,3,0.6597656607627869,0.7799932956695557,-0.0139896534383296
32,0,4,0.6331353783607483,0.7844211459159851,-0.0215019881725311
32,0,5,0.6683959364891052,0.8072384595870972,-0.0239495038986206
32,0,6,0.6151224970817566,0.8043334484100342,-0.0376257039606571
32,0,7,0.5835309028625488,0.8066319823265076,-0.0459035784006118
32,0,8,0.55882728099823,0.8096736073493958,-0.0508645102381706
32,0,9,0.6668263673782349,0.8347272276878357,-0.0311852544546127
32,0,10,0.6094746589660645,0.8298986554145813,-0.0428688339889049
32,0,11,0.5731805562973022,0.8302943110466003,-0.0500796362757682
32,0,12,0.5458877086639404,0.8315358757972717,-0.0557048693299293
32,0,13,0.6690388917922974,0.8646214008331299,-0.0372640527784824
32,0,14,0.6167859435081482,0.8593689203262329,-0.0462667979300022
32,0,15,0.58376544713974,0.8568894267082214,-0.0504097044467926
32,0,16,0.5591145157814026,0.8545231223106384,-0.0540278628468513
32,0,17,0.6738443970680237,0.895340621471405,-0.0428994409739971
32,0,18,0.6355900168418884,0.8910273313522339,-0.051305666565895
32,0,19,0.6109538674354553,0.8872431516647339,-0.0533882044255733
32,0,20,0.5894145369529724,0.883216917514801,-0.0545944422483444
32,0,24,0.6954566240310669,0.5440358519554138,-0.2939494550228119
32,0,25,0.8968431949615479,0.8183441162109375,-0.4820985198020935
32,1,0,0.0,0.0,0.0
32,1,1,0.0,0.0,0.0
32,1,2,0.0,0.0,0.0
32,1,3,0.0,0.0,0.0
32,1,4,0.0,0.0,0.0
32,1,5,0.0,0.0,0.0
32,1,6,0.0,0.0,0.0
32,1,7,0.0,0.0,0.0
32,1,8,0.0,0.0,0.0
32,1,9,0.0,0.0,0.0
32,1,10,0.0,0.0,0.0
32,1,11,0.0,0.0,0.0
32,1,12,0.0,0.0,0.0
32,1,13,0.0,0.0,0.0
32,1,14,0.0,0.0,0.0
32,1,15,0.0,0.0,0.0
32,1,16,0.0,0.0,0.0
32,1,17,0.0,0.0,0.0
32,1,18,0.0,0.0,0.0
32,1,19,0.0,0.0,0.0
32,1,20,0.0,0.0,0.0
32,1,24,0.3240324556827545,0.5487592220306396,-0.2821029424667358
32,1,25,0.250126451253891,0.8781033754348755,-0.0582944191992282
35,0,0,0.7464745044708252,0.8636526465415955,1.706980867766106e-07
35,0,1,0.722815752029419,0.8251049518585205,-0.0020761948544532
35,0,2,0.6889137625694275,0.7941551804542542,-0.0081389965489506
35,0,3,0.6559627652168274,0.7830030918121338,-0.0139024602249264
35,0,4,0.6302201151847839,0.7887656688690186,-0.0213447362184524
35,0,5,0.6692339777946472,0.8084240555763245,-0.0256868097931146
35,0,6,0.6153990626335144,0.8048345446586609,-0.0401436649262905
35,0,7,0.5835433006286621,0.806523323059082,-0.0483411252498626
35,0,8,0.5589070320129395,0.809347927570343,-0.053091675043106
35,0,9,0.6685545444488525,0.8358126878738403,-0.0329522863030433
35,0,10,0.6112289428710938,0.8303274512290955,-0.0460472032427787
35,0,11,0.5746946334838867,0.830462634563446,-0.0533196665346622
35,0,12,0.5473446846008301,0.8319611549377441,-0.0585930049419403
35,0,13,0.671380877494812,0.8651748299598694,-0.0390840359032154
35,0,14,0.6182639598846436,0.8610036969184875,-0.0495501942932605
35,0,15,0.5836398601531982,0.8598510026931763,-0.0544612184166908
35,0,16,0.5576203465461731,0.858425498008728,-0.0581832192838192
35,0,17,0.6762135624885559,0.8950415849685669,-0.0446955151855945
35,0,18,0.6373791694641113,0.8914667963981628,-0.0543811544775962
35,0,19,0.6117894649505615,0.8885095715522766,-0.0574266724288463
35,0,20,0.5895876884460449,0.8849496245384216,-0.0590904355049133
35,0,24,0.6935349106788635,0.5479360818862915,-0.320670336484909
35,0,25,0.8944745659828186,0.8234221935272217,-0.5366430282592773
35,1,0,0.0,0.0,0.0
35,1,1,0.0,0.0,0.0
35,1,2,0.0,0.0,0.0
35,1,3,0.0,0.0,0.0
35,1,4,0.0,0.0,0.0
35,1,5,0.0,0.0,0.0
35,1,6,0.0,0.0,0.0
35,1,7,0.0,0.0,0.0
35,1,8,0.0,0.0,0.0
35,1,9,0.0,0.0,0.0
35,1,10,0.0,0.0,0.0
35,1,11,0.0,0.0,0.0
35,1,12,0.0,0.0,0.0
35,1,13,0.0,0.0,0.0
35,1,14,0.0,0.0,0.0
35,1,15,0.0,0.0,0.0
35,1,16,0.0,0.0,0.0
35,1,17,0.0,0.0,0.0
35,1,18,0.0,0.0,0.0
35,1,19,0.0,0.0,0.0
35,1,20,0.0,0.0,0.0
35,1,24,0.3265419900417328,0.5494828820228577,-0.3568668961524963
35,1,25,0.2518290877342224,0.8791474103927612,-0.1542504429817199
36,0,0,0.7466145753860474,0.8659957647323608,1.886407403617341e-07
36,0,1,0.7242894172668457,0.8289515376091003,-0.0023865438997745
36,0,2,0.6908688545227051,0.7972752451896667,-0.0082351993769407
36,0,3,0.6590009927749634,0.7835503220558167,-0.0135727170854806
36,0,4,0.6319612860679626,0.7859272360801697,-0.0204613711684942
36,0,5,0.6677298545837402,0.8089640736579895,-0.0243348348885774
36,0,6,0.6149196624755859,0.8053252100944519,-0.0373241826891899
36,0,7,0.5833743214607239,0.8074904680252075,-0.0450591221451759
36,0,8,0.5585789084434509,0.8108476400375366,-0.0496310144662857
36,0,9,0.6665179133415222,0.836216151714325,-0.0307233296334743
36,0,10,0.6098873019218445,0.8317925930023193,-0.0416897162795066
36,0,11,0.574454665184021,0.8321860432624817,-0.0483247749507427
36,0,12,0.5475438237190247,0.8335099220275879,-0.0534667745232582
36,0,13,0.6685608625411987,0.8659419417381287,-0.0359656512737274
36,0,14,0.6159173250198364,0.8612889051437378,-0.0444847792387008
36,0,15,0.5829563736915588,0.8594498038291931,-0.048486553132534
36,0,16,0.5581207275390625,0.8578975796699524,-0.0519030839204788
36,0,17,0.673340380191803,0.8966324925422668,-0.0407510288059711
36,0,18,0.6353604793548584,0.8917685151100159,-0.0489661954343318
36,0,19,0.611164391040802,0.8883750438690186,-0.050971083343029
36,0,20,0.5902789235115051,0.8847002983093262,-0.0519097037613391
36,0,24,0.6941813230514526,0.5497846603393555,-0.1732596009969711
36,0,25,0.8960001468658447,0.8204853534698486,-0.3876669406890869
36,1,0,0.0,0.0,0.0
36,1,1,0.0,0.0,0.0
36,1,2,0.0,0.0,0.0
36,1,3,0.0,0.0,0.0
36,1,4,0.0,0.0,0.0
36,1,5,0.0,0.0,0.0
36,1,6,0.0,0.0,0.0
36,1,7,0.0,0.0,0.0
36,1,8,0.0,0.0,0.0
36,1,9,0.0,0.0,0.0
36,1,10,0.0,0.0,0.0
36,1,11,0.0,0.0,0.0
36,1,12,0.0,0.0,0.0
36,1,13,0.0,0.0,0.0
36,1,14,0.0,0.0,0.0
36,1,15,0.0,0.0,0.0
36,1,16,0.0,0.0,0.0
36,1,17,0.0,0.0,0.0
36,1,18,0.0,0.0,0.0
36,1,19,0.0,0.0,0.0
36,1,20,0.0,0.0,0.0
36,1,24,0.329290360212326,0.5488868951797485,-0.231597363948822
36,1,25,0.2539788484573364,0.8791406154632568,-0.0489541515707969
39,0,0,0.750778317451477,0.8650667071342468,1.566427840771212e-07
39,0,1,0.7252494692802429,0.8276862502098083,-0.0013418530579656
39,0,2,0.6903994679450989,0.7970284819602966,-0.0070878691039979
39,0,3,0.6587262153625488,0.7828781008720398,-0.0127074876800179
39,0,4,0.6312909126281738,0.7839100956916809,-0.0198127850890159
39,0,5,0.6686428189277649,0.8089599609375,-0.0227829124778509
39,0,6,0.6157981753349304,0.80560702085495,-0.0361380949616432
39,0,7,0.584296703338623,0.8080386519432068,-0.0442092753946781
39,0,8,0.5600293278694153,0.8110708594322205,-0.0489894896745681
39,0,9,0.6678739786148071,0.8354191184043884,-0.0300461389124393
39,0,10,0.609592080116272,0.8313851952552795,-0.0418349951505661
39,0,11,0.5735857486724854,0.8330522775650024,-0.048927541822195
39,0,12,0.5468025207519531,0.8353084921836853,-0.0542042478919029
39,0,13,0.6705819368362427,0.8646219968795776,-0.036144595593214
39,0,14,0.6158556938171387,0.8605657815933228,-0.0452687442302703
39,0,15,0.5824511647224426,0.859622061252594,-0.0490592457354068
39,0,16,0.5575764775276184,0.8584851622581482,-0.0522408746182918
39,0,17,0.6758701801300049,0.8952557444572449,-0.0417266339063644
39,0,18,0.6364740133285522,0.8913258910179138,-0.0503398701548576
39,0,19,0.6116570830345154,0.8882137537002563,-0.0521847493946552
39,0,20,0.5900367498397827,0.884689450263977,-0.0529756546020507
39,0,24,0.6951249241828918,0.547520101070404,-0.4226771891117096
39,0,25,0.8934310078620911,0.8264318108558655,-0.6515663266181946
39,1,0,0.0,0.0,0.0
39,1,1,0.0,0.0,0.0
39,1,2,0.0,0.0,0.0
39,1,3,0.0,0.0,0.0
39,1,4,0.0,0.0,0.0
39,1,5,0.0,0.0,0.0
39,1,6,0.0,0.0,0.0
39,1,7,0.0,0.0,0.0
39,1,8,0.0,0.0,0.0
39,1,9,0.0,0.0,0.0
39,1,10,0.0,0.0,0.0
39,1,11,0.0,0.0,0.0
39,1,12,0.0,0.0,0.0
39,1,13,0.0,0.0,0.0
39,1,14,0.0,0.0,0.0
39,1,15,0.0,0.0,0.0
39,1,16,0.0,0.0,0.0
39,1,17,0.0,0.0,0.0
39,1,18,0.0,0.0,0.0
39,1,19,0.0,0.0,0.0
39,1,20,0.0,0.0,0.0
39,1,24,0.3253803253173828,0.5484334230422974,-0.3925002813339233
39,1,25,0.2505463361740112,0.879440426826477,-0.1214711144566536
40,0,0,0.7487095594406128,0.8658362627029419,1.5301357336738874e-07
40,0,1,0.7242980599403381,0.8279408812522888,-0.001279458287172
40,0,2,0.6901867389678955,0.7959040403366089,-0.0065875481814146
40,0,3,0.658010721206665,0.7823249101638794,-0.0117530589923262
40,0,4,0.6315855383872986,0.7856197357177734,-0.0185138303786516
40,0,5,0.6692342758178711,0.8085343241691589,-0.0227830242365598
40,0,6,0.6161594390869141,0.8052040934562683,-0.036293800920248
40,0,7,0.5844711661338806,0.8075375556945801,-0.0443329848349094
40,0,8,0.559991717338562,0.8108832836151123,-0.0491276159882545
40,0,9,0.6685152649879456,0.8351324796676636,-0.0302185118198394
40,0,10,0.6107351779937744,0.830093264579773,-0.042260605841875
40,0,11,0.5750086307525635,0.8304896950721741,-0.0495406277477741
40,0,12,0.5481588840484619,0.8323943018913269,-0.0550214014947414
40,0,13,0.671312153339386,0.8646363019943237,-0.0365302301943302
40,0,14,0.6174500584602356,0.8605477213859558,-0.0462438464164733
40,0,15,0.5840020179748535,0.8594079613685608,-0.0506931878626346
40,0,16,0.5588974952697754,0.8583011627197266,-0.0542792379856109
40,0,17,0.6762544512748718,0.8958508372306824,-0.042286317795515
40,0,18,0.6377794146537781,0.8916051983833313,-0.0513240471482276
40,0,19,0.6130698919296265,0.8884682059288025,-0.0538126491010189
40,0,20,0.5914909243583679,0.8850412368774414,-0.0551823899149894
40,0,24,0.6942663192749023,0.5482504367828369,-0.4318605661392212
40,0,25,0.8923348784446716,0.8301326632499695,-0.6967312693595886
40,1,0,0.0,0.0,0.0
40,1,1,0.0,0.0,0.0
40,1,2,0.0,0.0,0.0
40,1,3,0.0,0.0,0.0
40,1,4,0.0,0.0,0.0
40,1,5,0.0,0.0,0.0
40,1,6,0.0,0.0,0.0
40,1,7,0.0,0.0,0.0
40,1,8,0.0,0.0,0.0
40,1,9,0.0,0.0,0.0
40,1,10,0.0,0.0,0.0
40,1,11,0.0,0.0,0.0
40,1,12,0.0,0.0,0.0
40,1,13,0.0,0.0,0.0
40,1,14,0.0,0.0,0.0
40,1,15,0.0,0.0,0.0
40,1,16,0.0,0.0,0.0
40,1,17,0.0,0.0,0.0
40,1,18,0.0,0.0,0.0
40,1,19,0.0,0.0,0.0
40,1,20,0.0,0.0,0.0
40,1,24,0.3244880735874176,0.5492837429046631,-0.3933024704456329
40,1,25,0.2479574382305145,0.8879798650741577,-0.1263163983821869
41,0,0,0.747416079044342,0.865706205368042,1.550062478372638e-07
41,0,1,0.7236053943634033,0.8285442590713501,-0.0019108421402052
41,0,2,0.6894094347953796,0.796151876449585,-0.0077196201309561
41,0,3,0.6572163701057434,0.7825976610183716,-0.0131275383755564
41,0,4,0.6309317946434021,0.7858800888061523,-0.020095944404602
41,0,5,0.6696928143501282,0.80756014585495,-0.0249713975936174
41,0,6,0.6162973046302795,0.8045514822006226,-0.0385877154767513
41,0,7,0.5844931602478027,0.806739330291748,-0.0463580377399921
41,0,8,0.5595446228981018,0.8096997737884521,-0.0509914010763168
41,0,9,0.6693324446678162,0.8344043493270874,-0.0321374535560607
41,0,10,0.6111103892326355,0.8298065066337585,-0.0443799123167991
41,0,11,0.5754093527793884,0.8302516341209412,-0.051280315965414
41,0,12,0.5485014915466309,0.8318531513214111,-0.0564747154712677
41,0,13,0.6719883680343628,0.8640233278274536,-0.0381309054791927
41,0,14,0.6178906559944153,0.8605305552482605,-0.048005823045969
41,0,15,0.5838925838470459,0.8598151206970215,-0.0523121356964111
41,0,16,0.558289110660553,0.8589808344841003,-0.0557483881711959
41,0,17,0.676276445388794,0.8951764106750488,-0.0435865521430969
41,0,18,0.6369377970695496,0.8907476663589478,-0.0527582988142967
41,0,19,0.6118193864822388,0.8876606225967407,-0.0552982985973358
41,0,20,0.5897970199584961,0.8842737674713135,-0.0566873513162136
41,0,24,0.6956879496574402,0.549333393573761,-0.3448647856712341
41,0,25,0.8931399583816528,0.8269001841545105,-0.5602499842643738
41,1,0,0.0,0.0,0.0
41,1,1,0.0,0.0,0.0
41,1,2,0.0,0.0,0.0
41,1,3,0.0,0.0,0.0
41,1,4,0.0,0.0,0.0
41,1,5,0.0,0.0,0.0
41,1,6,0.0,0.0,0.0
41,1,7,0.0,0.0,0.0
41,1,8,0.0,0.0,0.0
41,1,9,0.0,0.0,0.0
41,1,10,0.0,0.0,0.0
41,1,11,0.0,0.0,0.0
41,1,12,0.0,0.0,0.0
41,1,13,0.0,0.0,0.0
41,1,14,0.0,0.0,0.0
41,1,15,0.0,0.0,0.0
41,1,16,0.0,0.0,0.0
41,1,17,0.0,0.0,0.0
41,1,18,0.0,0.0,0.0
41,1,19,0.0,0.0,0.0
41,1,20,0.0,0.0,0.0
41,1,24,0.3255168199539184,0.5457829833030701,-0.372032105922699
41,1,25,0.2517123520374298,0.8791490197181702,-0.1526704579591751
50,0,0,0.7448615431785583,0.864230215549469,1.390496464637181e-07
50,0,1,0.721427857875824,0.8276268839836121,-0.0018455374520272
50,0,2,0.6891589164733887,0.7966228723526001,-0.0074718743562698
50,0,3,0.6575270891189575,0.7838859558105469,-0.0127877267077565
50,0,4,0.6313069462776184,0.7868685126304626,-0.0196203235536813
50,0,5,0.6692537665367126,0.8080117106437683,-0.0239815507084131
50,0,6,0.6169747114181519,0.8049543499946594,-0.0376091636717319
50,0,7,0.5851765275001526,0.8072038888931274,-0.0456769242882728
50,0,8,0.5606696009635925,0.8104598522186279,-0.050452135503292
50,0,9,0.6683766841888428,0.8338478207588196,-0.0308297853916883
50,0,10,0.6113349199295044,0.8306728005409241,-0.0430460944771766
50,0,11,0.5755106210708618,0.8314579129219055,-0.0504160411655902
50,0,12,0.5486568808555603,0.8335413336753845,-0.0559675209224224
50,0,13,0.6706134080886841,0.862287700176239,-0.0364970006048679
50,0,14,0.6171719431877136,0.8598315715789795,-0.046333722770214
50,0,15,0.5832684636116028,0.8597717881202698,-0.0508808605372905
50,0,16,0.5578356385231018,0.8597327470779419,-0.0544639825820922
50,0,17,0.6746248602867126,0.8918963670730591,-0.0416254922747612
50,0,18,0.6364266276359558,0.8896504044532776,-0.0509182997047901
50,0,19,0.611360490322113,0.8874687552452087,-0.0536904670298099
50,0,20,0.589457094669342,0.8851689100265503,-0.0551292300224304
50,0,24,0.6956602334976196,0.5481065511703491,-0.3545277416706085
50,0,25,0.8919330835342407,0.8274145126342773,-0.5620787739753723
50,1,0,0.0,0.0,0.0
50,1,1,0.0,0.0,0.0
50,1,2,0.0,0.0,0.0
50,1,3,0.0,0.0,0.0
50,1,4,0.0,0.0,0.0
50,1,5,0.0,0.0,0.0
50,1,6,0.0,0.0,0.0
50,1,7,0.0,0.0,0.0
50,1,8,0.0,0.0,0.0
50,1,9,0.0,0.0,0.0
50,1,10,0.0,0.0,0.0
50,1,11,0.0,0.0,0.0
50,1,12,0.0,0.0,0.0
50,1,13,0.0,0.0,0.0
50,1,14,0.0,0.0,0.0
50,1,15,0.0,0.0,0.0
50,1,16,0.0,0.0,0.0
50,1,17,0.0,0.0,0.0
50,1,18,0.0,0.0,0.0
50,1,19,0.0,0.0,0.0
50,1,20,0.0,0.0,0.0
50,1,24,0.3263189792633056,0.5483839511871338,-0.3724806904792785
50,1,25,0.2493141591548919,0.8857947587966919,-0.1396427899599075
55,0,0,0.7480430603027344,0.8647748231887817,1.8182609551331552e-07
55,0,1,0.7248989343643188,0.8282346725463867,-0.0022468250244855
55,0,2,0.6910601258277893,0.7972447872161865,-0.0080160535871982
55,0,3,0.6588438749313354,0.7838411331176758,-0.0133727490901947
55,0,4,0.6320186853408813,0.7860878109931946,-0.0203137155622243
55,0,5,0.6708945035934448,0.8088118433952332,-0.0251815374940633
55,0,6,0.6178635358810425,0.8053439855575562,-0.0388485416769981
55,0,7,0.5860236883163452,0.8070926070213318,-0.0466627776622772
55,0,8,0.5611238479614258,0.8097459077835083,-0.0512880496680736
55,0,9,0.6694843769073486,0.8352622389793396,-0.032075960189104
55,0,10,0.6116576790809631,0.8309165835380554,-0.0441227443516254
55,0,11,0.5760089755058289,0.8310193419456482,-0.0512137599289417
55,0,12,0.5493061542510986,0.832271158695221,-0.0564733818173408
55,0,13,0.6717336773872375,0.8645994663238525,-0.0377673432230949
55,0,14,0.6174780130386353,0.8613449931144714,-0.0474949851632118
55,0,15,0.5837498307228088,0.860708475112915,-0.052088089287281
55,0,16,0.5584157705307007,0.8597589135169983,-0.0557244904339313
55,0,17,0.6765052080154419,0.8953353762626648,-0.0429159179329872
55,0,18,0.6383616924285889,0.8911822438240051,-0.0522374548017978
55,0,19,0.6135969161987305,0.8882453441619873,-0.0549196451902389
55,0,20,0.5920064449310303,0.8849202394485474,-0.0562719218432903
55,0,24,0.69622403383255,0.5516268014907837,-0.3471298813819885
55,0,25,0.8927454352378845,0.8332074880599976,-0.5783625841140747
55,1,0,0.0,0.0,0.0
55,1,1,0.0,0.0,0.0
55,1,2,0.0,0.0,0.0
55,1,3,0.0,0.0,0.0
55,1,4,0.0,0.0,0.0
55,1,5,0.0,0.0,0.0
55,1,6,0.0,0.0,0.0
55,1,7,0.0,0.0,0.0
55,1,8,0.0,0.0,0.0
55,1,9,0.0,0.0,0.0
55,1,10,0.0,0.0,0.0
55,1,11,0.0,0.0,0.0
55,1,12,0.0,0.0,0.0
55,1,13,0.0,0.0,0.0
55,1,14,0.0,0.0,0.0
55,1,15,0.0,0.0,0.0
55,1,16,0.0,0.0,0.0
55,1,17,0.0,0.0,0.0
55,1,18,0.0,0.0,0.0
55,1,19,0.0,0.0,0.0
55,1,20,0.0,0.0,0.0
55,1,24,0.3221772909164428,0.5490084886550903,-0.3744910061359405
55,1,25,0.2501404285430908,0.8864372372627258,-0.1500056684017181
59,0,0,0.7486668825149536,0.8649341464042664,1.707212931023605e-07
59,0,1,0.7238508462905884,0.8288549184799194,-0.0013490407727658
59,0,2,0.6893286108970642,0.7984198927879333,-0.006816039327532
59,0,3,0.657829225063324,0.7837083339691162,-0.0120627461001276
59,0,4,0.6306644678115845,0.7842547297477722,-0.0188987031579017
59,0,5,0.6673426032066345,0.8101908564567566,-0.0239277873188257
59,0,6,0.6157476305961609,0.8059242367744446,-0.0371572449803352
59,0,7,0.584228515625,0.8076486587524414,-0.044959545135498
59,0,8,0.5592074394226074,0.8105813264846802,-0.0496903248131275
59,0,9,0.6664205193519592,0.8362252712249756,-0.0311343595385551
59,0,10,0.6101287603378296,0.8311576247215271,-0.0428953953087329
59,0,11,0.5750138759613037,0.8318164944648743,-0.0499331206083297
59,0,12,0.5485332608222961,0.8335345983505249,-0.0552175864577293
59,0,13,0.6691843867301941,0.8652329444885254,-0.0370511598885059
59,0,14,0.6160136461257935,0.860597550868988,-0.0463284626603126
59,0,15,0.5823856592178345,0.8594973087310791,-0.0506424680352211
59,0,16,0.5568605661392212,0.8583542704582214,-0.054251242429018
59,0,17,0.674898087978363,0.8958166837692261,-0.0423973724246025
59,0,18,0.6371620297431946,0.891420304775238,-0.0515013486146926
59,0,19,0.6125088930130005,0.8882277607917786,-0.0540115386247634
59,0,20,0.5908081531524658,0.884556233882904,-0.0552915036678314
59,0,24,0.696672797203064,0.5516598224639893,-0.2984550595283508
59,0,25,0.885640025138855,0.8312015533447266,-0.513677716255188
59,1,0,0.0,0.0,0.0
59,1,1,0.0,0.0,0.0
59,1,2,0.0,0.0,0.0
59,1,3,0.0,0.0,0.0
59,1,4,0.0,0.0,0.0
59,1,5,0.0,0.0,0.0
59,1,6,0.0,0.0,0.0
59,1,7,0.0,0.0,0.0
59,1,8,0.0,0.0,0.0
59,1,9,0.0,0.0,0.0
59,1,10,0.0,0.0,0.0
59,1,11,0.0,0.0,0.0
59,1,12,0.0,0.0,0.0
59,1,13,0.0,0.0,0.0
59,1,14,0.0,0.0,0.0
59,1,15,0.0,0.0,0.0
59,1,16,0.0,0.0,0.0
59,1,17,0.0,0.0,0.0
59,1,18,0.0,0.0,0.0
59,1,19,0.0,0.0,0.0
59,1,20,0.0,0.0,0.0
59,1,24,0.3260965049266815,0.5522798895835876,-0.3090339601039886
59,1,25,0.252945601940155,0.8883566856384277,-0.0995967760682106
62,0,0,0.7478250861167908,0.8664506673812866,1.7306710731190833e-07
62,0,1,0.7243650555610657,0.8302364945411682,-0.0020574408117681
62,0,2,0.6906023025512695,0.7986973524093628,-0.0083687733858823
62,0,3,0.6587393879890442,0.7838161587715149,-0.0141318850219249
62,0,4,0.6321361064910889,0.7865023016929626,-0.0215057469904422
62,0,5,0.669506847858429,0.8093796968460083,-0.0259970687329769
62,0,6,0.6161959767341614,0.8059017062187195,-0.0395221821963787
62,0,7,0.5845422148704529,0.8078259825706482,-0.0474341101944446
62,0,8,0.5595028400421143,0.8106688261032104,-0.0522123351693153
62,0,9,0.6685409545898438,0.8357704281806946,-0.032757218927145
62,0,10,0.6111632585525513,0.8318984508514404,-0.0443580485880374
62,0,11,0.5760584473609924,0.8328025937080383,-0.0508625917136669
62,0,12,0.5496694445610046,0.8346314430236816,-0.0559654831886291
62,0,13,0.6707059144973755,0.8654263615608215,-0.0382321402430534
62,0,14,0.617111325263977,0.8612138628959656,-0.0472523309290409
62,0,15,0.5840051770210266,0.8600056171417236,-0.0510785840451717
62,0,16,0.559185802936554,0.8590108156204224,-0.0544452220201492
62,0,17,0.6754865646362305,0.8965873718261719,-0.0431724600493907
62,0,18,0.6370463967323303,0.8909491896629333,-0.0516736023128032
62,0,19,0.6125941872596741,0.8874151706695557,-0.0536886863410472
62,0,20,0.5913811326026917,0.8839329481124878,-0.0547877103090286
62,0,24,0.6954553127288818,0.5494151711463928,-0.2420211434364318
62,0,25,0.8868415355682373,0.8303006887435913,-0.4512649774551391
62,1,0,0.0,0.0,0.0
62,1,1,0.0,0.0,0.0
62,1,2,0.0,0.0,0.0
62,1,3,0.0,0.0,0.0
62,1,4,0.0,0.0,0.0
62,1,5,0.0,0.0,0.0
62,1,6,0.0,0.0,0.0
62,1,7,0.0,0.0,0.0
62,1,8,0.0,0.0,0.0
62,1,9,0.0,0.0,0.0
62,1,10,0.0,0.0,0.0
62,1,11,0.0,0.0,0.0
62,1,12,0.0,0.0,0.0
62,1,13,0.0,0.0,0.0
62,1,14,0.0,0.0,0.0
62,1,15,0.0,0.0,0.0
62,1,16,0.0,0.0,0.0
62,1,17,0.0,0.0,0.0
62,1,18,0.0,0.0,0.0
62,1,19,0.0,0.0,0.0
62,1,20,0.0,0.0,0.0
62,1,24,0.3254249095916748,0.5505295991897583,-0.2711385488510132
62,1,25,0.2530076503753662,0.883172333240509,-0.0498848557472229
64,0,0,0.7462498545646667,0.8656371235847473,1.5625938942775974e-07
64,0,1,0.7229894399642944,0.829160749912262,-0.0019800628069788
64,0,2,0.6900172829627991,0.7972134351730347,-0.0080199399963021
64,0,3,0.6583203673362732,0.7828894853591919,-0.013690878637135
64,0,4,0.631655216217041,0.7870944738388062,-0.020907474681735
64,0,5,0.6695563197135925,0.8081648349761963,-0.0242702849209308
64,0,6,0.6169247031211853,0.805050790309906,-0.0378225855529308
64,0,7,0.5855991840362549,0.8071739673614502,-0.045994509011507
64,0,8,0.5610584616661072,0.8099578022956848,-0.0509601682424545
64,0,9,0.6691642999649048,0.8344979286193848,-0.0311843361705541
64,0,10,0.6128774881362915,0.8305196762084961,-0.0431197583675384
64,0,11,0.577595591545105,0.8307250738143921,-0.0504186488687992
64,0,12,0.5508555173873901,0.8320808410644531,-0.0561523512005806
64,0,13,0.6717816591262817,0.863617479801178,-0.0369474589824676
64,0,14,0.6188598275184631,0.8608364462852478,-0.0464254319667816
64,0,15,0.5851381421089172,0.8606058359146118,-0.0507763959467411
64,0,16,0.5597406029701233,0.8602007031440735,-0.0544453598558902
64,0,17,0.6761780381202698,0.8940749764442444,-0.0422190986573696
64,0,18,0.6375158429145813,0.8904384970664978,-0.0510412342846393
64,0,19,0.6125152707099915,0.8877383470535278,-0.0535564348101615
64,0,20,0.590705394744873,0.8847061991691589,-0.055049892514944
64,0,24,0.6971930861473083,0.5504639148712158,-0.3620509505271911
64,0,25,0.8902009725570679,0.8322019577026367,-0.5872985124588013
64,1,0,0.0,0.0,0.0
64,1,1,0.0,0.0,0.0
64,1,2,0.0,0.0,0.0
64,1,3,0.0,0.0,0.0
64,1,4,0.0,0.0,0.0
64,1,5,0.0,0.0,0.0
64,1,6,0.0,0.0,0.0
64,1,7,0.0,0.0,0.0
64,1,8,0.0,0.0,0.0
64,1,9,0.0,0.0,0.0
64,1,10,0.0,0.0,0.0
64,1,11,0.0,0.0,0.0
64,1,12,0.0,0.0,0.0
64,1,13,0.0,0.0,0.0
64,1,14,0.0,0.0,0.0
64,1,15,0.0,0.0,0.0
64,1,16,0.0,0.0,0.0
64,1,17,0.0,0.0,0.0
64,1,18,0.0,0.0,0.0
64,1,19,0.0,0.0,0.0
64,1,20,0.0,0.0,0.0
64,1,24,0.329554945230484,0.5492250323295593,-0.342892438173294
64,1,25,0.2545405328273773,0.8810216188430786,-0.1083065941929817
