Frame,Hand,Landmark,X,Y,Z
2,0,0,0.6284443140029907,0.8160301446914673,-1.3721540881306282e-07
2,0,1,0.6473339796066284,0.7688239216804504,-0.0042666792869567
2,0,2,0.687592089176178,0.7400262951850891,-0.01028264593333
2,0,3,0.7317684292793274,0.7331646680831909,-0.0151829440146684
2,0,4,0.7650423049926758,0.7338923215866089,-0.0179254803806543
2,0,5,0.7105070948600769,0.7706170082092285,-0.0259686168283224
2,0,6,0.7806783318519592,0.7616226077079773,-0.0383060872554779
2,0,7,0.7936034798622131,0.7520232796669006,-0.0401835739612579
2,0,8,0.7846381664276123,0.7491737604141235,-0.0374040119349956
2,0,9,0.7201653718948364,0.8083930611610413,-0.0277280900627374
2,0,10,0.7906776666641235,0.7972202897071838,-0.0349988229572773
2,0,11,0.800238847732544,0.7847728133201599,-0.0314703062176704
2,0,12,0.7903756499290466,0.7777630686759949,-0.0266951993107795
2,0,13,0.7234874367713928,0.8389958143234253,-0.0286090932786464
2,0,14,0.7856438755989075,0.8294387459754944,-0.0322615429759025
2,0,15,0.7932007908821106,0.8149356245994568,-0.023016944527626
2,0,16,0.7860170006752014,0.80652916431427,-0.0151758287101984
2,0,17,0.7221367359161377,0.8615396618843079,-0.0294819492846727
2,0,18,0.7688257098197937,0.8508918285369873,-0.0301306098699569
2,0,19,0.7778144478797913,0.8370776772499084,-0.0209306888282299
2,0,20,0.7731472253799438,0.8286164999008179,-0.0121795795857906
2,0,21,0.6003494262695312,0.3506188988685608,-0.9622499346733092
2,0,22,0.6237798929214478,0.3091028332710266,-0.9151507616043092
2,0,23,0.6082150936126709,0.382964015007019,-0.8330751657485962
2,1,0,0.7671633362770081,0.8342326879501343,-2.095216800057642e-08
2,1,1,0.7981172800064087,0.8202038407325745,-0.0139928208664059
2,1,2,0.8301920294761658,0.8194538950920105,-0.0236392877995967
2,1,3,0.8523844480514526,0.8313460946083069,-0.0326536409556865
2,1,4,0.8534603714942932,0.8505793213844299,-0.0400974713265895
2,1,5,0.8439763188362122,0.8769477009773254,-0.0068261451087892
2,1,6,0.8687406182289124,0.8988956212997437,-0.015692951157689
2,1,7,0.875913679599762,0.9043214321136476,-0.024069495499134
2,1,8,0.8790645599365234,0.9079977869987488,-0.0299682561308145
2,1,9,0.8286988735198975,0.8925184607505798,-0.0067631364800035
2,1,10,0.8523896932601929,0.9154708385467528,-0.0127692203968763
2,1,11,0.8604812026023865,0.9205094575881958,-0.0178267825394868
2,1,12,0.8625961542129517,0.9225724935531616,-0.0215058270841836
2,1,13,0.8094314932823181,0.901123821735382,-0.009003160521388
2,1,14,0.8272421956062317,0.9225210547447203,-0.0143522368744015
2,1,15,0.8341493606567383,0.9263789057731628,-0.0141368750482797
2,1,16,0.8376181125640869,0.9266517758369446,-0.0139641175046563
2,1,17,0.7859308123588562,0.9043067693710328,-0.0131311118602752
2,1,18,0.7986357808113098,0.9200246930122375,-0.0173729881644248
2,1,19,0.8079802393913269,0.9229031205177308,-0.015932897105813
2,1,20,0.8161497712135315,0.9225264191627502,-0.0142744090408086
2,1,21,0.6003494262695312,0.3506188988685608,-0.9622499346733092
2,1,22,0.5622923970222473,0.3063128590583801,-0.949935019016266
2,1,23,0.5677986145019531,0.3840302228927612,-0.8764461278915405
7,0,0,0.8496915102005005,0.8608296513557434,4.3824620377108665e-08
7,0,1,0.8813249468803406,0.8474812507629395,-0.0140335671603679
7,0,2,0.9192923307418824,0.8541213870048523,-0.0215930994600057
7,0,3,0.9435240030288696,0.8707828521728516,-0.028380973264575
7,0,4,0.9566203355789183,0.8888097405433655,-0.0345120504498481
7,0,5,0.9366623759269714,0.9107252955436708,-0.0103033035993576
7,0,6,0.9693732261657716,0.9302496314048768,-0.0220660176128149
7,0,7,0.988431751728058,0.9400272965431212,-0.0325463637709617
7,0,8,1.0046511888504028,0.9491377472877502,-0.0404242761433124
7,0,9,0.9240960478782654,0.926057517528534,-0.0126969655975699
7,0,10,0.95671945810318,0.9473856091499328,-0.0221208874136209
7,0,11,0.9771291017532348,0.9588138461112976,-0.0310704316943883
7,0,12,0.99428391456604,0.968468427658081,-0.0378702767193317
7,0,13,0.9052305817604064,0.9350438714027404,-0.0172668807208538
7,0,14,0.9330472350120544,0.956228733062744,-0.0269426591694355
7,0,15,0.951893150806427,0.9666757583618164,-0.0320934206247329
7,0,16,0.9679479002952576,0.974504292011261,-0.0358113162219524
7,0,17,0.8808767795562744,0.9385594725608826,-0.023539001122117
7,0,18,0.9021496176719666,0.9550457000732422,-0.032683502882719
7,0,19,0.9173567891120912,0.9612523913383484,-0.035089123994112
7,0,20,0.9309048056602478,0.9642412662506104,-0.0363195836544036
7,0,21,0.5974066853523254,0.34926438331604,-0.893606424331665
7,0,22,0.6214297413825989,0.3062121272087097,-0.8474497199058533
7,0,23,0.6064746975898743,0.3817757368087768,-0.7687584757804871
7,1,0,0.6812540888786316,0.8392184376716614,-3.932017875740712e-07
7,1,1,0.7130044102668762,0.788979709148407,-5.386174962040968e-05
7,1,2,0.7581201791763306,0.7651576399803162,-0.0017071578186005
7,1,3,0.7991132140159607,0.7683176398277283,-0.0044836816377937
7,1,4,0.8256610035896301,0.7787884473800659,-0.0055810436606407
7,1,5,0.7890827059745789,0.7967024445533752,-0.0066461926326155
7,1,6,0.8428028225898743,0.7840994596481323,-0.0160052236169576
7,1,7,0.8286542296409607,0.7801032662391663,-0.0204959064722061
7,1,8,0.8051533102989197,0.7847321629524231,-0.0210235379636287
7,1,9,0.7950207591056824,0.8373799920082092,-0.0106996949762105
7,1,10,0.8479653000831604,0.8218345046043396,-0.0142346704378724
7,1,11,0.8347465395927429,0.8123793005943298,-0.0136398132890462
7,1,12,0.8119438886642456,0.8138130307197571,-0.0124103398993611
7,1,13,0.7937701940536499,0.8700454831123352,-0.0147542087361216
7,1,14,0.8434959053993225,0.8566463589668274,-0.0175943225622177
7,1,15,0.831884503364563,0.8450075387954712,-0.0128460125997662
7,1,16,0.8110454082489014,0.844287633895874,-0.0092145670205354
7,1,17,0.7875709533691406,0.8943464756011963,-0.0187284555286169
7,1,18,0.8237839937210083,0.8818140029907227,-0.0199182778596878
7,1,19,0.8176478147506714,0.8708630204200745,-0.0131643554195761
7,1,20,0.8018057942390442,0.8705264329910278,-0.0067790695466101
7,1,21,0.5974066853523254,0.34926438331604,-0.893606424331665
7,1,22,0.5623305439949036,0.3043400049209595,-0.8881645202636719
7,1,23,0.5632243752479553,0.3834853768348694,-0.8201795816421509
8,0,0,0.8554067015647888,0.8590728044509888,4.80341775244142e-08
8,0,1,0.8886926174163818,0.849629819393158,-0.0140215782448649
8,0,2,0.928126335144043,0.8595931529998779,-0.0220735762268304
8,0,3,0.9532052278518676,0.8771803975105286,-0.0295539516955614
8,0,4,0.9652907252311708,0.8963700532913208,-0.0364063493907451
8,0,5,0.9473612904548644,0.9158786535263062,-0.0095066102221608
8,0,6,0.979649305343628,0.9380998611450196,-0.0226278528571128
8,0,7,0.9996076822280884,0.9478944540023804,-0.0346810482442379
8,0,8,1.017121195793152,0.9550224542617798,-0.0436494350433349
8,0,9,0.9337573051452636,0.930288016796112,-0.0125280600041151
8,0,10,0.9642229676246644,0.9544810652732848,-0.0228942390531301
8,0,11,0.984726071357727,0.9655379056930542,-0.0326120480895042
8,0,12,1.002808928489685,0.9733509421348572,-0.0399780198931694
8,0,13,0.9135065078735352,0.9384130239486694,-0.0179126914590597
8,0,14,0.9388076663017272,0.9609928131103516,-0.0277259033173322
8,0,15,0.9571104049682616,0.9717761278152466,-0.0326528660953044
8,0,16,0.9733924269676208,0.9792856574058532,-0.0364206954836845
8,0,17,0.8876448273658752,0.9407929182052612,-0.0251768883317708
8,0,18,0.9067811965942384,0.9583827257156372,-0.0338811166584491
8,0,19,0.9218491911888124,0.9651556611061096,-0.0358450189232826
8,0,20,0.9358577132225036,0.9683883786201476,-0.0369754061102867
8,0,21,0.5950199961662292,0.3435394167900085,-0.939665913581848
8,0,22,0.6188778281211853,0.3040838241577148,-0.892273485660553
8,0,23,0.6046015024185181,0.3766015768051147,-0.8090640306472778
8,1,0,0.6890156269073486,0.8347555994987488,-3.944713284909085e-07
8,1,1,0.7226042151451111,0.7816498279571533,-0.0019976247567683
8,1,2,0.7670475840568542,0.7561739683151245,-0.0070518543943762
8,1,3,0.8095844388008118,0.7615087032318115,-0.0125100249424576
8,1,4,0.8362545967102051,0.7773096561431885,-0.0162072498351335
8,1,5,0.797273576259613,0.7929320931434631,-0.0120288636535406
8,1,6,0.8499986529350281,0.7848204970359802,-0.0206078588962554
8,1,7,0.8329758644104004,0.7795848250389099,-0.0246623549610376
8,1,8,0.8090517520904541,0.7840014100074768,-0.0258344169706106
8,1,9,0.7982180714607239,0.8342562913894653,-0.0158509705215692
8,1,10,0.8511331081390381,0.821919858455658,-0.0184350032359361
8,1,11,0.8370864987373352,0.8124752044677734,-0.0170960091054439
8,1,12,0.8135620355606079,0.8138036727905273,-0.0163211561739444
8,1,13,0.7928251624107361,0.8679078817367554,-0.019390108063817
8,1,14,0.8433840274810791,0.8559603691101074,-0.0222846716642379
8,1,15,0.830264687538147,0.8450517058372498,-0.0168251078575849
8,1,16,0.8079033493995667,0.8453835248947144,-0.0134479701519012
8,1,17,0.7843180894851685,0.8932613730430603,-0.0227777156978845
8,1,18,0.8211221694946289,0.8802782893180847,-0.0258386842906475
8,1,19,0.8121200203895569,0.8692510724067688,-0.0193949453532695
8,1,20,0.7936927080154419,0.8693150877952576,-0.0134201711043715
8,1,21,0.5950199961662292,0.3435394167900085,-0.939665913581848
8,1,22,0.5595494508743286,0.3006367683410644,-0.9319786429405212
8,1,23,0.5602343678474426,0.3778058290481567,-0.8588846325874329
9,0,0,0.845089852809906,0.8612675666809082,4.423355903782068e-08
9,0,1,0.8813425898551941,0.8519408702850342,-0.0131306638941168
9,0,2,0.924170732498169,0.8633496165275574,-0.0202785041183233
9,0,3,0.9507442712783812,0.8815579414367676,-0.0273027662187814
9,0,4,0.9629695415496826,0.9008212089538574,-0.0337604843080043
9,0,5,0.9403367042541504,0.9172542691230774,-0.0065951473079621
9,0,6,0.973003625869751,0.9406864643096924,-0.0199784096330404
9,0,7,0.9950740337371826,0.9507163763046264,-0.0323189198970794
9,0,8,1.0138068199157717,0.9578620791435242,-0.0411454699933528
9,0,9,0.9283595681190492,0.9318779706954956,-0.0096436170861125
9,0,10,0.961988925933838,0.9562203288078308,-0.0208160020411014
9,0,11,0.9855996966362,0.9683425426483154,-0.0309728607535362
9,0,12,1.0052560567855835,0.9776358604431152,-0.0381413660943508
9,0,13,0.911191999912262,0.9410804510116576,-0.015139645896852
9,0,14,0.9429472088813782,0.9644210934638976,-0.0254243090748786
9,0,15,0.965071976184845,0.9763755798339844,-0.0300891399383544
9,0,16,0.9836490154266356,0.9858084321022034,-0.0330152362585067
9,0,17,0.8891316056251526,0.9456956386566162,-0.0225100331008434
9,0,18,0.9148736596107484,0.9655575156211852,-0.0310109108686447
9,0,19,0.9345843195915222,0.9749987721443176,-0.0329371243715286
9,0,20,0.9517977237701416,0.9813057780265808,-0.0337249226868152
9,0,21,0.592768132686615,0.3409737348556518,-0.9741376042366028
9,0,22,0.6178403496742249,0.2993661761283874,-0.9248822331428528
9,0,23,0.6035028696060181,0.3757156133651733,-0.8422145247459412
9,1,0,0.6856529712677002,0.8317329287528992,-3.9269656326723634e-07
9,1,1,0.7201317548751831,0.7779951691627502,-0.0009543028427287
9,1,2,0.764678955078125,0.7509047389030457,-0.0056329653598368
9,1,3,0.8065490126609802,0.7571061849594116,-0.010879966430366
9,1,4,0.8315219879150391,0.7735747694969177,-0.014356774277985
9,1,5,0.7955985069274902,0.789013147354126,-0.0119795398786664
9,1,6,0.8498234748840332,0.7798642516136169,-0.0204065088182687
9,1,7,0.8325306177139282,0.7776021361351013,-0.0247190184891223
9,1,8,0.8086087703704834,0.783977746963501,-0.0260735712945461
9,1,9,0.7972124218940735,0.829865574836731,-0.0159979034215211
9,1,10,0.8485736846923828,0.8173801898956299,-0.0181320123374462
9,1,11,0.8344526886940002,0.8095210790634155,-0.0170398000627756
9,1,12,0.8112128376960754,0.8119324445724487,-0.0166237968951463
9,1,13,0.7931870818138123,0.8626750707626343,-0.0195788014680147
9,1,14,0.838363766670227,0.8498612642288208,-0.0211594197899103
9,1,15,0.8259963393211365,0.8407273888587952,-0.0161354634910821
9,1,16,0.8044889569282532,0.8423320651054382,-0.013437857851386
9,1,17,0.7859541177749634,0.887742817401886,-0.023027841001749
9,1,18,0.8207741975784302,0.8732782602310181,-0.0242744088172912
9,1,19,0.8106598854064941,0.8640816807746887,-0.0173468701541423
9,1,20,0.791834831237793,0.8657322525978088,-0.01140474434942
9,1,21,0.592768132686615,0.3409737348556518,-0.9741376042366028
9,1,22,0.5563209652900696,0.2972171306610107,-0.9657381772994996
9,1,23,0.5582321882247925,0.3763924837112427,-0.8938040137290955
10,0,0,0.6817187070846558,0.8262424468994141,-3.845338483188243e-07
10,0,1,0.7229731678962708,0.774654746055603,0.001265191938728
10,0,2,0.7699133157730103,0.7532393932342529,-0.0027601241599768
10,0,3,0.809587299823761,0.7648861408233643,-0.0082704406231641
10,0,4,0.830424427986145,0.7869306802749634,-0.0120999244973063
10,0,5,0.7952916026115417,0.7826078534126282,-0.0077555649913847
10,0,6,0.8489364981651306,0.7744958996772766,-0.018754992634058
10,0,7,0.8334628343582153,0.7745218276977539,-0.0254151187837123
10,0,8,0.8089850544929504,0.7809224128723145,-0.0274733658879995
10,0,9,0.7969255447387695,0.8232871890068054,-0.0127792125567793
10,0,10,0.8463423252105713,0.8141018748283386,-0.0163326896727085
10,0,11,0.8333774209022522,0.8083384037017822,-0.016524301841855
10,0,12,0.8101375699043274,0.8092950582504272,-0.0165138207376003
10,0,13,0.7928265333175659,0.857351541519165,-0.0176428165286779
10,0,14,0.8328452706336975,0.8457546234130859,-0.0192756261676549
10,0,15,0.8221138715744019,0.8386051058769226,-0.0147213749587535
10,0,16,0.8015979528427124,0.8396317362785339,-0.0121079590171575
10,0,17,0.7857570648193359,0.8845974206924438,-0.0224460791796445
10,0,18,0.817009687423706,0.8715783357620239,-0.0218464434146881
10,0,19,0.807175874710083,0.8627991676330566,-0.0141122844070196
10,0,20,0.7887046337127686,0.8630029559135437,-0.0076719340868294
10,0,21,0.5936338901519775,0.3481119871139526,-0.9018452763557434
10,0,22,0.6190137267112732,0.3093168139457702,-0.8533857464790344
10,0,23,0.6023450493812561,0.3828713297843933,-0.769480288028717
10,1,0,0.8327208161354065,0.8637474179267883,7.13750196723595e-08
10,1,1,0.8718064427375793,0.853997528553009,-0.012711139395833
10,1,2,0.9159981608390808,0.8666075468063354,-0.0207768604159355
10,1,3,0.9412108063697816,0.8862718343734741,-0.0290828365832567
10,1,4,0.9498507380485536,0.9051358699798584,-0.0373372994363307
10,1,5,0.9351500272750854,0.9242355823516846,-0.0099560525268316
10,1,6,0.971487522125244,0.9517284035682678,-0.0257229842245578
10,1,7,0.9952875971794128,0.964311182498932,-0.0397081263363361
10,1,8,1.0163354873657229,0.972762167453766,-0.0496963113546371
10,1,9,0.9216890931129456,0.9368682503700256,-0.0151340262964367
10,1,10,0.9563629031181335,0.96573406457901,-0.0294364560395479
10,1,11,0.980994999408722,0.9782940149307252,-0.0411679707467556
10,1,12,1.0029009580612185,0.9868302941322328,-0.0492701604962348
10,1,13,0.9049020409584044,0.944312334060669,-0.0226436499506235
10,1,14,0.9367285966873168,0.970916509628296,-0.0356140024960041
10,1,15,0.9607439041137696,0.9822030067443848,-0.0406643413007259
10,1,16,0.9812909960746764,0.9898170828819276,-0.043415430933237
10,1,17,0.8844783306121826,0.9477625489234924,-0.0320901311933994
10,1,18,0.9128762483596802,0.9684978723526,-0.0421296805143356
10,1,19,0.9337838888168336,0.9789241552352904,-0.0435888394713401
10,1,20,0.951698362827301,0.985031247138977,-0.0439016260206699
10,1,21,0.5936338901519775,0.3481119871139526,-0.9018452763557434
10,1,22,0.55998295545578,0.3045240640640259,-0.8941926956176758
10,1,23,0.5582567453384399,0.3817842006683349,-0.8206012845039368
11,0,0,0.6756962537765503,0.8151575326919556,-3.425641637022636e-07
11,0,1,0.7090935707092285,0.7654697895050049,0.002042467938736
11,0,2,0.7541211843490601,0.7474920153617859,-0.0005433410988189
11,0,3,0.7911900877952576,0.7602385878562927,-0.0046407920308411
11,0,4,0.8109346032142639,0.7788830995559692,-0.0070786820724606
11,0,5,0.7854700684547424,0.7647732496261597,-0.0074255163781344
11,0,6,0.8392379283905029,0.7623165249824524,-0.0173238050192594
11,0,7,0.825454831123352,0.7656436562538147,-0.0227621085941791
11,0,8,0.8016418218612671,0.7692018151283264,-0.0238480623811483
11,0,9,0.7887839674949646,0.8032798171043396,-0.0128212282434105
11,0,10,0.8344686031341553,0.80000901222229,-0.0144156767055392
11,0,11,0.8213778734207153,0.797845184803009,-0.0139676975086331
11,0,12,0.7995996475219727,0.7977285981178284,-0.0137003976851701
11,0,13,0.7847869992256165,0.8384142518043518,-0.0179543104022741
11,0,14,0.8220134377479553,0.833857536315918,-0.018957482650876
11,0,15,0.8098818063735962,0.8277930617332458,-0.0147692048922181
11,0,16,0.7903655767440796,0.82737797498703,-0.0122509719803929
11,0,17,0.7766851782798767,0.8684936761856079,-0.0228699576109647
11,0,18,0.806010901927948,0.8622852563858032,-0.0223445631563663
11,0,19,0.7957561016082764,0.8546829223632812,-0.0147284278646111
11,0,20,0.7784565091133118,0.8545405268669128,-0.0081118242815136
11,0,21,0.5951518416404724,0.3485402464866638,-0.9232816696166992
11,0,22,0.6214933395385742,0.3080401420593261,-0.8779754638671875
11,0,23,0.604238748550415,0.384639024734497,-0.786567747592926
11,1,0,0.0,0.0,0.0
11,1,1,0.0,0.0,0.0
11,1,2,0.0,0.0,0.0
11,1,3,0.0,0.0,0.0
11,1,4,0.0,0.0,0.0
11,1,5,0.0,0.0,0.0
11,1,6,0.0,0.0,0.0
11,1,7,0.0,0.0,0.0
11,1,8,0.0,0.0,0.0
11,1,9,0.0,0.0,0.0
11,1,10,0.0,0.0,0.0
11,1,11,0.0,0.0,0.0
11,1,12,0.0,0.0,0.0
11,1,13,0.0,0.0,0.0
11,1,14,0.0,0.0,0.0
11,1,15,0.0,0.0,0.0
11,1,16,0.0,0.0,0.0
11,1,17,0.0,0.0,0.0
11,1,18,0.0,0.0,0.0
11,1,19,0.0,0.0,0.0
11,1,20,0.0,0.0,0.0
11,1,21,0.5951518416404724,0.3485402464866638,-0.9232816696166992
11,1,22,0.5602306127548218,0.3022764325141907,-0.914042592048645
11,1,23,0.5591211915016174,0.3832281231880188,-0.8310427665710449
14,0,0,0.6500486731529236,0.8066707849502563,-4.08944373475606e-07
14,0,1,0.6877647638320923,0.758610188961029,0.0019032412674278
14,0,2,0.7347398400306702,0.7383741140365601,-0.0019901278428733
14,0,3,0.7722316384315491,0.7493299841880798,-0.0074609876610338
14,0,4,0.7905445098876953,0.7709175944328308,-0.0113155012950301
14,0,5,0.7558819055557251,0.7585356831550598,-0.0097165470942854
14,0,6,0.8102043867111206,0.7521518468856812,-0.0212490819394588
14,0,7,0.7903732061386108,0.7541517019271851,-0.0277677439153194
14,0,8,0.7650240063667297,0.7594900727272034,-0.0299492180347442
14,0,9,0.7569805383682251,0.7966903448104858,-0.0156234577298164
14,0,10,0.8054832220077515,0.7903807163238525,-0.020153235644102
14,0,11,0.7880306839942932,0.7871338129043579,-0.0202246382832527
14,0,12,0.7649015784263611,0.7888649106025696,-0.0201661512255668
14,0,13,0.7519901394844055,0.8311329483985901,-0.0211800169199705
14,0,14,0.7920500040054321,0.8222600221633911,-0.0243463814258575
14,0,15,0.777150571346283,0.8169877529144287,-0.0191456899046897
14,0,16,0.7556494474411011,0.8182723522186279,-0.0158521439880132
14,0,17,0.7440929412841797,0.8605125546455383,-0.0265439748764038
14,0,18,0.7782586812973022,0.8520354628562927,-0.0278936140239238
14,0,19,0.7655953168869019,0.8450304865837097,-0.019977830350399
14,0,20,0.745975136756897,0.8460168242454529,-0.0133763337507843
14,0,21,0.6012433171272278,0.3576822280883789,-0.7589476108551025
14,0,22,0.6240549087524414,0.3156388401985168,-0.7157061100006104
14,0,23,0.6066948771476746,0.3868317604064941,-0.6417089104652405
14,1,0,0.0,0.0,0.0
14,1,1,0.0,0.0,0.0
14,1,2,0.0,0.0,0.0
14,1,3,0.0,0.0,0.0
14,1,4,0.0,0.0,0.0
14,1,5,0.0,0.0,0.0
14,1,6,0.0,0.0,0.0
14,1,7,0.0,0.0,0.0
14,1,8,0.0,0.0,0.0
14,1,9,0.0,0.0,0.0
14,1,10,0.0,0.0,0.0
14,1,11,0.0,0.0,0.0
14,1,12,0.0,0.0,0.0
14,1,13,0.0,0.0,0.0
14,1,14,0.0,0.0,0.0
14,1,15,0.0,0.0,0.0
14,1,16,0.0,0.0,0.0
14,1,17,0.0,0.0,0.0
14,1,18,0.0,0.0,0.0
14,1,19,0.0,0.0,0.0
14,1,20,0.0,0.0,0.0
14,1,21,0.6012433171272278,0.3576822280883789,-0.7589476108551025
14,1,22,0.564824104309082,0.3111567497253418,-0.7495058178901672
14,1,23,0.5663011074066162,0.3887059688568115,-0.6829937696456909
15,0,0,0.6429816484451294,0.8036286234855652,-3.813132138930088e-07
15,0,1,0.6709858179092407,0.7542712688446045,-0.0015800829278305
15,0,2,0.7155153155326843,0.7276356220245361,-0.0071205110289156
15,0,3,0.7562646269798279,0.7331571578979492,-0.0131949596107006
15,0,4,0.7818740010261536,0.7507480978965759,-0.0173836350440979
15,0,5,0.7427836656570435,0.7539969086647034,-0.0144112585112452
15,0,6,0.7946904897689819,0.7478010654449463,-0.024903692305088
15,0,7,0.7759011387825012,0.7474671602249146,-0.0300711095333099
15,0,8,0.7512327432632446,0.7521204948425293,-0.0316555388271808
15,0,9,0.7434225678443909,0.7908222675323486,-0.0190505124628543
15,0,10,0.7917969226837158,0.7837840914726257,-0.0239972081035375
15,0,11,0.7767212986946106,0.778891921043396,-0.0242127124220132
15,0,12,0.7530677318572998,0.7810028791427612,-0.0239163264632225
15,0,13,0.7374927997589111,0.8237160444259644,-0.0232808999717235
15,0,14,0.7780230641365051,0.8142386674880981,-0.0276149194687604
15,0,15,0.7639237642288208,0.8079210519790649,-0.0232470892369747
15,0,16,0.7421212196350098,0.8102923035621643,-0.0201686676591634
15,0,17,0.728637158870697,0.8524752259254456,-0.0273475348949432
15,0,18,0.7611512541770935,0.8410831689834595,-0.0312580280005931
15,0,19,0.7489995360374451,0.8338844776153564,-0.0251813605427742
15,0,20,0.7290089726448059,0.8365899920463562,-0.0193303059786558
15,0,21,0.5988093614578247,0.3583629727363586,-0.7167978286743164
15,0,22,0.6225486993789673,0.3156428933143616,-0.6749026775360107
15,0,23,0.60318523645401,0.3898945450782776,-0.5953493118286133
15,1,0,0.0,0.0,0.0
15,1,1,0.0,0.0,0.0
15,1,2,0.0,0.0,0.0
15,1,3,0.0,0.0,0.0
15,1,4,0.0,0.0,0.0
15,1,5,0.0,0.0,0.0
15,1,6,0.0,0.0,0.0
15,1,7,0.0,0.0,0.0
15,1,8,0.0,0.0,0.0
15,1,9,0.0,0.0,0.0
15,1,10,0.0,0.0,0.0
15,1,11,0.0,0.0,0.0
15,1,12,0.0,0.0,0.0
15,1,13,0.0,0.0,0.0
15,1,14,0.0,0.0,0.0
15,1,15,0.0,0.0,0.0
15,1,16,0.0,0.0,0.0
15,1,17,0.0,0.0,0.0
15,1,18,0.0,0.0,0.0
15,1,19,0.0,0.0,0.0
15,1,20,0.0,0.0,0.0
15,1,21,0.5988093614578247,0.3583629727363586,-0.7167978286743164
15,1,22,0.566952109336853,0.3114122152328491,-0.7055109143257141
15,1,23,0.5626276135444641,0.3908811211585998,-0.6329873204231262
16,0,0,0.6330109238624573,0.797311007976532,-3.646255208877848e-07
16,0,1,0.6611467599868774,0.748852014541626,-0.0041894069872796
16,0,2,0.7083367705345154,0.7244528532028198,-0.0087974574416875
16,0,3,0.7508651614189148,0.7297955751419067,-0.013966598547995
16,0,4,0.7750184535980225,0.7481090426445007,-0.0169075820595026
16,0,5,0.7353020906448364,0.7555052042007446,-0.0074348445050418
16,0,6,0.7813599705696106,0.7455601096153259,-0.0168847199529409
16,0,7,0.7623129487037659,0.7405340075492859,-0.0225616339594125
16,0,8,0.7397500276565552,0.7456601858139038,-0.0249395184218883
16,0,9,0.7336874008178711,0.789018988609314,-0.0103457793593406
16,0,10,0.7754297852516174,0.7804459929466248,-0.0164264850318431
16,0,11,0.7592930793762207,0.7724641561508179,-0.018404146656394
16,0,12,0.7371487021446228,0.7761498689651489,-0.0186684615910053
16,0,13,0.7270888090133667,0.8190677165985107,-0.0135559439659118
16,0,14,0.7623116374015808,0.809794008731842,-0.0201239995658397
16,0,15,0.747735321521759,0.8009198307991028,-0.0167219974100589
16,0,16,0.7272214889526367,0.8035780191421509,-0.0132194403558969
16,0,17,0.7185815572738647,0.8453609943389893,-0.016891174018383
16,0,18,0.7475675344467163,0.8359915614128113,-0.0217447094619274
16,0,19,0.7345234155654907,0.8274900317192078,-0.0160603262484073
16,0,20,0.7162216901779175,0.8304714560508728,-0.0099956132471561
16,0,21,0.5962570905685425,0.3569806814193725,-0.7417513728141785
16,0,22,0.6212853789329529,0.31533944606781,-0.6983309388160706
16,0,23,0.6008651256561279,0.3893319964408874,-0.6185777187347412
16,1,0,0.0,0.0,0.0
16,1,1,0.0,0.0,0.0
16,1,2,0.0,0.0,0.0
16,1,3,0.0,0.0,0.0
16,1,4,0.0,0.0,0.0
16,1,5,0.0,0.0,0.0
16,1,6,0.0,0.0,0.0
16,1,7,0.0,0.0,0.0
16,1,8,0.0,0.0,0.0
16,1,9,0.0,0.0,0.0
16,1,10,0.0,0.0,0.0
16,1,11,0.0,0.0,0.0
16,1,12,0.0,0.0,0.0
16,1,13,0.0,0.0,0.0
16,1,14,0.0,0.0,0.0
16,1,15,0.0,0.0,0.0
16,1,16,0.0,0.0,0.0
16,1,17,0.0,0.0,0.0
16,1,18,0.0,0.0,0.0
16,1,19,0.0,0.0,0.0
16,1,20,0.0,0.0,0.0
16,1,21,0.5962570905685425,0.3569806814193725,-0.7417513728141785
16,1,22,0.5630679130554199,0.3106303811073303,-0.7256504893302917
16,1,23,0.5617543458938599,0.3894103765487671,-0.6515007615089417
19,0,0,0.5736925005912781,0.7564039826393127,-2.568691570559168e-07
19,0,1,0.6091273427009583,0.7122218608856201,-0.0039118430577218
19,0,2,0.6585609912872314,0.6916742324829102,-0.0094900224357843
19,0,3,0.7025936841964722,0.6963876485824585,-0.015558267943561
19,0,4,0.7219105958938599,0.7207203507423401,-0.0196459293365478
19,0,5,0.6763980984687805,0.7175235748291016,-0.0087209744378924
19,0,6,0.726130485534668,0.7105934619903564,-0.0221597161144018
19,0,7,0.7179332375526428,0.7122309803962708,-0.0298466794192791
19,0,8,0.6975535750389099,0.7180267572402954,-0.032100111246109
19,0,9,0.6772587299346924,0.7501195669174194,-0.0113464817404747
19,0,10,0.7210689783096313,0.7469066977500916,-0.0179967656731605
19,0,11,0.7112299203872681,0.7432429790496826,-0.0202628001570701
19,0,12,0.692343533039093,0.7451766133308411,-0.0211155042052268
19,0,13,0.6724860668182373,0.7799787521362305,-0.0145780174061656
19,0,14,0.7098127007484436,0.7733786106109619,-0.0203900877386331
19,0,15,0.7001587152481079,0.7669129371643066,-0.0173535831272602
19,0,16,0.6819958686828613,0.7676457762718201,-0.0145166581496596
19,0,17,0.665080726146698,0.8056864738464355,-0.0179573278874158
19,0,18,0.6964295506477356,0.7967694401741028,-0.0204032752662897
19,0,19,0.687961220741272,0.7890654802322388,-0.0142286643385887
19,0,20,0.6715051531791687,0.788902223110199,-0.0083142984658479
19,0,21,0.584938645362854,0.3693110942840576,-0.6978408098220825
19,0,22,0.6136631965637207,0.3227849006652832,-0.6641247272491455
19,0,23,0.5917686820030212,0.4000837206840515,-0.5819689631462097
19,1,0,0.0,0.0,0.0
19,1,1,0.0,0.0,0.0
19,1,2,0.0,0.0,0.0
19,1,3,0.0,0.0,0.0
19,1,4,0.0,0.0,0.0
19,1,5,0.0,0.0,0.0
19,1,6,0.0,0.0,0.0
19,1,7,0.0,0.0,0.0
19,1,8,0.0,0.0,0.0
19,1,9,0.0,0.0,0.0
19,1,10,0.0,0.0,0.0
19,1,11,0.0,0.0,0.0
19,1,12,0.0,0.0,0.0
19,1,13,0.0,0.0,0.0
19,1,14,0.0,0.0,0.0
19,1,15,0.0,0.0,0.0
19,1,16,0.0,0.0,0.0
19,1,17,0.0,0.0,0.0
19,1,18,0.0,0.0,0.0
19,1,19,0.0,0.0,0.0
19,1,20,0.0,0.0,0.0
19,1,21,0.584938645362854,0.3693110942840576,-0.6978408098220825
19,1,22,0.5537724494934082,0.3198014497756958,-0.6919384598731995
19,1,23,0.5514137744903564,0.4001936912536621,-0.6157690286636353
22,0,0,0.5140808820724487,0.7363561391830444,-1.4969174344514613e-07
22,0,1,0.5479891896247864,0.6934130191802979,-0.0009441738366149
22,0,2,0.5922704935073853,0.6751070618629456,-0.0043291468173265
22,0,3,0.6330640912055969,0.6815227270126343,-0.0088449977338314
22,0,4,0.6588085293769836,0.6937130689620972,-0.0129425432533025
22,0,5,0.603391706943512,0.6817187666893005,-0.008063081651926
22,0,6,0.6513765454292297,0.6735420823097229,-0.0178706292062997
22,0,7,0.6752589344978333,0.6719632744789124,-0.022460563108325
22,0,8,0.689751923084259,0.6744979023933411,-0.0244455691426992
22,0,9,0.608608603477478,0.7161142230033875,-0.0134280417114496
22,0,10,0.6614052057266235,0.715272843837738,-0.0251753777265548
22,0,11,0.6525328159332275,0.7139341235160828,-0.0274055991321802
22,0,12,0.6331191658973694,0.714786946773529,-0.025596123188734
22,0,13,0.6083683967590332,0.7490389943122864,-0.0184297524392604
22,0,14,0.6555343866348267,0.743668794631958,-0.0283565912395715
22,0,15,0.6451677083969116,0.7394296526908875,-0.0232893973588943
22,0,16,0.6262615919113159,0.7402632832527161,-0.0168042723089456
22,0,17,0.60524982213974,0.7780258059501648,-0.0233124680817127
22,0,18,0.6440410017967224,0.7698441743850708,-0.026096299290657
22,0,19,0.6362203359603882,0.7633273601531982,-0.0180627945810556
22,0,20,0.6193667650222778,0.7634644508361816,-0.0105906184762716
22,0,21,0.5735225677490234,0.3650194406509399,-0.7473212480545044
22,0,22,0.6034349799156189,0.3246891498565674,-0.7081196904182434
22,0,23,0.5798590183258057,0.3979698419570923,-0.6135208606719971
22,1,0,0.7528514266014099,0.8393819332122803,-3.376652273345826e-07
22,1,1,0.7861977219581604,0.8416780829429626,-0.0164199564605951
22,1,2,0.8210684061050415,0.8600569367408752,-0.0296529810875654
22,1,3,0.8356509804725647,0.8824664354324341,-0.0432964675128459
22,1,4,0.8309776186943054,0.904350757598877,-0.054234754294157
22,1,5,0.8185538649559021,0.9318224787712096,-0.0092736491933465
22,1,6,0.8279495239257812,0.9567942023277284,-0.0313048511743545
22,1,7,0.8215864300727844,0.938879668712616,-0.0478782132267952
22,1,8,0.8121973276138306,0.9220890402793884,-0.0563407205045223
22,1,9,0.7943137288093567,0.9378280639648438,-0.0119160441681742
22,1,10,0.7995282411575317,0.963528335094452,-0.0335915721952915
22,1,11,0.7903212308883667,0.9410391449928284,-0.0435483828186988
22,1,12,0.7821429967880249,0.9220541715621948,-0.0460567586123943
22,1,13,0.7695361971855164,0.9390667080879213,-0.0179369263350963
22,1,14,0.7721638083457947,0.961679995059967,-0.03520143404603
22,1,15,0.7660735845565796,0.94255793094635,-0.0341118723154068
22,1,16,0.7611067295074463,0.9243189096450806,-0.029565155506134
22,1,17,0.7444728016853333,0.9348244667053224,-0.0260433740913867
22,1,18,0.7460753917694092,0.9564968943595886,-0.0346335284411907
22,1,19,0.744666576385498,0.9432754516601562,-0.0303861536085605
22,1,20,0.742929220199585,0.9286372065544128,-0.02475499920547
22,1,21,0.5735225677490234,0.3650194406509399,-0.7473212480545044
22,1,22,0.5463322401046753,0.3146676421165466,-0.732812762260437
22,1,23,0.5375208854675293,0.3955923914909363,-0.6452937722206116
24,0,0,0.4882899522781372,0.7241800427436829,-1.880644049379044e-07
24,0,1,0.5220581293106079,0.6833420991897583,-7.570777961518615e-05
24,0,2,0.5659549832344055,0.6621618270874023,-0.0052919834852218
24,0,3,0.6075689792633057,0.665434718132019,-0.0114550124853849
24,0,4,0.6335245370864868,0.6822054982185364,-0.0157061293721199
24,0,5,0.5651662349700928,0.6778548955917358,-0.0155860539525747
24,0,6,0.6241357326507568,0.6787496209144592,-0.0282313991338014
24,0,7,0.6250730156898499,0.6776725649833679,-0.0319879427552223
24,0,8,0.6112124919891357,0.6803563237190247,-0.0310879535973072
24,0,9,0.5663860440254211,0.7115598917007446,-0.0211803093552589
24,0,10,0.6319296360015869,0.7119061350822449,-0.0313683003187179
24,0,11,0.6274806261062622,0.7055199146270752,-0.0311373546719551
24,0,12,0.6079916954040527,0.7050269246101379,-0.0281068887561559
24,0,13,0.5664103627204895,0.742978036403656,-0.0261188484728336
24,0,14,0.6276935935020447,0.7412344813346863,-0.0327478982508182
24,0,15,0.620089054107666,0.7316036820411682,-0.0254091024398803
24,0,16,0.600456178188324,0.7302131652832031,-0.0181285608559846
24,0,17,0.5647493600845337,0.7695214748382568,-0.0309276729822158
24,0,18,0.6107263565063477,0.7654322385787964,-0.0318383201956748
24,0,19,0.6048498153686523,0.7551551461219788,-0.0229696314781904
24,0,20,0.587951123714447,0.7541664838790894,-0.0151282642036676
24,0,21,0.5646660923957825,0.3645734786987304,-0.7908902168273926
24,0,22,0.5971804261207581,0.3218602538108825,-0.7575271725654602
24,0,23,0.5735101699829102,0.3985044956207275,-0.6658493280410767
24,1,0,0.0,0.0,0.0
24,1,1,0.0,0.0,0.0
24,1,2,0.0,0.0,0.0
24,1,3,0.0,0.0,0.0
24,1,4,0.0,0.0,0.0
24,1,5,0.0,0.0,0.0
24,1,6,0.0,0.0,0.0
24,1,7,0.0,0.0,0.0
24,1,8,0.0,0.0,0.0
24,1,9,0.0,0.0,0.0
24,1,10,0.0,0.0,0.0
24,1,11,0.0,0.0,0.0
24,1,12,0.0,0.0,0.0
24,1,13,0.0,0.0,0.0
24,1,14,0.0,0.0,0.0
24,1,15,0.0,0.0,0.0
24,1,16,0.0,0.0,0.0
24,1,17,0.0,0.0,0.0
24,1,18,0.0,0.0,0.0
24,1,19,0.0,0.0,0.0
24,1,20,0.0,0.0,0.0
24,1,21,0.5646660923957825,0.3645734786987304,-0.7908902168273926
24,1,22,0.534845769405365,0.3131895661354065,-0.7754160165786743
24,1,23,0.528773844242096,0.3958162665367126,-0.6874471306800842
25,0,0,0.442742258310318,0.7255868315696716,-2.0657087418385345e-07
25,0,1,0.4768889248371124,0.6840568780899048,-0.0015353906201198
25,0,2,0.5209521055221558,0.6651195287704468,-0.0071157403290271
25,0,3,0.563662052154541,0.6656927466392517,-0.0131582003086805
25,0,4,0.591880738735199,0.6763922572135925,-0.0174274537712335
25,0,5,0.521435558795929,0.6921467781066895,-0.0194278880953788
25,0,6,0.5888028740882874,0.698902428150177,-0.0330396443605423
25,0,7,0.593052864074707,0.687406599521637,-0.036581564694643
25,0,8,0.5779449343681335,0.680846631526947,-0.0348188206553459
25,0,9,0.5206959247589111,0.7243553400039673,-0.0228224005550146
25,0,10,0.5895425081253052,0.7222097516059875,-0.0322391539812088
25,0,11,0.5871942043304443,0.7115573883056641,-0.0304256249219179
25,0,12,0.5684123635292053,0.709560215473175,-0.0269302818924188
25,0,13,0.5185098052024841,0.7519718408584595,-0.0257572326809167
25,0,14,0.5827217698097229,0.747452974319458,-0.0313874632120132
25,0,15,0.5786066055297852,0.7376965284347534,-0.0234140958636999
25,0,16,0.5601014494895935,0.7343979477882385,-0.0164379831403493
25,0,17,0.5159738063812256,0.7723116874694824,-0.0285287722945213
25,0,18,0.5650513172149658,0.7688519358634949,-0.0296078566461801
25,0,19,0.562012255191803,0.7605252861976624,-0.0211599636822938
25,0,20,0.5460296869277954,0.7569290995597839,-0.0138064222410321
25,0,21,0.5578016042709351,0.3653234243392944,-0.765802264213562
25,0,22,0.5888328552246094,0.3219612836837768,-0.7422055006027222
25,0,23,0.5678706765174866,0.3966264128684997,-0.6570997834205627
25,1,0,0.0,0.0,0.0
25,1,1,0.0,0.0,0.0
25,1,2,0.0,0.0,0.0
25,1,3,0.0,0.0,0.0
25,1,4,0.0,0.0,0.0
25,1,5,0.0,0.0,0.0
25,1,6,0.0,0.0,0.0
25,1,7,0.0,0.0,0.0
25,1,8,0.0,0.0,0.0
25,1,9,0.0,0.0,0.0
25,1,10,0.0,0.0,0.0
25,1,11,0.0,0.0,0.0
25,1,12,0.0,0.0,0.0
25,1,13,0.0,0.0,0.0
25,1,14,0.0,0.0,0.0
25,1,15,0.0,0.0,0.0
25,1,16,0.0,0.0,0.0
25,1,17,0.0,0.0,0.0
25,1,18,0.0,0.0,0.0
25,1,19,0.0,0.0,0.0
25,1,20,0.0,0.0,0.0
25,1,21,0.5578016042709351,0.3653234243392944,-0.765802264213562
25,1,22,0.5270410180091858,0.3133851885795593,-0.7547171711921692
25,1,23,0.5241865515708923,0.3954063057899475,-0.6710358262062073
26,0,0,0.4145258069038391,0.7251156568527222,-2.572257074007212e-07
26,0,1,0.4488237500190735,0.684628963470459,-0.0014265766367316
26,0,2,0.4959166646003723,0.6673814058303833,-0.0075417147018015
26,0,3,0.5420916676521301,0.6726410984992981,-0.0147049510851502
26,0,4,0.573196530342102,0.6885765790939331,-0.0198605954647064
26,0,5,0.4907483160495758,0.6744906306266785,-0.0164342410862445
26,0,6,0.5553409457206726,0.6727920770645142,-0.0322680547833442
26,0,7,0.5456538796424866,0.6756153702735901,-0.0376902595162391
26,0,8,0.5253682136535645,0.6811647415161133,-0.037091925740242
26,0,9,0.4910807013511657,0.7072055339813232,-0.0214395727962255
26,0,10,0.5561845302581787,0.7042874097824097,-0.033782884478569
26,0,11,0.542493999004364,0.7020964622497559,-0.0341695174574852
26,0,12,0.5184032320976257,0.7045784592628479,-0.0312040988355875
26,0,13,0.4906595647335052,0.7389253973960876,-0.0264283213764429
26,0,14,0.5502446889877319,0.732288658618927,-0.0349324084818363
26,0,15,0.5369798541069031,0.7285780310630798,-0.0278433188796043
26,0,16,0.5145559310913086,0.7311123609542847,-0.02049021422863
26,0,17,0.4897454380989074,0.7667533159255981,-0.0313244946300983
26,0,18,0.5365003347396851,0.7579666376113892,-0.0343890152871608
26,0,19,0.526667058467865,0.7522563338279724,-0.0264446083456277
26,0,20,0.5079562067985535,0.754223108291626,-0.0190473962575197
26,0,21,0.5446568131446838,0.3655937910079956,-0.7487388849258423
26,0,22,0.582099974155426,0.3214842677116394,-0.7246894836425781
26,0,23,0.5570063591003418,0.4003776609897613,-0.6359299421310425
26,1,0,0.0,0.0,0.0
26,1,1,0.0,0.0,0.0
26,1,2,0.0,0.0,0.0
26,1,3,0.0,0.0,0.0
26,1,4,0.0,0.0,0.0
26,1,5,0.0,0.0,0.0
26,1,6,0.0,0.0,0.0
26,1,7,0.0,0.0,0.0
26,1,8,0.0,0.0,0.0
26,1,9,0.0,0.0,0.0
26,1,10,0.0,0.0,0.0
26,1,11,0.0,0.0,0.0
26,1,12,0.0,0.0,0.0
26,1,13,0.0,0.0,0.0
26,1,14,0.0,0.0,0.0
26,1,15,0.0,0.0,0.0
26,1,16,0.0,0.0,0.0
26,1,17,0.0,0.0,0.0
26,1,18,0.0,0.0,0.0
26,1,19,0.0,0.0,0.0
26,1,20,0.0,0.0,0.0
26,1,21,0.5446568131446838,0.3655937910079956,-0.7487388849258423
26,1,22,0.5122113823890686,0.311334490776062,-0.7287630438804626
26,1,23,0.5095207691192627,0.3954089283943176,-0.6391679048538208
29,0,0,0.3647220134735107,0.7192168831825256,-1.492726369178854e-07
29,0,1,0.3991061151027679,0.6825758218765259,-0.0079046515747904
29,0,2,0.4477193057537079,0.6702000498771667,-0.0178781617432832
29,0,3,0.4924763143062591,0.6815782785415649,-0.0267546288669109
29,0,4,0.5124845504760742,0.7059034109115601,-0.0328091755509376
29,0,5,0.42559614777565,0.6710555553436279,-0.0308747179806232
29,0,6,0.4904028475284576,0.6747569441795349,-0.0486396290361881
29,0,7,0.4805246591567993,0.674085795879364,-0.0541901886463165
29,0,8,0.4612193703651428,0.6752083897590637,-0.0540944449603557
29,0,9,0.4213868975639343,0.7059182524681091,-0.0336698442697525
29,0,10,0.4882763028144836,0.7076306939125061,-0.0482323914766311
29,0,11,0.4750779569149017,0.7021554112434387,-0.0458259582519531
29,0,12,0.4521935582160949,0.7024287581443787,-0.0416109785437583
29,0,13,0.4198275208473205,0.7382453083992004,-0.036620520055294
29,0,14,0.483096182346344,0.7361518740653992,-0.0457570813596248
29,0,15,0.4695292115211487,0.728638768196106,-0.0353269539773464
29,0,16,0.4472153186798095,0.7284460663795471,-0.0263440664857625
29,0,17,0.4197078347206116,0.7660616040229797,-0.0403882563114166
29,0,18,0.4683106243610382,0.7616769671440125,-0.0421897806227207
29,0,19,0.4568888247013092,0.7536024451255798,-0.0329242125153541
29,0,20,0.4377414584159851,0.7549248933792114,-0.0259334817528724
29,0,21,0.537286102771759,0.3716387748718261,-0.7549768090248108
29,0,22,0.5744683146476746,0.3284509778022766,-0.7415818572044373
29,0,23,0.5523125529289246,0.4053537249565124,-0.6526709794998169
29,1,0,0.0,0.0,0.0
29,1,1,0.0,0.0,0.0
29,1,2,0.0,0.0,0.0
29,1,3,0.0,0.0,0.0
29,1,4,0.0,0.0,0.0
29,1,5,0.0,0.0,0.0
29,1,6,0.0,0.0,0.0
29,1,7,0.0,0.0,0.0
29,1,8,0.0,0.0,0.0
29,1,9,0.0,0.0,0.0
29,1,10,0.0,0.0,0.0
29,1,11,0.0,0.0,0.0
29,1,12,0.0,0.0,0.0
29,1,13,0.0,0.0,0.0
29,1,14,0.0,0.0,0.0
29,1,15,0.0,0.0,0.0
29,1,16,0.0,0.0,0.0
29,1,17,0.0,0.0,0.0
29,1,18,0.0,0.0,0.0
29,1,19,0.0,0.0,0.0
29,1,20,0.0,0.0,0.0
29,1,21,0.537286102771759,0.3716387748718261,-0.7549768090248108
29,1,22,0.5003755688667297,0.3190824389457702,-0.7326323390007019
29,1,23,0.503683865070343,0.3996893167495727,-0.6393858790397644
31,0,0,0.3229029476642608,0.7145894169807434,-8.287494779324336e-08
31,0,1,0.3513737022876739,0.6826858520507812,-0.0059054768644273
31,0,2,0.3933557271957397,0.665744960308075,-0.0134338457137346
31,0,3,0.4335299134254455,0.6703265905380249,-0.0201109796762466
31,0,4,0.4570794701576233,0.6906421780586243,-0.024907374754548
31,0,5,0.3719570338726043,0.6759939789772034,-0.0238356124609708
31,0,6,0.4255316257476806,0.6753581762313843,-0.0395164117217063
31,0,7,0.4388079941272735,0.6738885641098022,-0.0454407967627048
31,0,8,0.4383852481842041,0.6743935346603394,-0.0460802689194679
31,0,9,0.3702171742916107,0.7078476548194885,-0.0269000325351953
31,0,10,0.433404266834259,0.7125564813613892,-0.0442134924232959
31,0,11,0.4269735217094421,0.7066456079483032,-0.0454971119761467
31,0,12,0.407035231590271,0.7031829953193665,-0.0415418334305286
31,0,13,0.3704748749732971,0.7386159300804138,-0.0295389089733362
31,0,14,0.4310416281223297,0.7398495674133301,-0.0422543659806251
31,0,15,0.4212223887443542,0.7319160103797913,-0.0348870046436786
31,0,16,0.4009338319301605,0.7293687462806702,-0.0254150684922933
31,0,17,0.3717716336250305,0.7647237181663513,-0.0324300825595855
31,0,18,0.4198159575462341,0.7636498212814331,-0.0376791954040527
31,0,19,0.4127066433429718,0.753765344619751,-0.030302494764328
31,0,20,0.3948363065719604,0.751530110836029,-0.0226844176650047
31,0,21,0.5227617025375366,0.3626046180725097,-0.7571688890457153
31,0,22,0.5631689429283142,0.3204857110977173,-0.7339423298835754
31,0,23,0.5388205647468567,0.4007488787174225,-0.6589955687522888
31,1,0,0.0,0.0,0.0
31,1,1,0.0,0.0,0.0
31,1,2,0.0,0.0,0.0
31,1,3,0.0,0.0,0.0
31,1,4,0.0,0.0,0.0
31,1,5,0.0,0.0,0.0
31,1,6,0.0,0.0,0.0
31,1,7,0.0,0.0,0.0
31,1,8,0.0,0.0,0.0
31,1,9,0.0,0.0,0.0
31,1,10,0.0,0.0,0.0
31,1,11,0.0,0.0,0.0
31,1,12,0.0,0.0,0.0
31,1,13,0.0,0.0,0.0
31,1,14,0.0,0.0,0.0
31,1,15,0.0,0.0,0.0
31,1,16,0.0,0.0,0.0
31,1,17,0.0,0.0,0.0
31,1,18,0.0,0.0,0.0
31,1,19,0.0,0.0,0.0
31,1,20,0.0,0.0,0.0
31,1,21,0.5227617025375366,0.3626046180725097,-0.7571688890457153
31,1,22,0.4878785908222198,0.309047520160675,-0.7297689318656921
31,1,23,0.4884938895702362,0.3953842520713806,-0.6534441709518433
33,0,0,0.4300582706928253,0.8243513703346252,3.067366094455793e-07
33,0,1,0.3992258012294769,0.7958546280860901,-0.0125832809135317
33,0,2,0.3557494282722473,0.7897892594337463,-0.0111067658290266
33,0,3,0.3235664665699005,0.791096568107605,-0.0070197521708905
33,0,4,0.2991690039634704,0.7920523285865784,-0.0013882627245038
33,0,5,0.3363819420337677,0.822231650352478,0.0045050047338008
33,0,6,0.2978908121585846,0.8116446137428284,0.006583516485989
33,0,7,0.2797248065471649,0.7992238402366638,0.0054068099707365
33,0,8,0.2667986750602722,0.7896426916122437,0.0049487347714602
33,0,9,0.3383587598800659,0.838966965675354,0.0130782425403594
33,0,10,0.3051015734672546,0.8262917995452881,0.0171606056392192
33,0,11,0.2893795371055603,0.8114316463470459,0.0148164192214608
33,0,12,0.2775681912899017,0.797859787940979,0.0129451071843504
33,0,13,0.3427625596523285,0.8474442362785339,0.020074900239706
33,0,14,0.3127480149269104,0.8361362814903259,0.0246066711843013
33,0,15,0.2982902824878692,0.8228444457054138,0.0230774991214275
33,0,16,0.2878486812114715,0.8110479116439819,0.021373800933361
33,0,17,0.3477433919906616,0.8501430153846741,0.0256268810480833
33,0,18,0.320089042186737,0.8414533734321594,0.0299223735928535
33,0,19,0.3076594471931457,0.8309506773948669,0.0316439494490623
33,0,20,0.3005696535110473,0.8214412927627563,0.0330748781561851
33,0,21,0.5140592455863953,0.3724129796028137,-0.6078093647956848
33,0,22,0.5514870285987854,0.3293114900588989,-0.5952585935592651
33,0,23,0.532097578048706,0.4034613370895386,-0.5136252641677856
33,1,0,0.3034046292304992,0.7106621861457825,-6.319950074384907e-08
33,1,1,0.3304163813591003,0.6782088875770569,-0.0085002733394503
33,1,2,0.3762546181678772,0.6653649210929871,-0.0168450698256492
33,1,3,0.4162845313549042,0.6730549931526184,-0.0225395690649747
33,1,4,0.4391626119613647,0.6934236884117126,-0.0261137131601572
33,1,5,0.3530833125114441,0.6772112250328064,-0.0344136655330657
33,1,6,0.4068213105201721,0.6812894344329834,-0.0478041097521781
33,1,7,0.4147818088531494,0.6798728108406067,-0.0506384037435054
33,1,8,0.4080481827259063,0.6798598170280457,-0.0492853187024593
33,1,9,0.3488092422485351,0.7092740535736084,-0.0348397716879844
33,1,10,0.4133215248584747,0.7172242999076843,-0.0474140159785747
33,1,11,0.4103505909442901,0.7110334634780884,-0.0456426627933979
33,1,12,0.3923719823360443,0.7058049440383911,-0.0415240414440631
33,1,13,0.3477456867694855,0.739509105682373,-0.0341276302933692
33,1,14,0.4082396328449249,0.7464786171913147,-0.0424741692841053
33,1,15,0.4030004143714905,0.7364732027053833,-0.0348502844572067
33,1,16,0.3848112225532532,0.7304573655128479,-0.0272511076182127
33,1,17,0.3488756716251373,0.7648153305053711,-0.0336054600775241
33,1,18,0.3992303609848022,0.765505313873291,-0.0362981744110584
33,1,19,0.393514335155487,0.7541434168815613,-0.0289170444011688
33,1,20,0.3749991059303283,0.7497872710227966,-0.0225308556109666
33,1,21,0.5140592455863953,0.3724129796028137,-0.6078093647956848
33,1,22,0.4773642718791961,0.3192822337150574,-0.5868036150932312
33,1,23,0.4836226403713226,0.4002856016159057,-0.5024094581604004
35,0,0,0.4443479776382446,0.8189678192138672,2.537242664857331e-07
35,0,1,0.4121927320957184,0.7931808829307556,-0.0113246971741318
35,0,2,0.3698666393756866,0.7885493040084839,-0.0110886301845312
35,0,3,0.3370886445045471,0.7918028235435486,-0.0092735076323151
35,0,4,0.3120153248310089,0.7950261831283569,-0.0057551092468202
35,0,5,0.3526260256767273,0.8259631991386414,0.0045618573203682
35,0,6,0.3128000497817993,0.8141504526138306,0.0022644603159278
35,0,7,0.2925956845283508,0.8002385497093201,-0.0013632404152303
35,0,8,0.2794879674911499,0.7899519205093384,-0.0032682344317436
35,0,9,0.3538699448108673,0.8399786353111267,0.0102302907034754
35,0,10,0.3178977370262146,0.8258153796195984,0.0074698822572827
35,0,11,0.3081374764442444,0.8075200915336609,0.0023563960567116
35,0,12,0.3042256236076355,0.7935570478439331,-0.0002124768070643
35,0,13,0.3569403886795044,0.8460410833358765,0.0141933597624301
35,0,14,0.3238303661346435,0.831439733505249,0.0118908500298857
35,0,15,0.3121928870677948,0.8148265480995178,0.0088542774319648
35,0,16,0.3059946298599243,0.8025352358818054,0.0076023847796022
35,0,17,0.360414445400238,0.8462101221084595,0.0169778503477573
35,0,18,0.3301448822021484,0.8348181247711182,0.016367845237255
35,0,19,0.3191719353199005,0.8218197226524353,0.0167307872325181
35,0,20,0.3146362900733948,0.8117838501930237,0.0179700888693332
35,0,21,0.5052065849304199,0.3680220246315002,-0.5723122954368591
35,0,22,0.5428558588027954,0.322622001171112,-0.558465838432312
35,0,23,0.525202751159668,0.4000282287597656,-0.4833536446094513
35,1,0,0.3108063042163849,0.7098579406738281,-1.517622933988605e-07
35,1,1,0.3374396562576294,0.6765553951263428,-0.010400915518403
35,1,2,0.3796169757843017,0.6631124019622803,-0.0226754155009984
35,1,3,0.4147147536277771,0.6743838787078857,-0.0321681797504425
35,1,4,0.4328555166721344,0.700248122215271,-0.0384467579424381
35,1,5,0.344740092754364,0.6727635860443115,-0.0487351454794406
35,1,6,0.4101254940032959,0.6775402426719666,-0.0661621838808059
35,1,7,0.4004018306732178,0.6757147908210754,-0.0682914480566978
35,1,8,0.3770958483219147,0.67420494556427,-0.0655937567353248
35,1,9,0.3375711739063263,0.7061965465545654,-0.0499356016516685
35,1,10,0.408467173576355,0.7171710133552551,-0.0645581185817718
35,1,11,0.3994781672954559,0.7095764875411987,-0.0590031780302524
35,1,12,0.3752221763134002,0.7044078707695007,-0.0532946847379207
35,1,13,0.335957795381546,0.7370259761810303,-0.0500532202422618
35,1,14,0.4016759395599365,0.7459080219268799,-0.05744219571352
35,1,15,0.3939705789089203,0.7350670695304871,-0.0448291860520839
35,1,16,0.3731340169906616,0.7298964262008667,-0.0355029664933681
35,1,17,0.3381211459636688,0.7631617784500122,-0.0509143024682998
35,1,18,0.3915996551513672,0.7678707242012024,-0.0510740727186203
35,1,19,0.3858916461467743,0.7568628787994385,-0.0403612218797206
35,1,20,0.3666005432605743,0.7530450224876404,-0.0332784876227378
35,1,21,0.5052065849304199,0.3680220246315002,-0.5723122954368591
35,1,22,0.4658354818820953,0.3144338726997375,-0.5467947721481323
35,1,23,0.473231554031372,0.4003232419490814,-0.4679602086544037
37,0,0,0.0,0.0,0.0
37,0,1,0.0,0.0,0.0
37,0,2,0.0,0.0,0.0
37,0,3,0.0,0.0,0.0
37,0,4,0.0,0.0,0.0
37,0,5,0.0,0.0,0.0
37,0,6,0.0,0.0,0.0
37,0,7,0.0,0.0,0.0
37,0,8,0.0,0.0,0.0
37,0,9,0.0,0.0,0.0
37,0,10,0.0,0.0,0.0
37,0,11,0.0,0.0,0.0
37,0,12,0.0,0.0,0.0
37,0,13,0.0,0.0,0.0
37,0,14,0.0,0.0,0.0
37,0,15,0.0,0.0,0.0
37,0,16,0.0,0.0,0.0
37,0,17,0.0,0.0,0.0
37,0,18,0.0,0.0,0.0
37,0,19,0.0,0.0,0.0
37,0,20,0.0,0.0,0.0
37,0,21,0.5016677379608154,0.3582494854927063,-0.5684934854507446
37,0,22,0.5392844676971436,0.3106260299682617,-0.5520981550216675
37,0,23,0.5228322744369507,0.3931512832641601,-0.4829082489013672
37,1,0,0.0,0.0,0.0
37,1,1,0.0,0.0,0.0
37,1,2,0.0,0.0,0.0
37,1,3,0.0,0.0,0.0
37,1,4,0.0,0.0,0.0
37,1,5,0.0,0.0,0.0
37,1,6,0.0,0.0,0.0
37,1,7,0.0,0.0,0.0
37,1,8,0.0,0.0,0.0
37,1,9,0.0,0.0,0.0
37,1,10,0.0,0.0,0.0
37,1,11,0.0,0.0,0.0
37,1,12,0.0,0.0,0.0
37,1,13,0.0,0.0,0.0
37,1,14,0.0,0.0,0.0
37,1,15,0.0,0.0,0.0
37,1,16,0.0,0.0,0.0
37,1,17,0.0,0.0,0.0
37,1,18,0.0,0.0,0.0
37,1,19,0.0,0.0,0.0
37,1,20,0.0,0.0,0.0
37,1,21,0.5016677379608154,0.3582494854927063,-0.5684934854507446
37,1,22,0.4622175693511963,0.306789219379425,-0.5416343212127686
37,1,23,0.470441997051239,0.3919815421104431,-0.4682753682136535
39,0,0,0.3156113922595978,0.7247753143310547,-1.5445722567619669e-07
39,0,1,0.3399848341941833,0.6911014914512634,-0.0090003497898578
39,0,2,0.3798213601112366,0.6727043390274048,-0.0193565338850021
39,0,3,0.4188891351222992,0.6792067289352417,-0.0276347436010837
39,0,4,0.4411554038524627,0.7021594643592834,-0.0336040444672107
39,0,5,0.3510540127754211,0.6853770017623901,-0.0402392819523811
39,0,6,0.4129089117050171,0.6859955787658691,-0.0562131628394126
39,0,7,0.4091944694519043,0.6828454732894897,-0.0596279613673687
39,0,8,0.3916574716567993,0.6836888790130615,-0.0583471655845642
39,0,9,0.3495954871177673,0.7178005576133728,-0.0413596369326114
39,0,10,0.4146437048912048,0.7210868000984192,-0.0531744621694088
39,0,11,0.4105038344860077,0.714698314666748,-0.0499298460781574
39,0,12,0.3906644284725189,0.7124043703079224,-0.0465075373649597
39,0,13,0.3519670367240906,0.7477302551269531,-0.0416094437241554
39,0,14,0.411883533000946,0.7472955584526062,-0.0491825528442859
39,0,15,0.4059917330741882,0.7383779287338257,-0.0399093516170978
39,0,16,0.3866647779941559,0.734998881816864,-0.0327591113746166
39,0,17,0.3566683530807495,0.7726185917854309,-0.0423278659582138
39,0,18,0.4049835801124573,0.7691937685012817,-0.044710736721754
39,0,19,0.4004091620445251,0.7593088746070862,-0.0365497060120105
39,0,20,0.3833608329296112,0.7560795545578003,-0.0306258909404277
39,0,21,0.4956701397895813,0.3486897945404053,-0.6129074096679688
39,0,22,0.5320900082588196,0.3019663095474243,-0.5979776382446289
39,0,23,0.5200427174568176,0.3843108415603637,-0.5210362672805786
39,1,0,0.4624069035053253,0.8244311809539795,3.1134322853176855e-07
39,1,1,0.4412403106689453,0.7938739061355591,-0.0198876615613698
39,1,2,0.4040212631225586,0.7863271832466125,-0.0238072033971548
39,1,3,0.3722884058952331,0.7925625443458557,-0.0231454819440841
39,1,4,0.347707450389862,0.7976743578910828,-0.0207645706832408
39,1,5,0.3776780664920807,0.8285499811172485,-0.0140369767323136
39,1,6,0.3370981812477112,0.8245794773101807,-0.0188963823020458
39,1,7,0.3144588768482208,0.8150618076324463,-0.0224296376109123
39,1,8,0.2988596558570862,0.8062255382537842,-0.023732217028737
39,1,9,0.3787304759025574,0.8458293676376343,-0.0034143000375479
39,1,10,0.3405245840549469,0.8369749784469604,-0.0077071245759725
39,1,11,0.3188989460468292,0.8224589228630066,-0.0106222042813897
39,1,12,0.3030231595039367,0.808077335357666,-0.0117989238351583
39,1,13,0.3818669617176056,0.8539178967475891,0.005664805881679
39,1,14,0.3472762405872345,0.8442230224609375,0.0023013905156403
39,1,15,0.3277424573898315,0.8313102722167969,0.0003228301357012
39,1,16,0.3135387897491455,0.8183718919754028,-5.684816187567776e-06
39,1,17,0.3861212730407715,0.8567099571228027,0.0131008429452776
39,1,18,0.3540670573711395,0.8482880592346191,0.0112092066556215
39,1,19,0.3361723721027374,0.8373225927352905,0.0110136093571782
39,1,20,0.3241349160671234,0.8262996673583984,0.0119593180716037
39,1,21,0.4956701397895813,0.3486897945404053,-0.6129074096679688
39,1,22,0.4562306106090545,0.3018118739128113,-0.5830724835395813
39,1,23,0.4660561382770538,0.3852854371070862,-0.5009084343910217
