Frame,Hand,Landmark,X,Y,Z
1,0,0,0.8222722411155701,0.4187095165252685,-1.3708837798276368e-07
1,0,1,0.7989847660064697,0.4140700995922088,-0.0096477568149566
1,0,2,0.7770998477935791,0.3964108228683471,-0.0165198668837547
1,0,3,0.7711687088012695,0.3761532604694366,-0.0238372031599283
1,0,4,0.769016683101654,0.3586216270923614,-0.0291964896023273
1,0,5,0.758330762386322,0.3585588932037353,-0.0057465345598757
1,0,6,0.7487350106239319,0.3274531960487366,-0.0226195845752954
1,0,7,0.7591482996940613,0.3226947486400604,-0.0346625559031963
1,0,8,0.7717909812927246,0.3301153779029846,-0.0404806658625602
1,0,9,0.7779800891876221,0.3536931276321411,-0.0076348301954567
1,0,10,0.783647358417511,0.3346970975399017,-0.0243081301450729
1,0,11,0.7918350696563721,0.3552799820899963,-0.029405428096652
1,0,12,0.7922267913818359,0.3694507181644439,-0.0296550318598747
1,0,13,0.7982595562934875,0.3510106801986694,-0.0120656918734312
1,0,14,0.8047025799751282,0.3384410440921783,-0.0274642519652843
1,0,15,0.808204710483551,0.3597977459430694,-0.0236408002674579
1,0,16,0.8068414330482483,0.3716920018196106,-0.0178861208260059
1,0,17,0.8186902403831482,0.3515410721302032,-0.0177317336201667
1,0,18,0.8239254951477051,0.3424528837203979,-0.0266064833849668
1,0,19,0.8245889544487,0.3592728972434997,-0.0215974263846874
1,0,20,0.8219507932662964,0.3691677153110504,-0.0158237963914871
1,0,21,0.5102445483207703,0.3421580791473388,-0.8568171858787537
1,0,22,0.5369256734848022,0.3062877058982849,-0.7807161211967468
1,0,23,0.5280131697654724,0.3850082755088806,-0.6981717944145203
1,0,24,0.641387403011322,0.5229254364967346,-0.0623912848532199
1,0,25,0.8695796728134155,0.6847726106643677,-0.4055100083351135
1,1,0,0.0,0.0,0.0
1,1,1,0.0,0.0,0.0
1,1,2,0.0,0.0,0.0
1,1,3,0.0,0.0,0.0
1,1,4,0.0,0.0,0.0
1,1,5,0.0,0.0,0.0
1,1,6,0.0,0.0,0.0
1,1,7,0.0,0.0,0.0
1,1,8,0.0,0.0,0.0
1,1,9,0.0,0.0,0.0
1,1,10,0.0,0.0,0.0
1,1,11,0.0,0.0,0.0
1,1,12,0.0,0.0,0.0
1,1,13,0.0,0.0,0.0
1,1,14,0.0,0.0,0.0
1,1,15,0.0,0.0,0.0
1,1,16,0.0,0.0,0.0
1,1,17,0.0,0.0,0.0
1,1,18,0.0,0.0,0.0
1,1,19,0.0,0.0,0.0
1,1,20,0.0,0.0,0.0
1,1,21,0.5102445483207703,0.3421580791473388,-0.8568171858787537
1,1,22,0.4708002805709839,0.3016493320465088,-0.8067827820777893
1,1,23,0.4772384464740753,0.3850941658020019,-0.7329976558685303
1,1,24,0.3237900137901306,0.5545824766159058,-0.227924644947052
1,1,25,0.3086346387863159,0.8461084365844727,-0.1886760592460632
2,0,0,0.8202793002128601,0.4232296645641327,-1.839499788047761e-07
2,0,1,0.7998517155647278,0.4124331176280975,-0.0097546158358454
2,0,2,0.7798796892166138,0.3909060955047607,-0.0156357306987047
2,0,3,0.7735728025436401,0.3694239854812622,-0.0219513345509767
2,0,4,0.7684393525123596,0.3534967601299286,-0.0256879571825265
2,0,5,0.7616138458251953,0.35620778799057,-0.0046256980858743
2,0,6,0.7521724700927734,0.3238187730312347,-0.0216607991605997
2,0,7,0.7643901109695435,0.321978896856308,-0.0327320657670497
2,0,8,0.7770899534225464,0.3300429284572601,-0.037511970847845
2,0,9,0.7807316184043884,0.3503090143203735,-0.0055107274092733
2,0,10,0.7895486950874329,0.342669278383255,-0.0222119707614183
2,0,11,0.7946174144744873,0.3639707267284393,-0.0269218664616346
2,0,12,0.7914973497390747,0.3724331855773926,-0.0269018579274415
2,0,13,0.8006875514984131,0.3475182056427002,-0.0090485848486423
2,0,14,0.8094099760055542,0.3456155061721802,-0.0240269675850868
2,0,15,0.8109289407730103,0.3656181097030639,-0.0205482970923185
2,0,16,0.8075555562973022,0.371979683637619,-0.0150490887463092
2,0,17,0.820094883441925,0.3474638760089874,-0.0138851143419742
2,0,18,0.8263958692550659,0.3472425043582916,-0.0210043713450431
2,0,19,0.8258119225502014,0.3637118935585022,-0.0157752484083175
2,0,20,0.822333574295044,0.3700191974639892,-0.0097059207037091
2,0,21,0.5111038088798523,0.3418523669242859,-0.8677241802215576
2,0,22,0.537724494934082,0.3053790926933288,-0.7934259176254272
2,0,23,0.5285435914993286,0.3840474486351013,-0.7123991847038269
2,0,24,0.6421544551849365,0.5229282975196838,-0.090167187154293
2,0,25,0.869956374168396,0.684860110282898,-0.4289878010749817
2,1,0,0.0,0.0,0.0
2,1,1,0.0,0.0,0.0
2,1,2,0.0,0.0,0.0
2,1,3,0.0,0.0,0.0
2,1,4,0.0,0.0,0.0
2,1,5,0.0,0.0,0.0
2,1,6,0.0,0.0,0.0
2,1,7,0.0,0.0,0.0
2,1,8,0.0,0.0,0.0
2,1,9,0.0,0.0,0.0
2,1,10,0.0,0.0,0.0
2,1,11,0.0,0.0,0.0
2,1,12,0.0,0.0,0.0
2,1,13,0.0,0.0,0.0
2,1,14,0.0,0.0,0.0
2,1,15,0.0,0.0,0.0
2,1,16,0.0,0.0,0.0
2,1,17,0.0,0.0,0.0
2,1,18,0.0,0.0,0.0
2,1,19,0.0,0.0,0.0
2,1,20,0.0,0.0,0.0
2,1,21,0.5111038088798523,0.3418523669242859,-0.8677241802215576
2,1,22,0.4708911180496216,0.3001878261566162,-0.8162233233451843
2,1,23,0.4777201414108276,0.3840332627296448,-0.7426772117614746
2,1,24,0.3227987289428711,0.5539827942848206,-0.2269011288881302
2,1,25,0.3062198758125305,0.8446062803268433,-0.1755293309688568
3,0,0,0.8212526440620422,0.422142744064331,-1.5079208992574422e-07
3,0,1,0.7997851967811584,0.4096823930740356,-0.0119910761713981
3,0,2,0.7807912230491638,0.3879748582839966,-0.0179092567414045
3,0,3,0.7782201170921326,0.3632014691829681,-0.0239179302006959
3,0,4,0.7787009477615356,0.344028115272522,-0.0273258332163095
3,0,5,0.7620814442634583,0.3581379055976867,-0.0034914286807179
3,0,6,0.7554029226303101,0.3233847320079803,-0.0208131596446037
3,0,7,0.7675219774246216,0.3198612034320831,-0.0322354361414909
3,0,8,0.7801278829574585,0.327737957239151,-0.0371396616101264
3,0,9,0.7826271057128906,0.3531655669212341,-0.0033297601621598
3,0,10,0.7876859307289124,0.3371886014938354,-0.0223175417631864
3,0,11,0.795575737953186,0.3580004274845123,-0.02812260389328
3,0,12,0.7966805696487427,0.3714939951896667,-0.0276928376406431
3,0,13,0.8031615018844604,0.350265771150589,-0.0061637237668037
3,0,14,0.808696448802948,0.3419251143932342,-0.0233116429299116
3,0,15,0.8112550377845764,0.3621684312820434,-0.0202177260071039
3,0,16,0.8100396394729614,0.372632771730423,-0.0138523522764444
3,0,17,0.8227773904800415,0.3503660559654236,-0.0104803200811147
3,0,18,0.8266263604164124,0.3457319736480713,-0.0197132900357246
3,0,19,0.8261129856109619,0.3619342744350433,-0.0153491636738181
3,0,20,0.8235071897506714,0.3710216581821441,-0.0092757027596235
3,0,21,0.5137374401092529,0.3441658020019531,-0.8272925615310669
3,0,22,0.5393189191818237,0.3084830045700073,-0.7526059746742249
3,0,23,0.5290576815605164,0.3856847286224365,-0.6693243980407715
3,0,24,0.6424931287765503,0.5226505398750305,-0.0380230247974395
3,0,25,0.8688995838165283,0.684563159942627,-0.3822434842586517
3,1,0,0.0,0.0,0.0
3,1,1,0.0,0.0,0.0
3,1,2,0.0,0.0,0.0
3,1,3,0.0,0.0,0.0
3,1,4,0.0,0.0,0.0
3,1,5,0.0,0.0,0.0
3,1,6,0.0,0.0,0.0
3,1,7,0.0,0.0,0.0
3,1,8,0.0,0.0,0.0
3,1,9,0.0,0.0,0.0
3,1,10,0.0,0.0,0.0
3,1,11,0.0,0.0,0.0
3,1,12,0.0,0.0,0.0
3,1,13,0.0,0.0,0.0
3,1,14,0.0,0.0,0.0
3,1,15,0.0,0.0,0.0
3,1,16,0.0,0.0,0.0
3,1,17,0.0,0.0,0.0
3,1,18,0.0,0.0,0.0
3,1,19,0.0,0.0,0.0
3,1,20,0.0,0.0,0.0
3,1,21,0.5137374401092529,0.3441658020019531,-0.8272925615310669
3,1,22,0.4754403233528137,0.3037833571434021,-0.7764167785644531
3,1,23,0.4792014062404632,0.3851938843727112,-0.7012419700622559
3,1,24,0.3221110701560974,0.5542227029800415,-0.2036406397819519
3,1,25,0.3088749051094055,0.8445596098899841,-0.224118486046791
4,0,0,0.8212957382202148,0.4189833104610443,-1.5163213618052398e-07
4,0,1,0.8003557920455933,0.4063608944416046,-0.0107390396296978
4,0,2,0.7831273674964905,0.3835794031620025,-0.0154886087402701
4,0,3,0.7802549004554749,0.3602110147476196,-0.0202303286641836
4,0,4,0.7774168848991394,0.34400674700737,-0.0224485136568546
4,0,5,0.7636150121688843,0.3520883321762085,-0.0020671102683991
4,0,6,0.7589854001998901,0.3211053907871246,-0.0164280086755752
4,0,7,0.7690268754959106,0.3145237565040588,-0.0253930743783712
4,0,8,0.7791996002197266,0.3189136981964111,-0.0290884040296077
4,0,9,0.7830038666725159,0.348072737455368,-0.0019902095664292
4,0,10,0.7898650169372559,0.3327032029628753,-0.0187644064426422
4,0,11,0.797157347202301,0.3538689613342285,-0.0232085585594177
4,0,12,0.7976653575897217,0.3685049414634704,-0.021873278543353
4,0,13,0.8031529188156128,0.3457824885845184,-0.0046046967618167
4,0,14,0.8103927969932556,0.3394099175930023,-0.0204703118652105
4,0,15,0.8135762810707092,0.3600977659225464,-0.0180018171668052
4,0,16,0.8122287392616272,0.3711781799793243,-0.0121715208515524
4,0,17,0.8226532340049744,0.3465771079063415,-0.0084333196282386
4,0,18,0.8277741074562073,0.3440971970558166,-0.0172649063169956
4,0,19,0.8277283310890198,0.3603202402591705,-0.0138785801827907
4,0,20,0.8251082301139832,0.3693457841873169,-0.0086534926667809
4,0,21,0.5079704523086548,0.3413493037223816,-0.7914466857910156
4,0,22,0.5355834364891052,0.3059398531913757,-0.724640429019928
4,0,23,0.5271037817001343,0.3837177157402038,-0.6452776789665222
4,0,24,0.6438403725624084,0.522229790687561,-0.0632636174559593
4,0,25,0.8719964623451233,0.6866812705993652,-0.3732514381408691
4,1,0,0.0,0.0,0.0
4,1,1,0.0,0.0,0.0
4,1,2,0.0,0.0,0.0
4,1,3,0.0,0.0,0.0
4,1,4,0.0,0.0,0.0
4,1,5,0.0,0.0,0.0
4,1,6,0.0,0.0,0.0
4,1,7,0.0,0.0,0.0
4,1,8,0.0,0.0,0.0
4,1,9,0.0,0.0,0.0
4,1,10,0.0,0.0,0.0
4,1,11,0.0,0.0,0.0
4,1,12,0.0,0.0,0.0
4,1,13,0.0,0.0,0.0
4,1,14,0.0,0.0,0.0
4,1,15,0.0,0.0,0.0
4,1,16,0.0,0.0,0.0
4,1,17,0.0,0.0,0.0
4,1,18,0.0,0.0,0.0
4,1,19,0.0,0.0,0.0
4,1,20,0.0,0.0,0.0
4,1,21,0.5079704523086548,0.3413493037223816,-0.7914466857910156
4,1,22,0.4695321321487427,0.3002129793167114,-0.74579256772995
4,1,23,0.4759683012962341,0.3826887011528015,-0.6741242408752441
4,1,24,0.323321521282196,0.5458799004554749,-0.192612886428833
4,1,25,0.305648922920227,0.8351248502731323,-0.1314838975667953
8,0,0,0.8193666338920593,0.4141830205917358,-7.87700642490563e-08
8,0,1,0.8014603853225708,0.3989361226558685,-0.0130331274121999
8,0,2,0.7882556915283203,0.3753456771373749,-0.0198377817869186
8,0,3,0.7880662083625793,0.3533823192119598,-0.0267191492021083
8,0,4,0.7871752977371216,0.337238609790802,-0.0320110209286212
8,0,5,0.7691992521286011,0.3342058062553406,-0.0081564784049987
8,0,6,0.7681658267974854,0.2975389957427978,-0.020671259611845
8,0,7,0.7730352878570557,0.2772965431213379,-0.0281691886484622
8,0,8,0.7780969142913818,0.2589611411094665,-0.0331017710268497
8,0,9,0.7897675633430481,0.3328830003738403,-0.0089391153305768
8,0,10,0.8010969758033752,0.3179711997509002,-0.0295256935060024
8,0,11,0.8045181632041931,0.3422724902629852,-0.0343055464327335
8,0,12,0.8016685247421265,0.3576692044734955,-0.0325234532356262
8,0,13,0.8108089566230774,0.3345658183097839,-0.0117983138188719
8,0,14,0.8207930326461792,0.3308827579021454,-0.0301550924777984
8,0,15,0.8206444978713989,0.3533618152141571,-0.0265335142612457
8,0,16,0.8160898685455322,0.3640636503696441,-0.0193268731236457
8,0,17,0.8304364681243896,0.3399360477924347,-0.0161627400666475
8,0,18,0.8381816744804382,0.3375323414802551,-0.0258030593395233
8,0,19,0.8355443477630615,0.3544963300228119,-0.0214511770755052
8,0,20,0.8302215337753296,0.3629560470581054,-0.015535389073193
8,0,21,0.5074429512023926,0.3416638374328613,-0.7283365726470947
8,0,22,0.533909797668457,0.3056409955024719,-0.6653175354003906
8,0,23,0.5253756046295166,0.3818063735961914,-0.5904980301856995
8,0,24,0.6412243247032166,0.5154545307159424,-0.0322231836616992
8,0,25,0.8702725172042847,0.6756671667098999,-0.3043541312217712
8,1,0,0.0,0.0,0.0
8,1,1,0.0,0.0,0.0
8,1,2,0.0,0.0,0.0
8,1,3,0.0,0.0,0.0
8,1,4,0.0,0.0,0.0
8,1,5,0.0,0.0,0.0
8,1,6,0.0,0.0,0.0
8,1,7,0.0,0.0,0.0
8,1,8,0.0,0.0,0.0
8,1,9,0.0,0.0,0.0
8,1,10,0.0,0.0,0.0
8,1,11,0.0,0.0,0.0
8,1,12,0.0,0.0,0.0
8,1,13,0.0,0.0,0.0
8,1,14,0.0,0.0,0.0
8,1,15,0.0,0.0,0.0
8,1,16,0.0,0.0,0.0
8,1,17,0.0,0.0,0.0
8,1,18,0.0,0.0,0.0
8,1,19,0.0,0.0,0.0
8,1,20,0.0,0.0,0.0
8,1,21,0.5074429512023926,0.3416638374328613,-0.7283365726470947
8,1,22,0.470449835062027,0.3031820654869079,-0.6862989068031311
8,1,23,0.4744395613670349,0.3821510076522827,-0.6192625164985657
8,1,24,0.3221696615219116,0.5446659922599792,-0.1644581407308578
8,1,25,0.3065799474716186,0.8422023057937622,-0.0364831611514091
9,0,0,0.8208339810371399,0.4111319780349731,-8.417197250309982e-08
9,0,1,0.8046567440032959,0.3961755931377411,-0.0168672557920217
9,0,2,0.7920922636985779,0.3703373372554779,-0.0239074490964412
9,0,3,0.7932432889938354,0.345916748046875,-0.0298212841153144
9,0,4,0.7946395874023438,0.3258815705776214,-0.0341485626995563
9,0,5,0.7703163027763367,0.3346453905105591,-0.0131142074242234
9,0,6,0.7699792981147766,0.2964619100093841,-0.0255839340388774
9,0,7,0.7724370360374451,0.2747963070869446,-0.0320860669016838
9,0,8,0.7733606100082397,0.253987580537796,-0.0366327464580535
9,0,9,0.7916969656944275,0.3320890069007873,-0.0113182375207543
9,0,10,0.8026684522628784,0.3174784779548645,-0.0309568289667367
9,0,11,0.805228054523468,0.3420252203941345,-0.0339146554470062
9,0,12,0.8005932569503784,0.3542525172233581,-0.0313918590545654
9,0,13,0.8129962086677551,0.333278477191925,-0.0117493504658341
9,0,14,0.8223745822906494,0.3290998637676239,-0.0302762389183044
9,0,15,0.8217375874519348,0.3513455092906952,-0.0257247388362884
9,0,16,0.815497636795044,0.3583691120147705,-0.0182773228734731
9,0,17,0.8318032026290894,0.3381720781326294,-0.013905880972743
9,0,18,0.8392527103424072,0.3362630903720855,-0.0251376405358314
9,0,19,0.8366313576698303,0.3526104390621185,-0.0213620662689209
9,0,20,0.8303762674331665,0.3587493300437927,-0.015808280557394
9,0,21,0.5055909752845764,0.3409488201141357,-0.6371363997459412
9,0,22,0.533752977848053,0.3055094480514526,-0.5838952660560608
9,0,23,0.5234922766685486,0.3825210332870483,-0.5175155997276306
9,0,24,0.6420249938964844,0.5160235166549683,-0.0426450222730636
9,0,25,0.8767733573913574,0.6715058088302612,-0.2678837478160858
9,1,0,0.0,0.0,0.0
9,1,1,0.0,0.0,0.0
9,1,2,0.0,0.0,0.0
9,1,3,0.0,0.0,0.0
9,1,4,0.0,0.0,0.0
9,1,5,0.0,0.0,0.0
9,1,6,0.0,0.0,0.0
9,1,7,0.0,0.0,0.0
9,1,8,0.0,0.0,0.0
9,1,9,0.0,0.0,0.0
9,1,10,0.0,0.0,0.0
9,1,11,0.0,0.0,0.0
9,1,12,0.0,0.0,0.0
9,1,13,0.0,0.0,0.0
9,1,14,0.0,0.0,0.0
9,1,15,0.0,0.0,0.0
9,1,16,0.0,0.0,0.0
9,1,17,0.0,0.0,0.0
9,1,18,0.0,0.0,0.0
9,1,19,0.0,0.0,0.0
9,1,20,0.0,0.0,0.0
9,1,21,0.5055909752845764,0.3409488201141357,-0.6371363997459412
9,1,22,0.4688381552696228,0.3003126382827759,-0.6022500395774841
9,1,23,0.4716672301292419,0.3824054598808288,-0.5434259176254272
9,1,24,0.3225248456001282,0.5434260964393616,-0.1336718499660492
9,1,25,0.3033912181854248,0.8393747210502625,0.0864645540714263
11,0,0,0.8240288496017456,0.4022424817085266,-7.577842353612142e-08
11,0,1,0.8065028786659241,0.3868259191513061,-0.016139879822731
11,0,2,0.7929778695106506,0.361787885427475,-0.0238820761442184
11,0,3,0.7961457371711731,0.3382477462291717,-0.0310837049037218
11,0,4,0.8007624745368958,0.3188060820102691,-0.0366013161838054
11,0,5,0.7740721702575684,0.3210418224334717,-0.0113341640681028
11,0,6,0.7712886333465576,0.2821461260318756,-0.0253617111593484
11,0,7,0.7721085548400879,0.2585175037384033,-0.0335081666707992
11,0,8,0.7729215621948242,0.2364796102046966,-0.0389302857220172
11,0,9,0.7945902943611145,0.3185718357563019,-0.0108001744374632
11,0,10,0.8065373301506042,0.3047643303871155,-0.0325983315706253
11,0,11,0.8081862926483154,0.3308966159820556,-0.037048153579235
11,0,12,0.804556131362915,0.3462555110454559,-0.034791350364685
11,0,13,0.8154943585395813,0.3198696672916412,-0.0126542150974273
11,0,14,0.8264144659042358,0.3159413635730743,-0.0322022214531898
11,0,15,0.8249579071998596,0.3400591611862182,-0.0273333434015512
11,0,16,0.8205570578575134,0.3499161005020141,-0.0190251283347606
11,0,17,0.8344979286193848,0.3252921998500824,-0.0163234937936067
11,0,18,0.8434774279594421,0.3222811818122864,-0.0270941220223903
11,0,19,0.8400736451148987,0.3408801257610321,-0.0219599287956953
11,0,20,0.8352534770965576,0.3488740921020508,-0.0151384407654404
11,0,21,0.5058932304382324,0.3403846025466919,-0.8538875579833984
11,0,22,0.5349169969558716,0.3050417304039001,-0.7838210463523865
11,0,23,0.5245264172554016,0.3808171153068542,-0.7026406526565552
11,0,24,0.6443319320678711,0.5151989459991455,-0.0906714051961898
11,0,25,0.8784639835357666,0.6618810296058655,-0.4107627868652344
11,1,0,0.0,0.0,0.0
11,1,1,0.0,0.0,0.0
11,1,2,0.0,0.0,0.0
11,1,3,0.0,0.0,0.0
11,1,4,0.0,0.0,0.0
11,1,5,0.0,0.0,0.0
11,1,6,0.0,0.0,0.0
11,1,7,0.0,0.0,0.0
11,1,8,0.0,0.0,0.0
11,1,9,0.0,0.0,0.0
11,1,10,0.0,0.0,0.0
11,1,11,0.0,0.0,0.0
11,1,12,0.0,0.0,0.0
11,1,13,0.0,0.0,0.0
11,1,14,0.0,0.0,0.0
11,1,15,0.0,0.0,0.0
11,1,16,0.0,0.0,0.0
11,1,17,0.0,0.0,0.0
11,1,18,0.0,0.0,0.0
11,1,19,0.0,0.0,0.0
11,1,20,0.0,0.0,0.0
11,1,21,0.5058932304382324,0.3403846025466919,-0.8538875579833984
11,1,22,0.4690257012844085,0.3014137148857116,-0.8002895712852478
11,1,23,0.4714266955852508,0.3803384900093078,-0.7244278192520142
11,1,24,0.3230768144130707,0.5498172640800476,-0.1919773817062378
11,1,25,0.3095138669013977,0.8467583656311035,-0.1258226633071899
13,0,0,0.8267642855644226,0.3924592733383178,-4.631538885746522e-08
13,0,1,0.8105867505073547,0.3801619410514831,-0.0191110298037529
13,0,2,0.7969561219215393,0.355712890625,-0.0277974363416433
13,0,3,0.7989963293075562,0.3316699266433716,-0.0350778512656688
13,0,4,0.7994608879089355,0.3102038502693176,-0.0407149717211723
13,0,5,0.7751057744026184,0.3126221299171448,-0.0143029550090432
13,0,6,0.771885335445404,0.2731395065784454,-0.0274455025792121
13,0,7,0.7719578146934509,0.2489403337240219,-0.03497751429677
13,0,8,0.7724941372871399,0.2267980128526687,-0.0400936640799045
13,0,9,0.7966701984405518,0.3107680976390838,-0.0123707232996821
13,0,10,0.8090850114822388,0.291498064994812,-0.0340758264064788
13,0,11,0.8142985701560974,0.3191018998622894,-0.038478422909975
13,0,12,0.8129450678825378,0.3375844359397888,-0.0356835983693599
13,0,13,0.8180091977119446,0.3131561875343323,-0.0127724232152104
13,0,14,0.8295135498046875,0.3037840127944946,-0.0332445167005062
13,0,15,0.8296310901641846,0.3299575448036194,-0.02851228043437
13,0,16,0.8252249956130981,0.3428110480308532,-0.019589889794588
13,0,17,0.8371537923812866,0.3198065757751465,-0.0149046787992119
13,0,18,0.8463000655174255,0.3099364936351776,-0.0269961338490247
13,0,19,0.8448947072029114,0.3288379311561584,-0.0219093821942806
13,0,20,0.8399323225021362,0.3388848602771759,-0.0147164668887853
13,0,21,0.5088192224502563,0.3369197845458984,-0.8021222352981567
13,0,22,0.5366351008415222,0.3014578819274902,-0.7333911657333374
13,0,23,0.5266472101211548,0.3790519833564758,-0.6563317775726318
13,0,24,0.6450871825218201,0.5125826001167297,-0.0749408900737762
13,0,25,0.8847606182098389,0.6537305116653442,-0.3947628438472748
13,1,0,0.0,0.0,0.0
13,1,1,0.0,0.0,0.0
13,1,2,0.0,0.0,0.0
13,1,3,0.0,0.0,0.0
13,1,4,0.0,0.0,0.0
13,1,5,0.0,0.0,0.0
13,1,6,0.0,0.0,0.0
13,1,7,0.0,0.0,0.0
13,1,8,0.0,0.0,0.0
13,1,9,0.0,0.0,0.0
13,1,10,0.0,0.0,0.0
13,1,11,0.0,0.0,0.0
13,1,12,0.0,0.0,0.0
13,1,13,0.0,0.0,0.0
13,1,14,0.0,0.0,0.0
13,1,15,0.0,0.0,0.0
13,1,16,0.0,0.0,0.0
13,1,17,0.0,0.0,0.0
13,1,18,0.0,0.0,0.0
13,1,19,0.0,0.0,0.0
13,1,20,0.0,0.0,0.0
13,1,21,0.5088192224502563,0.3369197845458984,-0.8021222352981567
13,1,22,0.4684528410434723,0.2989106178283691,-0.7521098256111145
13,1,23,0.4736112356185913,0.3794845342636108,-0.6811796426773071
13,1,24,0.3218509554862976,0.5513532161712646,-0.1837279200553894
13,1,25,0.3081435561180115,0.846428394317627,-0.127868577837944
14,0,0,0.8278806209564209,0.386749267578125,-9.506228337841097e-08
14,0,1,0.8091953992843628,0.3702924847602844,-0.0125520136207342
14,0,2,0.7965339422225952,0.3417792320251465,-0.0171664301306009
14,0,3,0.7995539903640747,0.3159146308898926,-0.0216020047664642
14,0,4,0.8013992309570312,0.2973431944847107,-0.0246829576790332
14,0,5,0.775465190410614,0.3083184361457824,-0.0077576115727424
14,0,6,0.7717266082763672,0.2686980664730072,-0.0197811257094144
14,0,7,0.7722336053848267,0.2449955642223358,-0.0266738012433052
14,0,8,0.7723528146743774,0.2232211232185363,-0.0312800966203212
14,0,9,0.7968264818191528,0.3067685663700104,-0.0080704428255558
14,0,10,0.8086315989494324,0.2872690558433532,-0.0286108013242483
14,0,11,0.8137933015823364,0.3134717047214508,-0.0329684428870677
14,0,12,0.8111920952796936,0.3305484652519226,-0.0304627381265163
14,0,13,0.8184474110603333,0.3080783784389496,-0.0101807452738285
14,0,14,0.8287973403930664,0.2992690205574035,-0.0294636525213718
14,0,15,0.8294606804847717,0.3250488340854645,-0.0248943138867616
14,0,16,0.8252643346786499,0.3374272584915161,-0.0163563638925552
14,0,17,0.8375089764595032,0.3129459917545318,-0.013546859845519
14,0,18,0.8456721305847168,0.3058474063873291,-0.0243111122399568
14,0,19,0.8445101976394653,0.3250114023685455,-0.0190868638455867
14,0,20,0.8401520848274231,0.3349457681179046,-0.012088063172996
14,0,21,0.5034253597259521,0.3339185714721679,-0.908340871334076
14,0,22,0.5337600111961365,0.2998867630958557,-0.8347734212875366
14,0,23,0.5240567326545715,0.3767649531364441,-0.7525752186775208
14,0,24,0.6461533308029175,0.5135713815689087,-0.1180610582232475
14,0,25,0.8824120759963989,0.6470388174057007,-0.4431331157684326
14,1,0,0.0,0.0,0.0
14,1,1,0.0,0.0,0.0
14,1,2,0.0,0.0,0.0
14,1,3,0.0,0.0,0.0
14,1,4,0.0,0.0,0.0
14,1,5,0.0,0.0,0.0
14,1,6,0.0,0.0,0.0
14,1,7,0.0,0.0,0.0
14,1,8,0.0,0.0,0.0
14,1,9,0.0,0.0,0.0
14,1,10,0.0,0.0,0.0
14,1,11,0.0,0.0,0.0
14,1,12,0.0,0.0,0.0
14,1,13,0.0,0.0,0.0
14,1,14,0.0,0.0,0.0
14,1,15,0.0,0.0,0.0
14,1,16,0.0,0.0,0.0
14,1,17,0.0,0.0,0.0
14,1,18,0.0,0.0,0.0
14,1,19,0.0,0.0,0.0
14,1,20,0.0,0.0,0.0
14,1,21,0.5034253597259521,0.3339185714721679,-0.908340871334076
14,1,22,0.466067761182785,0.2972224354743957,-0.8520387411117554
14,1,23,0.4691862165927887,0.3759703040122986,-0.775351881980896
14,1,24,0.3195438086986542,0.5523533225059509,-0.2270133942365646
14,1,25,0.308195412158966,0.8484158515930176,-0.1303586214780807
16,0,0,0.8280121088027954,0.3782413899898529,-7.527047074518124e-08
16,0,1,0.8109312057495117,0.3661055266857147,-0.0120048504322767
16,0,2,0.7983177900314331,0.3408295512199402,-0.0176688358187675
16,0,3,0.7996658086776733,0.3197926878929138,-0.0233620405197143
16,0,4,0.799322247505188,0.3054337799549103,-0.0277910660952329
16,0,5,0.7772814631462097,0.3003852963447571,-0.0090834703296422
16,0,6,0.772703230381012,0.2601542472839355,-0.0221707746386528
16,0,7,0.7731826305389404,0.2361646145582199,-0.0305770989507436
16,0,8,0.7736275792121887,0.2140498161315918,-0.0361646898090839
16,0,9,0.796819806098938,0.2980912923812866,-0.0098486896604299
16,0,10,0.8120843172073364,0.2819313406944275,-0.0308501962572336
16,0,11,0.8155273199081421,0.3086463510990143,-0.0363039150834083
16,0,12,0.8110173940658569,0.3249179422855377,-0.0348744429647922
16,0,13,0.8170750737190247,0.29860720038414,-0.0122882826253771
16,0,14,0.8305447101593018,0.291030079126358,-0.0301237106323242
16,0,15,0.8303519487380981,0.3158971667289734,-0.0257639158517122
16,0,16,0.8252553343772888,0.3275152444839477,-0.0180980768054723
16,0,17,0.8357564806938171,0.3027218282222748,-0.0160934161394834
16,0,18,0.8469701409339905,0.2974849939346313,-0.0254149436950683
16,0,19,0.8457845449447632,0.3162871599197387,-0.0199592839926481
16,0,20,0.8411428928375244,0.3256879448890686,-0.0131014613434672
16,0,21,0.5002181529998779,0.3328310847282409,-0.635356068611145
16,0,22,0.5312331318855286,0.2992603182792663,-0.5769866704940796
16,0,23,0.5214536190032959,0.3754071593284607,-0.5114807486534119
16,0,24,0.6466357111930847,0.5125598311424255,-0.0376561656594276
16,0,25,0.8883684873580933,0.6418083906173706,-0.3485836684703827
16,1,0,0.0,0.0,0.0
16,1,1,0.0,0.0,0.0
16,1,2,0.0,0.0,0.0
16,1,3,0.0,0.0,0.0
16,1,4,0.0,0.0,0.0
16,1,5,0.0,0.0,0.0
16,1,6,0.0,0.0,0.0
16,1,7,0.0,0.0,0.0
16,1,8,0.0,0.0,0.0
16,1,9,0.0,0.0,0.0
16,1,10,0.0,0.0,0.0
16,1,11,0.0,0.0,0.0
16,1,12,0.0,0.0,0.0
16,1,13,0.0,0.0,0.0
16,1,14,0.0,0.0,0.0
16,1,15,0.0,0.0,0.0
16,1,16,0.0,0.0,0.0
16,1,17,0.0,0.0,0.0
16,1,18,0.0,0.0,0.0
16,1,19,0.0,0.0,0.0
16,1,20,0.0,0.0,0.0
16,1,21,0.5002181529998779,0.3328310847282409,-0.635356068611145
16,1,22,0.4636299014091491,0.2965891361236572,-0.5887007713317871
16,1,23,0.4670454263687134,0.3748963475227356,-0.5274823307991028
16,1,24,0.3221750855445862,0.547093391418457,-0.0893956273794174
16,1,25,0.3081744909286499,0.8442362546920776,-0.0302479024976491
17,0,0,0.8289206027984619,0.3767618536949157,-5.1467122119674975e-08
17,0,1,0.8125858902931213,0.3624957203865051,-0.0165858697146177
17,0,2,0.7987815737724304,0.3355531096458435,-0.023383205756545
17,0,3,0.8004942536354065,0.3099034428596496,-0.0292634144425392
17,0,4,0.8023746609687805,0.2888454496860504,-0.0334129780530929
17,0,5,0.7764028906822205,0.298959344625473,-0.010660164989531
17,0,6,0.7722572684288025,0.2590340077877044,-0.024573041126132
17,0,7,0.7726518511772156,0.2344882935285568,-0.0333366207778453
17,0,8,0.772830605506897,0.2119203060865402,-0.0391443893313407
17,0,9,0.7972074747085571,0.2968114912509918,-0.0094043612480163
17,0,10,0.8100141882896423,0.2772881984710693,-0.0316642299294471
17,0,11,0.8155553340911865,0.3047638833522796,-0.0372009575366973
17,0,12,0.8128695487976074,0.3223601877689361,-0.0351698063313961
17,0,13,0.8181129693984985,0.2974879741668701,-0.0103558348491787
17,0,14,0.8290345668792725,0.2876946330070495,-0.030593853443861
17,0,15,0.8302305936813354,0.3131019473075866,-0.0261508114635944
17,0,16,0.8252792358398438,0.3259257972240448,-0.0174624361097812
17,0,17,0.8365005254745483,0.3020968735218048,-0.0129351764917373
17,0,18,0.846440851688385,0.2931943833827972,-0.0246994085609912
17,0,19,0.8459286093711853,0.3118167817592621,-0.0195119082927703
17,0,20,0.8401490449905396,0.322645753622055,-0.0121654896065592
17,0,21,0.4988600313663482,0.336998701095581,-0.766699492931366
17,0,22,0.5319780111312866,0.30257648229599,-0.6979968547821045
17,0,23,0.5200536847114563,0.3787203431129455,-0.6246958374977112
17,0,24,0.6437077522277832,0.5149952173233032,-0.0664487108588218
17,0,25,0.8883740901947021,0.636040210723877,-0.3868881464004516
17,1,0,0.0,0.0,0.0
17,1,1,0.0,0.0,0.0
17,1,2,0.0,0.0,0.0
17,1,3,0.0,0.0,0.0
17,1,4,0.0,0.0,0.0
17,1,5,0.0,0.0,0.0
17,1,6,0.0,0.0,0.0
17,1,7,0.0,0.0,0.0
17,1,8,0.0,0.0,0.0
17,1,9,0.0,0.0,0.0
17,1,10,0.0,0.0,0.0
17,1,11,0.0,0.0,0.0
17,1,12,0.0,0.0,0.0
17,1,13,0.0,0.0,0.0
17,1,14,0.0,0.0,0.0
17,1,15,0.0,0.0,0.0
17,1,16,0.0,0.0,0.0
17,1,17,0.0,0.0,0.0
17,1,18,0.0,0.0,0.0
17,1,19,0.0,0.0,0.0
17,1,20,0.0,0.0,0.0
17,1,21,0.4988600313663482,0.336998701095581,-0.766699492931366
17,1,22,0.4621703028678894,0.2990498542785644,-0.7123432159423828
17,1,23,0.4637596011161804,0.377476155757904,-0.643815279006958
17,1,24,0.3182116150856018,0.5511935949325562,-0.1493743509054184
17,1,25,0.3094760179519653,0.8484485149383545,-0.1230809390544891
19,0,0,0.830298900604248,0.3702863752841949,-5.7746039061612464e-08
19,0,1,0.8121765851974487,0.3594355583190918,-0.015710150822997
19,0,2,0.7976175546646118,0.3346758782863617,-0.0229729767888784
19,0,3,0.799196183681488,0.3121598064899444,-0.0295336041599512
19,0,4,0.799954354763031,0.2935458719730377,-0.0347406640648841
19,0,5,0.7767449617385864,0.2923333048820495,-0.0118436627089977
19,0,6,0.7717258930206299,0.2534899115562439,-0.0253638122230768
19,0,7,0.7720329165458679,0.2297743111848831,-0.0341967865824699
19,0,8,0.7722894549369812,0.208217054605484,-0.040107887238264
19,0,9,0.7976930737495422,0.2902228832244873,-0.0114034311845898
19,0,10,0.8091267347335815,0.2726164758205414,-0.0331457741558551
19,0,11,0.8141245245933533,0.2994975745677948,-0.039129301905632
19,0,12,0.8116273283958435,0.316849410533905,-0.0378050692379474
19,0,13,0.8189156651496887,0.2916057705879211,-0.0129016833379864
19,0,14,0.8287168741226196,0.2818883061408996,-0.0325324609875679
19,0,15,0.8300753235816956,0.3074149787425995,-0.0284154787659645
19,0,16,0.8260118961334229,0.3205013871192932,-0.0203833803534507
19,0,17,0.8385170698165894,0.2972120642662048,-0.0159004870802164
19,0,18,0.8465553522109985,0.2867952287197113,-0.0276749636977911
19,0,19,0.8460108041763306,0.3057369291782379,-0.022370770573616
19,0,20,0.84124356508255,0.3169092833995819,-0.015097021125257
19,0,21,0.5057883858680725,0.3396317958831787,-0.7872169613838196
19,0,22,0.5344234704971313,0.3040418624877929,-0.7154306173324585
19,0,23,0.523965060710907,0.379851222038269,-0.6396817564964294
19,0,24,0.6455039381980896,0.5111291408538818,-0.0552088506519794
19,0,25,0.8908171653747559,0.6305416822433472,-0.3919987082481384
19,1,0,0.0,0.0,0.0
19,1,1,0.0,0.0,0.0
19,1,2,0.0,0.0,0.0
19,1,3,0.0,0.0,0.0
19,1,4,0.0,0.0,0.0
19,1,5,0.0,0.0,0.0
19,1,6,0.0,0.0,0.0
19,1,7,0.0,0.0,0.0
19,1,8,0.0,0.0,0.0
19,1,9,0.0,0.0,0.0
19,1,10,0.0,0.0,0.0
19,1,11,0.0,0.0,0.0
19,1,12,0.0,0.0,0.0
19,1,13,0.0,0.0,0.0
19,1,14,0.0,0.0,0.0
19,1,15,0.0,0.0,0.0
19,1,16,0.0,0.0,0.0
19,1,17,0.0,0.0,0.0
19,1,18,0.0,0.0,0.0
19,1,19,0.0,0.0,0.0
19,1,20,0.0,0.0,0.0
19,1,21,0.5057883858680725,0.3396317958831787,-0.7872169613838196
19,1,22,0.4665598273277282,0.3012515902519226,-0.7359863519668579
19,1,23,0.4711851179599762,0.3796644806861877,-0.6667831540107727
19,1,24,0.320523738861084,0.5510507225990295,-0.1907419115304947
19,1,25,0.3097884356975555,0.8450075387954712,-0.1659916341304779
21,0,0,0.8305688500404358,0.3696956038475036,-3.085756361542735e-08
21,0,1,0.8121615052223206,0.3547068834304809,-0.0191757921129465
21,0,2,0.7984285354614258,0.3268017470836639,-0.0270709116011858
21,0,3,0.8009822368621826,0.2992998361587524,-0.0336653776466846
21,0,4,0.8032822608947754,0.2767429947853088,-0.0386440530419349
21,0,5,0.7747541069984436,0.2904179990291595,-0.0115406047552824
21,0,6,0.7698214054107666,0.2510213851928711,-0.0259921569377183
21,0,7,0.7700692415237427,0.226910263299942,-0.0351033546030521
21,0,8,0.7697675228118896,0.2052141427993774,-0.0408916361629962
21,0,9,0.7961971759796143,0.2897064089775085,-0.0094170672819018
21,0,10,0.8065043091773987,0.2709993124008178,-0.0329290740191936
21,0,11,0.8120014071464539,0.2981791198253631,-0.0389207750558853
21,0,12,0.8104867935180664,0.3148944079875946,-0.0366906970739364
21,0,13,0.8174858093261719,0.2915485501289367,-0.0098202051594853
21,0,14,0.8270879983901978,0.2820127308368683,-0.0325497835874557
21,0,15,0.8282138109207153,0.3086758255958557,-0.0283942613750696
21,0,16,0.8242236375808716,0.3214593529701233,-0.0189721342176198
21,0,17,0.8358657360076904,0.2973696291446686,-0.0119286896660923
21,0,18,0.8441298604011536,0.2865940630435943,-0.0260134823620319
21,0,19,0.8436309099197388,0.306559681892395,-0.0207054428756237
21,0,20,0.838728129863739,0.3179084360599518,-0.0124787678942084
21,0,21,0.5023136138916016,0.3313590288162231,-0.5936563014984131
21,0,22,0.5330831408500671,0.2978124022483825,-0.5334814190864563
21,0,23,0.5227006077766418,0.3737903833389282,-0.4726050198078155
21,0,24,0.6453574299812317,0.511183500289917,-0.0215980615466833
21,0,25,0.8913488984107971,0.6304085850715637,-0.3595404624938965
21,1,0,0.0,0.0,0.0
21,1,1,0.0,0.0,0.0
21,1,2,0.0,0.0,0.0
21,1,3,0.0,0.0,0.0
21,1,4,0.0,0.0,0.0
21,1,5,0.0,0.0,0.0
21,1,6,0.0,0.0,0.0
21,1,7,0.0,0.0,0.0
21,1,8,0.0,0.0,0.0
21,1,9,0.0,0.0,0.0
21,1,10,0.0,0.0,0.0
21,1,11,0.0,0.0,0.0
21,1,12,0.0,0.0,0.0
21,1,13,0.0,0.0,0.0
21,1,14,0.0,0.0,0.0
21,1,15,0.0,0.0,0.0
21,1,16,0.0,0.0,0.0
21,1,17,0.0,0.0,0.0
21,1,18,0.0,0.0,0.0
21,1,19,0.0,0.0,0.0
21,1,20,0.0,0.0,0.0
21,1,21,0.5023136138916016,0.3313590288162231,-0.5936563014984131
21,1,22,0.4641116261482239,0.2945881485939026,-0.5481861233711243
21,1,23,0.4676606357097626,0.3729652166366577,-0.492646723985672
21,1,24,0.3201367557048797,0.5474564433097839,-0.1049581617116928
21,1,25,0.3083622455596924,0.841834545135498,-0.1657687723636627
22,0,0,0.8262007236480713,0.375724732875824,-4.295144151456044e-08
22,0,1,0.810498058795929,0.3617052137851715,-0.0146551970392465
22,0,2,0.7968347072601318,0.3353971838951111,-0.0208737961947917
22,0,3,0.7970557808876038,0.3108927607536316,-0.0266466978937387
22,0,4,0.7976526021957397,0.292607694864273,-0.0308702308684587
22,0,5,0.7741007208824158,0.2974636256694793,-0.0084105189889669
22,0,6,0.7694305181503296,0.2584683299064636,-0.0216566231101751
22,0,7,0.7696808576583862,0.2344028502702713,-0.0302990656346082
22,0,8,0.7697393894195557,0.2126229852437973,-0.0360313616693019
22,0,9,0.7940508127212524,0.295790284872055,-0.0081389788538217
22,0,10,0.8068608641624451,0.2771453559398651,-0.0295980628579854
22,0,11,0.8108839392662048,0.3025674521923065,-0.035433679819107
22,0,12,0.807280421257019,0.3186297416687011,-0.0339261293411254
22,0,13,0.8146084547042847,0.2967481017112732,-0.0099976826459169
22,0,14,0.8258111476898193,0.2859575152397156,-0.0291074309498071
22,0,15,0.8258835077285767,0.3100727796554565,-0.0251883063465356
22,0,16,0.8209900856018066,0.3214088380336761,-0.0173433274030685
22,0,17,0.8334900736808777,0.3013128936290741,-0.0133812762796878
22,0,18,0.8432530760765076,0.2922692596912384,-0.0242889970541
22,0,19,0.8413658738136292,0.310519814491272,-0.0193929709494113
22,0,20,0.8361126184463501,0.3201339840888977,-0.0126048559322953
22,0,21,0.5010019540786743,0.3390495777130127,-0.7243169546127319
22,0,22,0.5305964350700378,0.30380779504776,-0.6585637331008911
22,0,23,0.5210913419723511,0.3798068761825561,-0.5866970419883728
22,0,24,0.6434189677238464,0.5136178135871887,-0.0501940995454788
22,0,25,0.8877581357955933,0.6388044357299805,-0.407979667186737
22,1,0,0.0,0.0,0.0
22,1,1,0.0,0.0,0.0
22,1,2,0.0,0.0,0.0
22,1,3,0.0,0.0,0.0
22,1,4,0.0,0.0,0.0
22,1,5,0.0,0.0,0.0
22,1,6,0.0,0.0,0.0
22,1,7,0.0,0.0,0.0
22,1,8,0.0,0.0,0.0
22,1,9,0.0,0.0,0.0
22,1,10,0.0,0.0,0.0
22,1,11,0.0,0.0,0.0
22,1,12,0.0,0.0,0.0
22,1,13,0.0,0.0,0.0
22,1,14,0.0,0.0,0.0
22,1,15,0.0,0.0,0.0
22,1,16,0.0,0.0,0.0
22,1,17,0.0,0.0,0.0
22,1,18,0.0,0.0,0.0
22,1,19,0.0,0.0,0.0
22,1,20,0.0,0.0,0.0
22,1,21,0.5010019540786743,0.3390495777130127,-0.7243169546127319
22,1,22,0.4614222347736358,0.3026829957962036,-0.6734679341316223
22,1,23,0.4670552015304565,0.3806871175765991,-0.6061238646507263
22,1,24,0.3214091658592224,0.5493108034133911,-0.1458154469728469
22,1,25,0.3055398464202881,0.8411237001419067,-0.1441828906536102
23,0,0,0.8256471753120422,0.3775542080402374,-4.151409882524605e-08
23,0,1,0.8113638758659363,0.3600655198097229,-0.016123928129673
23,0,2,0.7983084917068481,0.3347065448760986,-0.0223749689757823
23,0,3,0.7967552542686462,0.3123695850372314,-0.0278962515294551
23,0,4,0.7955012321472168,0.2950077950954437,-0.0315019749104976
23,0,5,0.7717196941375732,0.2948012948036194,-0.0083953784778714
23,0,6,0.7688875198364258,0.2559943199157715,-0.0216157902032136
23,0,7,0.7694829106330872,0.2323188483715057,-0.0299668572843074
23,0,8,0.7697324156761169,0.2105806767940521,-0.0355160981416702
23,0,9,0.7923803925514221,0.2935897707939148,-0.0074249706231057
23,0,10,0.8068522214889526,0.2753970623016357,-0.0285483859479427
23,0,11,0.8098754286766052,0.3008806705474853,-0.0340796485543251
23,0,12,0.8047598004341125,0.3162918984889984,-0.0324989892542362
23,0,13,0.813534677028656,0.2948237955570221,-0.0089116217568516
23,0,14,0.8263420462608337,0.2854838967323303,-0.0281766802072525
23,0,15,0.8258199095726013,0.3094454705715179,-0.024624053388834
23,0,16,0.8196133375167847,0.3205726742744446,-0.0169960539788007
23,0,17,0.8324175477027893,0.2999952733516693,-0.0120916590094566
23,0,18,0.8432056307792664,0.2924546599388122,-0.0226636789739131
23,0,19,0.8410413265228271,0.3103689849376678,-0.017977712675929
23,0,20,0.8345054984092712,0.3198006749153137,-0.0114347198978066
23,0,21,0.4956197738647461,0.336775004863739,-0.713205099105835
23,0,22,0.5288903117179871,0.3003451824188232,-0.6506376266479492
23,0,23,0.5177951455116272,0.3767034411430359,-0.5824904441833496
23,0,24,0.6442434787750244,0.5118321180343628,-0.059393510222435
23,0,25,0.8889877796173096,0.6366429328918457,-0.3603479564189911
23,1,0,0.0,0.0,0.0
23,1,1,0.0,0.0,0.0
23,1,2,0.0,0.0,0.0
23,1,3,0.0,0.0,0.0
23,1,4,0.0,0.0,0.0
23,1,5,0.0,0.0,0.0
23,1,6,0.0,0.0,0.0
23,1,7,0.0,0.0,0.0
23,1,8,0.0,0.0,0.0
23,1,9,0.0,0.0,0.0
23,1,10,0.0,0.0,0.0
23,1,11,0.0,0.0,0.0
23,1,12,0.0,0.0,0.0
23,1,13,0.0,0.0,0.0
23,1,14,0.0,0.0,0.0
23,1,15,0.0,0.0,0.0
23,1,16,0.0,0.0,0.0
23,1,17,0.0,0.0,0.0
23,1,18,0.0,0.0,0.0
23,1,19,0.0,0.0,0.0
23,1,20,0.0,0.0,0.0
23,1,21,0.4956197738647461,0.336775004863739,-0.713205099105835
23,1,22,0.4582642912864685,0.3010790348052978,-0.6645705103874207
23,1,23,0.4633139073848724,0.3772481679916382,-0.6015845537185669
23,1,24,0.3218144476413727,0.5460507273674011,-0.1427993774414062
23,1,25,0.3039045333862304,0.8418301343917847,-0.0426594540476799
25,0,0,0.8256623148918152,0.3755426108837127,-4.297708500189401e-08
25,0,1,0.8087245225906372,0.3617784976959228,-0.0137367788702249
25,0,2,0.795847475528717,0.3361258804798126,-0.0199935436248779
25,0,3,0.7967402935028076,0.3124982118606567,-0.0260876137763261
25,0,4,0.797191321849823,0.2949895858764648,-0.0309006869792938
25,0,5,0.7747550010681152,0.2975485026836395,-0.0084212701767683
25,0,6,0.7697032690048218,0.2585223615169525,-0.0213841572403907
25,0,7,0.769988477230072,0.2342812716960907,-0.0298534408211708
25,0,8,0.7703654766082764,0.2125083804130554,-0.0354702547192573
25,0,9,0.7944656610488892,0.2965984344482422,-0.0088238418102264
25,0,10,0.8073098659515381,0.2781058847904205,-0.030288090929389
25,0,11,0.8108214735984802,0.3038845062255859,-0.0358492173254489
25,0,12,0.806919276714325,0.3211939930915832,-0.0341366976499557
25,0,13,0.8147292733192444,0.2982792556285858,-0.0111844977363944
25,0,14,0.8261759281158447,0.287678450345993,-0.030023343861103
25,0,15,0.8256605267524719,0.3118572533130646,-0.0254750717431306
25,0,16,0.8203475475311279,0.3242468535900116,-0.0172878988087177
25,0,17,0.8331357836723328,0.3037799894809723,-0.0150180626660585
25,0,18,0.8429849147796631,0.2945078909397125,-0.0254298243671655
25,0,19,0.8407279253005981,0.3130079507827759,-0.0196882933378219
25,0,20,0.8352354168891907,0.3234213590621948,-0.0123685831204056
25,0,21,0.49503293633461,0.3388568162918091,-0.5989201068878174
25,0,22,0.5288920998573303,0.3024816513061523,-0.5431902408599854
25,0,23,0.5173979997634888,0.3785700798034668,-0.4805658161640167
25,0,24,0.6422210931777954,0.5118779540061951,-0.0236717145889997
25,0,25,0.8880876302719116,0.6370173692703247,-0.3125825226306915
25,1,0,0.0,0.0,0.0
25,1,1,0.0,0.0,0.0
25,1,2,0.0,0.0,0.0
25,1,3,0.0,0.0,0.0
25,1,4,0.0,0.0,0.0
25,1,5,0.0,0.0,0.0
25,1,6,0.0,0.0,0.0
25,1,7,0.0,0.0,0.0
25,1,8,0.0,0.0,0.0
25,1,9,0.0,0.0,0.0
25,1,10,0.0,0.0,0.0
25,1,11,0.0,0.0,0.0
25,1,12,0.0,0.0,0.0
25,1,13,0.0,0.0,0.0
25,1,14,0.0,0.0,0.0
25,1,15,0.0,0.0,0.0
25,1,16,0.0,0.0,0.0
25,1,17,0.0,0.0,0.0
25,1,18,0.0,0.0,0.0
25,1,19,0.0,0.0,0.0
25,1,20,0.0,0.0,0.0
25,1,21,0.49503293633461,0.3388568162918091,-0.5989201068878174
25,1,22,0.4574425816535949,0.3024181127548218,-0.5551475882530212
25,1,23,0.4619506299495697,0.3787131905555725,-0.4971204400062561
25,1,24,0.3193376660346985,0.5462811589241028,-0.1028755828738212
25,1,25,0.3056309521198272,0.8424540758132935,-0.0780588462948799
29,0,0,0.8283911943435669,0.3748552501201629,-1.46675240841887e-08
29,0,1,0.8118131756782532,0.3629288375377655,-0.0172423887997865
29,0,2,0.7983152866363525,0.3397355377674103,-0.025100652128458
29,0,3,0.7982363104820251,0.3175742030143738,-0.0320418737828731
29,0,4,0.7957739233970642,0.2988581359386444,-0.0375960916280746
29,0,5,0.7762126326560974,0.2956054806709289,-0.0112617341801524
29,0,6,0.7719892263412476,0.2572429776191711,-0.023503690958023
29,0,7,0.7725148797035217,0.2332319915294647,-0.0315113849937915
29,0,8,0.7730432748794556,0.2119653820991516,-0.0369338430464267
29,0,9,0.7966639995574951,0.2942177355289459,-0.0099973380565643
29,0,10,0.808556318283081,0.2749702632427215,-0.0306235030293464
29,0,11,0.8151834011077881,0.2995876371860504,-0.0364229977130889
29,0,12,0.8139928579330444,0.3181796967983246,-0.0348935276269912
29,0,13,0.8174302577972412,0.2966524362564087,-0.0108396410942077
29,0,14,0.8284108638763428,0.286648690700531,-0.030231736600399
29,0,15,0.8302531242370605,0.3111463189125061,-0.0267289914190769
29,0,16,0.826458752155304,0.3256133794784546,-0.0187941491603851
29,0,17,0.8364766240119934,0.3032607436180115,-0.0132660511881113
29,0,18,0.845944881439209,0.2916411757469177,-0.0250100623816251
29,0,19,0.8456370234489441,0.3095908761024475,-0.0201525427401065
29,0,20,0.8407602906227112,0.32178595662117,-0.0130562400445342
29,0,21,0.499561607837677,0.3365249037742615,-0.6844349503517151
29,0,22,0.529725193977356,0.3022990226745605,-0.6197972893714905
29,0,23,0.5194651484489441,0.3775320053100586,-0.552369236946106
29,0,24,0.6426752209663391,0.5130029916763306,-0.0271908119320869
29,0,25,0.890918493270874,0.6409158706665039,-0.3547175526618957
29,1,0,0.0,0.0,0.0
29,1,1,0.0,0.0,0.0
29,1,2,0.0,0.0,0.0
29,1,3,0.0,0.0,0.0
29,1,4,0.0,0.0,0.0
29,1,5,0.0,0.0,0.0
29,1,6,0.0,0.0,0.0
29,1,7,0.0,0.0,0.0
29,1,8,0.0,0.0,0.0
29,1,9,0.0,0.0,0.0
29,1,10,0.0,0.0,0.0
29,1,11,0.0,0.0,0.0
29,1,12,0.0,0.0,0.0
29,1,13,0.0,0.0,0.0
29,1,14,0.0,0.0,0.0
29,1,15,0.0,0.0,0.0
29,1,16,0.0,0.0,0.0
29,1,17,0.0,0.0,0.0
29,1,18,0.0,0.0,0.0
29,1,19,0.0,0.0,0.0
29,1,20,0.0,0.0,0.0
29,1,21,0.499561607837677,0.3365249037742615,-0.6844349503517151
29,1,22,0.461790531873703,0.299573540687561,-0.6381469368934631
29,1,23,0.465324729681015,0.3777065873146057,-0.5766304135322571
29,1,24,0.3203844726085663,0.5468178987503052,-0.1518333554267883
29,1,25,0.3046824336051941,0.8435856103897095,-0.1465840488672256
30,0,0,0.8288782238960266,0.3766897916793823,-3.589440211726469e-08
30,0,1,0.81171053647995,0.3633832931518554,-0.0153971444815397
30,0,2,0.7988765239715576,0.3368875086307525,-0.0221985671669244
30,0,3,0.8008121252059937,0.3128319978713989,-0.0285573117434978
30,0,4,0.8036219477653503,0.2966113984584808,-0.0335167348384857
30,0,5,0.7768357396125793,0.2975154221057892,-0.0096597215160727
30,0,6,0.7720433473587036,0.2582864761352539,-0.0224501211196184
30,0,7,0.772905707359314,0.2341888546943664,-0.030595988035202
30,0,8,0.7736537456512451,0.2127079367637634,-0.0359805636107921
30,0,9,0.7970690727233887,0.2955067753791809,-0.0091846724972128
30,0,10,0.8096753358840942,0.2767469882965088,-0.0308659709990024
30,0,11,0.8166441917419434,0.3024401068687439,-0.0363342501223087
30,0,12,0.8152761459350586,0.3209791779518127,-0.0342391803860664
30,0,13,0.8179349303245544,0.2968181371688843,-0.0107538169249892
30,0,14,0.8290683031082153,0.2869003117084503,-0.0301052629947662
30,0,15,0.8308994770050049,0.3115020394325256,-0.0259191114455461
30,0,16,0.8268941044807434,0.3258861303329468,-0.0174491442739963
30,0,17,0.8370030522346497,0.3022287487983703,-0.013905681669712
30,0,18,0.8464608192443848,0.2920069396495819,-0.0249602925032377
30,0,19,0.8461541533470154,0.310169368982315,-0.0196817740797996
30,0,20,0.8417221903800964,0.3220352828502655,-0.0122789070010185
30,0,21,0.5017881393432617,0.3367165327072143,-0.7467972636222839
30,0,22,0.5317806601524353,0.301949679851532,-0.6784840822219849
30,0,23,0.521729052066803,0.3770788311958313,-0.6064028739929199
30,0,24,0.6458200812339783,0.5121105909347534,-0.0612745583057403
30,0,25,0.8894871473312378,0.6402769684791565,-0.430692195892334
30,1,0,0.0,0.0,0.0
30,1,1,0.0,0.0,0.0
30,1,2,0.0,0.0,0.0
30,1,3,0.0,0.0,0.0
30,1,4,0.0,0.0,0.0
30,1,5,0.0,0.0,0.0
30,1,6,0.0,0.0,0.0
30,1,7,0.0,0.0,0.0
30,1,8,0.0,0.0,0.0
30,1,9,0.0,0.0,0.0
30,1,10,0.0,0.0,0.0
30,1,11,0.0,0.0,0.0
30,1,12,0.0,0.0,0.0
30,1,13,0.0,0.0,0.0
30,1,14,0.0,0.0,0.0
30,1,15,0.0,0.0,0.0
30,1,16,0.0,0.0,0.0
30,1,17,0.0,0.0,0.0
30,1,18,0.0,0.0,0.0
30,1,19,0.0,0.0,0.0
30,1,20,0.0,0.0,0.0
30,1,21,0.5017881393432617,0.3367165327072143,-0.7467972636222839
30,1,22,0.4626443982124328,0.300204873085022,-0.6924821734428406
30,1,23,0.4678623080253601,0.3772429227828979,-0.6250156760215759
30,1,24,0.3199321925640106,0.5509895086288452,-0.1489386558532714
30,1,25,0.3081899881362915,0.8432596325874329,-0.1828745305538177
31,0,0,0.8282623291015625,0.3778535723686218,-3.8472979468906494e-08
31,0,1,0.8121891617774963,0.3643007278442383,-0.0182343777269125
31,0,2,0.7984923124313354,0.340253084897995,-0.0265818107873201
31,0,3,0.7985230088233948,0.3190308511257171,-0.0337711498141288
31,0,4,0.7963865995407104,0.3022966384887695,-0.0392611771821975
31,0,5,0.7761019468307495,0.2964028716087341,-0.0135262114927172
31,0,6,0.772792398929596,0.2574324905872345,-0.0279909186065197
31,0,7,0.7733860611915588,0.2335435152053833,-0.0373144187033176
31,0,8,0.7744483351707458,0.2108082175254821,-0.0436192341148853
31,0,9,0.7970625162124634,0.2942376136779785,-0.0117410896345973
31,0,10,0.8116958141326904,0.2791689038276672,-0.0343858413398265
31,0,11,0.8158902525901794,0.3073592483997345,-0.0401787273585796
31,0,12,0.8129256367683411,0.3235096931457519,-0.0385094657540321
31,0,13,0.8182275295257568,0.2953948676586151,-0.0122539745643734
31,0,14,0.8307794332504272,0.2880006432533264,-0.0322294421494007
31,0,15,0.8305978178977966,0.3137498199939728,-0.0279632210731506
31,0,16,0.8256829380989075,0.3248814642429352,-0.0196971017867326
31,0,17,0.8371465802192688,0.3003513216972351,-0.0146017568185925
31,0,18,0.8472994565963745,0.2937860786914825,-0.0256236605346202
31,0,19,0.8457253575325012,0.3130805194377899,-0.0203932803124189
31,0,20,0.8408144116401672,0.3220120668411255,-0.0132485032081604
31,0,21,0.4999563992023468,0.3342441320419311,-0.7399190664291382
31,0,22,0.5315024852752686,0.3002636432647705,-0.6735973358154297
31,0,23,0.5212682485580444,0.3768104910850525,-0.6040127277374268
31,0,24,0.644801676273346,0.5136995911598206,-0.0693622156977653
31,0,25,0.8913432955741882,0.636288583278656,-0.4033142924308777
31,1,0,0.0,0.0,0.0
31,1,1,0.0,0.0,0.0
31,1,2,0.0,0.0,0.0
31,1,3,0.0,0.0,0.0
31,1,4,0.0,0.0,0.0
31,1,5,0.0,0.0,0.0
31,1,6,0.0,0.0,0.0
31,1,7,0.0,0.0,0.0
31,1,8,0.0,0.0,0.0
31,1,9,0.0,0.0,0.0
31,1,10,0.0,0.0,0.0
31,1,11,0.0,0.0,0.0
31,1,12,0.0,0.0,0.0
31,1,13,0.0,0.0,0.0
31,1,14,0.0,0.0,0.0
31,1,15,0.0,0.0,0.0
31,1,16,0.0,0.0,0.0
31,1,17,0.0,0.0,0.0
31,1,18,0.0,0.0,0.0
31,1,19,0.0,0.0,0.0
31,1,20,0.0,0.0,0.0
31,1,21,0.4999563992023468,0.3342441320419311,-0.7399190664291382
31,1,22,0.4609948396682739,0.2980919480323791,-0.6897748708724976
31,1,23,0.4652060866355896,0.3767351508140564,-0.6257875561714172
31,1,24,0.3182258009910583,0.5519981384277344,-0.1656911522150039
31,1,25,0.3070963025093078,0.8486746549606323,-0.1385643929243087
32,0,0,0.829542338848114,0.376480370759964,-4.676779141732369e-08
32,0,1,0.8136566877365112,0.3627453446388244,-0.0161556396633386
32,0,2,0.8004820942878723,0.3355506360530853,-0.0227209907025098
32,0,3,0.8023145794868469,0.3113299310207367,-0.0285410191863775
32,0,4,0.801383376121521,0.2931978106498718,-0.03301952034235
32,0,5,0.776785135269165,0.2975467443466186,-0.0107856262475252
32,0,6,0.7727228403091431,0.2575145661830902,-0.0238648876547813
32,0,7,0.7737385034561157,0.2334365397691726,-0.0322554185986518
32,0,8,0.7741959095001221,0.2113839983940124,-0.0379295460879802
32,0,9,0.7973892688751221,0.2965117692947387,-0.0096443016082048
32,0,10,0.81080162525177,0.2788954973220825,-0.0312286633998155
32,0,11,0.8160041570663452,0.3060116469860077,-0.0366133078932762
32,0,12,0.8124808073043823,0.323047012090683,-0.0348019935190677
32,0,13,0.8182011842727661,0.298210471868515,-0.0105873616412281
32,0,14,0.8297542929649353,0.2883678078651428,-0.0303956978023052
32,0,15,0.8307254314422607,0.313890129327774,-0.026030033826828
32,0,16,0.8253719210624695,0.3264173567295074,-0.0176769401878118
32,0,17,0.8364878296852112,0.3034778237342834,-0.0131101682782173
32,0,18,0.8466936945915222,0.2947551906108856,-0.0248459689319133
32,0,19,0.845903217792511,0.3134784996509552,-0.0196698196232318
32,0,20,0.8402167558670044,0.3238289654254913,-0.0124531015753746
32,0,21,0.5043026208877563,0.33961021900177,-0.7452386021614075
32,0,22,0.5330168008804321,0.3042459487915039,-0.6786696910858154
32,0,23,0.5238093137741089,0.3792012929916382,-0.6064138412475586
32,0,24,0.6434091329574585,0.5134347081184387,-0.0544884577393531
32,0,25,0.892094612121582,0.6383012533187866,-0.3813261687755584
32,1,0,0.0,0.0,0.0
32,1,1,0.0,0.0,0.0
32,1,2,0.0,0.0,0.0
32,1,3,0.0,0.0,0.0
32,1,4,0.0,0.0,0.0
32,1,5,0.0,0.0,0.0
32,1,6,0.0,0.0,0.0
32,1,7,0.0,0.0,0.0
32,1,8,0.0,0.0,0.0
32,1,9,0.0,0.0,0.0
32,1,10,0.0,0.0,0.0
32,1,11,0.0,0.0,0.0
32,1,12,0.0,0.0,0.0
32,1,13,0.0,0.0,0.0
32,1,14,0.0,0.0,0.0
32,1,15,0.0,0.0,0.0
32,1,16,0.0,0.0,0.0
32,1,17,0.0,0.0,0.0
32,1,18,0.0,0.0,0.0
32,1,19,0.0,0.0,0.0
32,1,20,0.0,0.0,0.0
32,1,21,0.5043026208877563,0.33961021900177,-0.7452386021614075
32,1,22,0.4653646945953369,0.3023977279663086,-0.6956589221954346
32,1,23,0.4705006182193756,0.3799104690551758,-0.6290707588195801
32,1,24,0.324919044971466,0.5463740825653076,-0.1579753458499908
32,1,25,0.3069778680801391,0.8358063101768494,-0.1280402839183807
