Frame,Hand,Landmark,X,Y,Z
4,0,0,0.5073204636573792,0.8280695080757141,2.58607741443484e-07
4,0,1,0.5625534057617188,0.8143947124481201,0.0152721190825104
4,0,2,0.6139527559280396,0.8193605542182922,0.0190664399415254
4,0,3,0.6462459564208984,0.8325560092926025,0.0169654972851276
4,0,4,0.6704761981964111,0.8471701741218567,0.0150705659762024
4,0,5,0.6275850534439087,0.8025521039962769,0.0176137778908014
4,0,6,0.6847546696662903,0.8227248787879944,0.0086450604721903
4,0,7,0.7218613028526306,0.8405179977416992,0.0010194104397669
4,0,8,0.7493611574172974,0.8550497889518738,-0.0038245406467467
4,0,9,0.6303003430366516,0.8156560063362122,0.0016216309741139
4,0,10,0.6936099529266357,0.8339351415634155,-0.004722808022052
4,0,11,0.7338603138923645,0.8521830439567566,-0.0113850207999348
4,0,12,0.7648006081581116,0.8672611713409424,-0.0158748924732208
4,0,13,0.6268228888511658,0.8350251913070679,-0.0147864464670419
4,0,14,0.6897071599960327,0.8497307300567627,-0.0201431009918451
4,0,15,0.7281264662742615,0.8634651899337769,-0.024943022057414
4,0,16,0.7581284046173096,0.8743995428085327,-0.0285743940621614
4,0,17,0.6181643605232239,0.8618216514587402,-0.0306925699114799
4,0,18,0.6614291667938232,0.8746078014373779,-0.0329542905092239
4,0,19,0.6868723630905151,0.884621798992157,-0.0324837751686573
4,0,20,0.7075508832931519,0.8934162259101868,-0.0323831439018249
4,0,24,0.6775099635124207,0.5037183165550232,-0.0644870698451995
4,0,25,0.88969886302948,0.7619659900665283,-0.3985539674758911
4,1,0,0.0,0.0,0.0
4,1,1,0.0,0.0,0.0
4,1,2,0.0,0.0,0.0
4,1,3,0.0,0.0,0.0
4,1,4,0.0,0.0,0.0
4,1,5,0.0,0.0,0.0
4,1,6,0.0,0.0,0.0
4,1,7,0.0,0.0,0.0
4,1,8,0.0,0.0,0.0
4,1,9,0.0,0.0,0.0
4,1,10,0.0,0.0,0.0
4,1,11,0.0,0.0,0.0
4,1,12,0.0,0.0,0.0
4,1,13,0.0,0.0,0.0
4,1,14,0.0,0.0,0.0
4,1,15,0.0,0.0,0.0
4,1,16,0.0,0.0,0.0
4,1,17,0.0,0.0,0.0
4,1,18,0.0,0.0,0.0
4,1,19,0.0,0.0,0.0
4,1,20,0.0,0.0,0.0
4,1,24,0.3370238244533539,0.5294742584228516,-0.201070636510849
4,1,25,0.2529903948307037,0.8448001742362976,-0.3945472836494446
6,0,0,0.5057238340377808,0.8286219239234924,2.823870204338164e-07
6,0,1,0.5622647404670715,0.8202040195465088,0.011319032870233
6,0,2,0.6173145174980164,0.8260135650634766,0.0126430196687579
6,0,3,0.6539785861968994,0.8402191400527954,0.0088595151901245
6,0,4,0.6811784505844116,0.8560003638267517,0.0052726590074598
6,0,5,0.629249632358551,0.8037315011024475,0.0097025362774729
6,0,6,0.6880743503570557,0.8233668804168701,-0.0022538639605045
6,0,7,0.7264280915260315,0.8417074084281921,-0.0114880595356225
6,0,8,0.7551546096801758,0.8569595813751221,-0.017399126663804
6,0,9,0.6292594075202942,0.8138745427131653,-0.0056479224003851
6,0,10,0.6942282915115356,0.832207441329956,-0.0155763728544116
6,0,11,0.7356864809989929,0.8515148162841797,-0.0241878386586904
6,0,12,0.7677810788154602,0.8679547905921936,-0.029638709500432
6,0,13,0.6229868531227112,0.832645058631897,-0.0213883239775896
6,0,14,0.6890648603439331,0.8464665412902832,-0.0305964425206184
6,0,15,0.7296299338340759,0.8617558479309082,-0.0372626781463623
6,0,16,0.7611880898475647,0.8752819895744324,-0.041494246572256
6,0,17,0.6119930148124695,0.8600519895553589,-0.0366886928677558
6,0,18,0.6568278074264526,0.8711626529693604,-0.0428185649216175
6,0,19,0.6841279864311218,0.8818783760070801,-0.044344987720251
6,0,20,0.7059099674224854,0.8928871750831604,-0.0451067350804805
6,0,24,0.680199384689331,0.504709780216217,-0.0704784914851188
6,0,25,0.8866058588027954,0.7617162466049194,-0.3659865260124206
6,1,0,0.0,0.0,0.0
6,1,1,0.0,0.0,0.0
6,1,2,0.0,0.0,0.0
6,1,3,0.0,0.0,0.0
6,1,4,0.0,0.0,0.0
6,1,5,0.0,0.0,0.0
6,1,6,0.0,0.0,0.0
6,1,7,0.0,0.0,0.0
6,1,8,0.0,0.0,0.0
6,1,9,0.0,0.0,0.0
6,1,10,0.0,0.0,0.0
6,1,11,0.0,0.0,0.0
6,1,12,0.0,0.0,0.0
6,1,13,0.0,0.0,0.0
6,1,14,0.0,0.0,0.0
6,1,15,0.0,0.0,0.0
6,1,16,0.0,0.0,0.0
6,1,17,0.0,0.0,0.0
6,1,18,0.0,0.0,0.0
6,1,19,0.0,0.0,0.0
6,1,20,0.0,0.0,0.0
6,1,24,0.3376049995422363,0.5281957387924194,-0.2278410494327545
6,1,25,0.2524357736110687,0.839314341545105,-0.3633722960948944
8,0,0,0.5032755732536316,0.8253515362739563,2.593269243789109e-07
8,0,1,0.5619438290596008,0.8206155300140381,0.0137602239847183
8,0,2,0.6169484853744507,0.8244905471801758,0.0153724215924739
8,0,3,0.6521053314208984,0.8372011184692383,0.011220789514482
8,0,4,0.6782224178314209,0.8489927649497986,0.0066387350670993
8,0,5,0.6339541673660278,0.8033609390258789,0.0112980743870139
8,0,6,0.6921934485435486,0.8243243098258972,-0.0006756164948455
8,0,7,0.7299428582191467,0.8433980345726013,-0.0105863092467188
8,0,8,0.7576752305030823,0.8604097366333008,-0.0173194259405136
8,0,9,0.6327460408210754,0.8131013512611389,-0.0059879054315388
8,0,10,0.6963338851928711,0.8309643268585205,-0.015268943272531
8,0,11,0.7368242144584656,0.8506682515144348,-0.0237713120877742
8,0,12,0.7678429484367371,0.8681104183197021,-0.0296175647526979
8,0,13,0.6245735287666321,0.8317221403121948,-0.0235979985445737
8,0,14,0.6902599930763245,0.8436279296875,-0.0328444764018058
8,0,15,0.7303224205970764,0.8599200248718262,-0.0394723080098629
8,0,16,0.7614036798477173,0.8751171231269836,-0.0440059676766395
8,0,17,0.6114248633384705,0.8587483763694763,-0.0405729971826076
8,0,18,0.6562264561653137,0.8672078847885132,-0.0478502549231052
8,0,19,0.6845127940177917,0.8773590326309204,-0.0498037450015544
8,0,20,0.7073519229888916,0.8885939717292786,-0.0509772859513759
8,0,24,0.6840077638626099,0.5097023844718933,-0.1415171474218368
8,0,25,0.8744637966156006,0.7618954181671143,-0.3453668355941772
8,1,0,0.0,0.0,0.0
8,1,1,0.0,0.0,0.0
8,1,2,0.0,0.0,0.0
8,1,3,0.0,0.0,0.0
8,1,4,0.0,0.0,0.0
8,1,5,0.0,0.0,0.0
8,1,6,0.0,0.0,0.0
8,1,7,0.0,0.0,0.0
8,1,8,0.0,0.0,0.0
8,1,9,0.0,0.0,0.0
8,1,10,0.0,0.0,0.0
8,1,11,0.0,0.0,0.0
8,1,12,0.0,0.0,0.0
8,1,13,0.0,0.0,0.0
8,1,14,0.0,0.0,0.0
8,1,15,0.0,0.0,0.0
8,1,16,0.0,0.0,0.0
8,1,17,0.0,0.0,0.0
8,1,18,0.0,0.0,0.0
8,1,19,0.0,0.0,0.0
8,1,20,0.0,0.0,0.0
8,1,24,0.3318435251712799,0.539371132850647,-0.2025965005159378
8,1,25,0.2436581254005432,0.8419491648674011,-0.345689445734024
16,0,0,0.5030549764633179,0.8377535343170166,2.920484689639125e-07
16,0,1,0.5575615167617798,0.8289915323257446,0.0118516581133008
16,0,2,0.611037015914917,0.8347164988517761,0.0135040124878287
16,0,3,0.645785391330719,0.8488813042640686,0.0097035793587565
16,0,4,0.6713504791259766,0.8636524081230164,0.0062468820251524
16,0,5,0.6266257166862488,0.8191626071929932,0.0133475577458739
16,0,6,0.6828432083129883,0.8401654958724976,0.0016132890013977
16,0,7,0.7194095849990845,0.8604105114936829,-0.0086627574637532
16,0,8,0.7451685070991516,0.8786231279373169,-0.0152660831809043
16,0,9,0.6279680728912354,0.8298267126083374,-0.0022720848210155
16,0,10,0.6916946172714233,0.8484712243080139,-0.0108204614371061
16,0,11,0.7319419980049133,0.8707190155982971,-0.019120642915368
16,0,12,0.7610677480697632,0.8906890153884888,-0.0246772393584251
16,0,13,0.6233921051025391,0.848913848400116,-0.018650421872735
16,0,14,0.6871046423912048,0.8622322082519531,-0.0267347283661365
16,0,15,0.7250438332557678,0.8797688484191895,-0.0328372307121753
16,0,16,0.7531254291534424,0.8953134417533875,-0.0369621254503726
16,0,17,0.6140639185905457,0.8763993978500366,-0.0348051339387893
16,0,18,0.6572797894477844,0.8871011734008789,-0.0395829230546951
16,0,19,0.6835752129554749,0.8974297046661377,-0.0401974022388458
16,0,20,0.7041937708854675,0.9077792167663574,-0.0406429730355739
16,0,24,0.680575966835022,0.5034017562866211,-0.1433185786008834
16,0,25,0.8718932867050171,0.7532068490982056,-0.3537696301937103
16,1,0,0.0,0.0,0.0
16,1,1,0.0,0.0,0.0
16,1,2,0.0,0.0,0.0
16,1,3,0.0,0.0,0.0
16,1,4,0.0,0.0,0.0
16,1,5,0.0,0.0,0.0
16,1,6,0.0,0.0,0.0
16,1,7,0.0,0.0,0.0
16,1,8,0.0,0.0,0.0
16,1,9,0.0,0.0,0.0
16,1,10,0.0,0.0,0.0
16,1,11,0.0,0.0,0.0
16,1,12,0.0,0.0,0.0
16,1,13,0.0,0.0,0.0
16,1,14,0.0,0.0,0.0
16,1,15,0.0,0.0,0.0
16,1,16,0.0,0.0,0.0
16,1,17,0.0,0.0,0.0
16,1,18,0.0,0.0,0.0
16,1,19,0.0,0.0,0.0
16,1,20,0.0,0.0,0.0
16,1,24,0.3258820474147796,0.5380110144615173,-0.2308453470468521
16,1,25,0.2554307579994201,0.8458318710327148,-0.3410778939723968
17,0,0,0.495855838060379,0.8365058302879333,2.765882811672782e-07
17,0,1,0.553627610206604,0.8294623494148254,0.0117731615900993
17,0,2,0.610042154788971,0.8365324139595032,0.0117925275117158
17,0,3,0.6465821862220764,0.8513357639312744,0.0064469780772924
17,0,4,0.6731917858123779,0.8675384521484375,0.000822247005999
17,0,5,0.6249925494194031,0.8181737661361694,0.0093314964324235
17,0,6,0.6837497353553772,0.8406036496162415,-0.0034298116806894
17,0,7,0.7229450941085815,0.8599966168403625,-0.0140212848782539
17,0,8,0.7512719631195068,0.8772803544998169,-0.0209861937910318
17,0,9,0.6246199011802673,0.8280186057090759,-0.0070236041210591
17,0,10,0.6898561120033264,0.8475651741027832,-0.0161663368344306
17,0,11,0.7306334376335144,0.8685653805732727,-0.024226265028119
17,0,12,0.760322630405426,0.8870061039924622,-0.0298719499260187
17,0,13,0.6182228326797485,0.8469418287277222,-0.0238237511366605
17,0,14,0.6842048764228821,0.8600190877914429,-0.0323137268424034
17,0,15,0.7243956327438354,0.8773339986801147,-0.0377719178795814
17,0,16,0.7540796399116516,0.8929520845413208,-0.0417419672012329
17,0,17,0.6077767014503479,0.8743004202842712,-0.0402832590043544
17,0,18,0.6530137658119202,0.8841515183448792,-0.0450237356126308
17,0,19,0.6809536218643188,0.8958162665367126,-0.0448760464787483
17,0,20,0.7024049162864685,0.907941460609436,-0.0450396873056888
17,0,24,0.6818434596061707,0.497218370437622,-0.1832191348075866
17,0,25,0.8839019536972046,0.7512267231941223,-0.3747495412826538
17,1,0,0.0,0.0,0.0
17,1,1,0.0,0.0,0.0
17,1,2,0.0,0.0,0.0
17,1,3,0.0,0.0,0.0
17,1,4,0.0,0.0,0.0
17,1,5,0.0,0.0,0.0
17,1,6,0.0,0.0,0.0
17,1,7,0.0,0.0,0.0
17,1,8,0.0,0.0,0.0
17,1,9,0.0,0.0,0.0
17,1,10,0.0,0.0,0.0
17,1,11,0.0,0.0,0.0
17,1,12,0.0,0.0,0.0
17,1,13,0.0,0.0,0.0
17,1,14,0.0,0.0,0.0
17,1,15,0.0,0.0,0.0
17,1,16,0.0,0.0,0.0
17,1,17,0.0,0.0,0.0
17,1,18,0.0,0.0,0.0
17,1,19,0.0,0.0,0.0
17,1,20,0.0,0.0,0.0
17,1,24,0.3287521600723266,0.5317935943603516,-0.3234647512435913
17,1,25,0.2549725770950317,0.8477215766906738,-0.3784597218036651
22,0,0,0.515322744846344,0.8348299860954285,3.338743681524648e-07
22,0,1,0.5641539692878723,0.823333203792572,0.0070764264091849
22,0,2,0.6155799031257629,0.8278418183326721,0.0064305844716727
22,0,3,0.651335597038269,0.8414380550384521,0.0019348601344972
22,0,4,0.6775357127189636,0.8590258955955505,-0.0022372922394424
22,0,5,0.6254705786705017,0.8198343515396118,0.002862894674763
22,0,6,0.680143415927887,0.8384554386138916,-0.0098527120426297
22,0,7,0.7153054475784302,0.8579758405685425,-0.0186291113495826
22,0,8,0.7392668128013611,0.8759792447090149,-0.0238017383962869
22,0,9,0.6241321563720703,0.8318111300468445,-0.0096841286867856
22,0,10,0.6838350892066956,0.8516245484352112,-0.0200231857597827
22,0,11,0.7236852049827576,0.8719470500946045,-0.0276539474725723
22,0,12,0.7539255023002625,0.8903354406356812,-0.0322314240038394
22,0,13,0.6170507669448853,0.8509495258331299,-0.0226145647466182
22,0,14,0.6765276193618774,0.8667387962341309,-0.0321657545864582
22,0,15,0.7144275307655334,0.8816666007041931,-0.0377114564180374
22,0,16,0.7436949014663696,0.8944770693778992,-0.0409137941896915
22,0,17,0.6051990985870361,0.8770803809165955,-0.0353385135531425
22,0,18,0.6466982364654541,0.8917635083198547,-0.0419190526008605
22,0,19,0.6734147071838379,0.9026908278465272,-0.0432571433484554
22,0,20,0.6950206160545349,0.911885678768158,-0.043632086366415
22,0,24,0.6795496344566345,0.4959378242492676,-0.1275397688150406
22,0,25,0.8728334903717041,0.7628790140151978,-0.3836827576160431
22,1,0,0.6261008977890015,0.679425835609436,-2.1078264467178087e-08
22,1,1,0.5917240977287292,0.6746529936790466,0.0020794938318431
22,1,2,0.5538017153739929,0.6777061223983765,-0.002935315715149
22,1,3,0.5237480998039246,0.6860389709472656,-0.008616192266345
22,1,4,0.5005060434341431,0.6938006281852722,-0.0163204744458198
22,1,5,0.5475425124168396,0.6550585031509399,-0.02375178784132
22,1,6,0.5059214234352112,0.6750288605690002,-0.0396683849394321
22,1,7,0.4788993895053863,0.6930400133132935,-0.050876460969448
22,1,8,0.4584945440292358,0.710764467716217,-0.0584198348224163
22,1,9,0.5610834956169128,0.6604833006858826,-0.034364778548479
22,1,10,0.5160978436470032,0.6837011575698853,-0.0479597337543964
22,1,11,0.4895062148571014,0.7064976096153259,-0.056732352823019
22,1,12,0.4711472392082214,0.7276522517204285,-0.0634952634572982
22,1,13,0.5808751583099365,0.6728529334068298,-0.0434236489236354
22,1,14,0.5460195541381836,0.6931122541427612,-0.0565780103206634
22,1,15,0.5205334424972534,0.7134793400764465,-0.0628604888916015
22,1,16,0.5009790658950806,0.7303096652030945,-0.0675525814294815
22,1,17,0.6028745174407959,0.6900071501731873,-0.0514114908874034
22,1,18,0.5844930410385132,0.7073742747306824,-0.064847320318222
22,1,19,0.569928765296936,0.7206459641456604,-0.0680460110306739
22,1,20,0.558872640132904,0.7323086261749268,-0.0693991556763649
22,1,24,0.329364150762558,0.5434916019439697,-0.2378637343645095
22,1,25,0.2563864886760711,0.8551279902458191,-0.4244210422039032
23,0,0,0.512793242931366,0.8370503187179565,3.633847711626004e-07
23,0,1,0.56094890832901,0.8249841332435608,0.0068575642071664
23,0,2,0.611537516117096,0.8282409310340881,0.0053297476842999
23,0,3,0.6486086249351501,0.8411962389945984,3.825574822258204e-05
23,0,4,0.6754938364028931,0.8586989045143127,-0.0053463545627892
23,0,5,0.6218500137329102,0.81778883934021,0.0001013158107525
23,0,6,0.6782823204994202,0.8386409878730774,-0.0138609576970338
23,0,7,0.7149130702018738,0.8590160012245178,-0.0234264340251684
23,0,8,0.7411430478096008,0.8773701786994934,-0.0291864369064569
23,0,9,0.6210882663726807,0.828893780708313,-0.0127270007506012
23,0,10,0.6840235590934753,0.8501929044723511,-0.0245578121393919
23,0,11,0.724909782409668,0.8716275691986084,-0.0328211933374404
23,0,12,0.756064236164093,0.8906276226043701,-0.0377619564533233
23,0,13,0.6142061948776245,0.8482517600059509,-0.0257915165275335
23,0,14,0.6764032244682312,0.8658180832862854,-0.0367861054837703
23,0,15,0.7157250046730042,0.8820199370384216,-0.0431820079684257
23,0,16,0.7456040382385254,0.8954192996025085,-0.0468801446259021
23,0,17,0.602677047252655,0.875424861907959,-0.0384877435863018
23,0,18,0.6459816098213196,0.8907261490821838,-0.0462987720966339
23,0,19,0.6732081174850464,0.9017004370689392,-0.0482026636600494
23,0,20,0.6948737502098083,0.9106144309043884,-0.048962689936161
23,0,24,0.6800625324249268,0.5016116499900818,-0.0348151922225952
23,0,25,0.8661074638366699,0.7578865885734558,-0.2251332253217697
23,1,0,0.0,0.0,0.0
23,1,1,0.0,0.0,0.0
23,1,2,0.0,0.0,0.0
23,1,3,0.0,0.0,0.0
23,1,4,0.0,0.0,0.0
23,1,5,0.0,0.0,0.0
23,1,6,0.0,0.0,0.0
23,1,7,0.0,0.0,0.0
23,1,8,0.0,0.0,0.0
23,1,9,0.0,0.0,0.0
23,1,10,0.0,0.0,0.0
23,1,11,0.0,0.0,0.0
23,1,12,0.0,0.0,0.0
23,1,13,0.0,0.0,0.0
23,1,14,0.0,0.0,0.0
23,1,15,0.0,0.0,0.0
23,1,16,0.0,0.0,0.0
23,1,17,0.0,0.0,0.0
23,1,18,0.0,0.0,0.0
23,1,19,0.0,0.0,0.0
23,1,20,0.0,0.0,0.0
23,1,24,0.3340455293655395,0.5375018119812012,-0.125216469168663
23,1,25,0.2501989901065826,0.8418440818786621,-0.2228814363479614
26,0,0,0.4846251606941223,0.8516029715538025,3.951841733851325e-07
26,0,1,0.5299330353736877,0.8255355358123779,-0.0018225848907604
26,0,2,0.5866767764091492,0.8165166974067688,-0.0078017725609242
26,0,3,0.6308152675628662,0.8266767859458923,-0.0160642713308334
26,0,4,0.6621984839439392,0.8452606201171875,-0.0251256432384252
26,0,5,0.6164404153823853,0.8145431876182556,-0.0050297528505325
26,0,6,0.6764429807662964,0.8389229774475098,-0.0210558418184518
26,0,7,0.7131358981132507,0.8569876551628113,-0.0344406776130199
26,0,8,0.740790605545044,0.8747681975364685,-0.0436068587005138
26,0,9,0.6143319606781006,0.8283029198646545,-0.0148919904604554
26,0,10,0.680958092212677,0.8502768874168396,-0.0280389972031116
26,0,11,0.7215445041656494,0.8693137764930725,-0.0383123494684696
26,0,12,0.7512878775596619,0.8883335590362549,-0.0456919185817241
26,0,13,0.6050583720207214,0.8472892642021179,-0.0262073222547769
26,0,14,0.6712803840637207,0.8652207851409912,-0.0399888008832931
26,0,15,0.7116686105728149,0.8826905488967896,-0.0481736436486244
26,0,16,0.7426638007164001,0.8992183804512024,-0.0536152981221675
26,0,17,0.5897521376609802,0.8706454634666443,-0.037819642573595
26,0,18,0.6335707902908325,0.8884972333908081,-0.0488134361803531
26,0,19,0.6618396043777466,0.9016429781913756,-0.0518391542136669
26,0,20,0.6842329502105713,0.9136422872543336,-0.0537739247083663
26,0,24,0.6807778477668762,0.5049057602882385,-0.1000734716653823
26,0,25,0.8687849044799805,0.7656896114349365,-0.3229706585407257
26,1,0,0.0,0.0,0.0
26,1,1,0.0,0.0,0.0
26,1,2,0.0,0.0,0.0
26,1,3,0.0,0.0,0.0
26,1,4,0.0,0.0,0.0
26,1,5,0.0,0.0,0.0
26,1,6,0.0,0.0,0.0
26,1,7,0.0,0.0,0.0
26,1,8,0.0,0.0,0.0
26,1,9,0.0,0.0,0.0
26,1,10,0.0,0.0,0.0
26,1,11,0.0,0.0,0.0
26,1,12,0.0,0.0,0.0
26,1,13,0.0,0.0,0.0
26,1,14,0.0,0.0,0.0
26,1,15,0.0,0.0,0.0
26,1,16,0.0,0.0,0.0
26,1,17,0.0,0.0,0.0
26,1,18,0.0,0.0,0.0
26,1,19,0.0,0.0,0.0
26,1,20,0.0,0.0,0.0
26,1,24,0.3277352154254913,0.5388039350509644,-0.1369704455137252
26,1,25,0.223300814628601,0.8458349108695984,-0.3817446529865265
28,0,0,0.4810642004013061,0.8574950098991394,4.348895288330823e-07
28,0,1,0.5233615636825562,0.8306818604469299,-0.0015933198155835
28,0,2,0.5810547471046448,0.8220350742340088,-0.0061363819986581
28,0,3,0.6270011067390442,0.8332947492599487,-0.0125164128839969
28,0,4,0.6591087579727173,0.8520246744155884,-0.0194209963083267
28,0,5,0.6108925342559814,0.8229389786720276,-0.0041249436326324
28,0,6,0.6721897721290588,0.8458783030509949,-0.0185080710798501
28,0,7,0.7119011878967285,0.8642656803131104,-0.0306246057152748
28,0,8,0.7415763735771179,0.8825210928916931,-0.0387616865336895
28,0,9,0.6096243262290955,0.8359912037849426,-0.0126252863556146
28,0,10,0.6778479814529419,0.8593178391456604,-0.0233269911259412
28,0,11,0.7190873622894287,0.8784530758857727,-0.0320813655853271
28,0,12,0.7495080828666687,0.8975683450698853,-0.0385345481336116
28,0,13,0.6017798185348511,0.8542299270629883,-0.0223738811910152
28,0,14,0.6688007116317749,0.8745306134223938,-0.0327249690890312
28,0,15,0.7098627090454102,0.8894151449203491,-0.0388935133814811
28,0,16,0.7415620684623718,0.9033626317977904,-0.043534904718399
28,0,17,0.58820641040802,0.8775147795677185,-0.0326571352779865
28,0,18,0.635211169719696,0.8974406719207764,-0.0403358899056911
28,0,19,0.6648075580596924,0.9113991856575012,-0.041451022028923
28,0,20,0.6882131695747375,0.924125075340271,-0.0423451736569404
28,0,24,0.6803081035614014,0.5035951137542725,-0.1289683431386947
28,0,25,0.8571194410324097,0.7631821632385254,-0.3395074307918548
28,1,0,0.6504766345024109,0.7325661182403564,-5.2276721618227384e-08
28,1,1,0.593355655670166,0.7303511500358582,0.0013122535310685
28,1,2,0.5405493378639221,0.7442785501480103,-0.0038089505396783
28,1,3,0.4974654912948608,0.7574166059494019,-0.0102498289197683
28,1,4,0.4627329111099243,0.7612968683242798,-0.0185020416975021
28,1,5,0.5449336767196655,0.7383195757865906,-0.0229021031409502
28,1,6,0.4990335404872894,0.7689186930656433,-0.0404130481183528
28,1,7,0.4721317291259765,0.7912062406539917,-0.0514455884695053
28,1,8,0.4502301514148712,0.8106544613838196,-0.0590529888868331
28,1,9,0.5637295842170715,0.7464959621429443,-0.0337506420910358
28,1,10,0.5176959037780762,0.7864040732383728,-0.0494033247232437
28,1,11,0.4885586500167846,0.816331684589386,-0.0581151470541954
28,1,12,0.4662567377090454,0.8424403071403503,-0.0662515610456466
28,1,13,0.5884560942649841,0.7601041793823242,-0.0438750907778739
28,1,14,0.548698365688324,0.7985799908638,-0.0591787546873092
28,1,15,0.5234420895576477,0.8253966569900513,-0.0651332587003707
28,1,16,0.5025138258934021,0.847194254398346,-0.0703896507620811
28,1,17,0.616256058216095,0.7767525911331177,-0.0532427132129669
28,1,18,0.5900601744651794,0.8082982301712036,-0.0680870935320854
28,1,19,0.572571873664856,0.8292641639709473,-0.07328662276268
28,1,20,0.5587105751037598,0.848515510559082,-0.0769870728254318
28,1,24,0.3272572159767151,0.5437507033348083,-0.2015675604343414
28,1,25,0.2412911057472229,0.8459393978118896,-0.430402398109436
29,0,0,0.4729251563549042,0.8521735668182373,3.933854486604105e-07
29,0,1,0.5256167054176331,0.8268997669219971,0.0051231998950243
29,0,2,0.5877985954284668,0.8213926553726196,0.0006034970283508
29,0,3,0.6354610919952393,0.8336104154586792,-0.0069635631516575
29,0,4,0.6699827909469604,0.8516581058502197,-0.0154380910098552
29,0,5,0.6065664887428284,0.8153017163276672,-0.006642966531217
29,0,6,0.6708584427833557,0.8400568962097168,-0.0221393648535013
29,0,7,0.7090743184089661,0.8594350218772888,-0.0332495607435703
29,0,8,0.7381988167762756,0.8776274919509888,-0.0408511683344841
29,0,9,0.6022415161132812,0.8277420997619629,-0.0199228562414646
29,0,10,0.675220251083374,0.8527413606643677,-0.0337841846048831
29,0,11,0.7178341746330261,0.8733745813369751,-0.0424466878175735
29,0,12,0.7498601078987122,0.892877995967865,-0.0485964231193065
29,0,13,0.5925655961036682,0.8464682698249817,-0.0333654843270778
29,0,14,0.6655588150024414,0.8689975738525391,-0.0467901304364204
29,0,15,0.7083518505096436,0.8863041400909424,-0.0528371594846248
29,0,16,0.7415983080863953,0.90128356218338,-0.0569501034915447
29,0,17,0.5781487226486206,0.8712781667709351,-0.0464290902018547
29,0,18,0.6289368271827698,0.8907583355903625,-0.0561659000813961
29,0,19,0.660221517086029,0.9050613641738892,-0.0575539842247962
29,0,20,0.6854174733161926,0.918322741985321,-0.0585530772805213
29,0,24,0.6828110814094543,0.4987397789955139,-0.1287065595388412
29,0,25,0.8741001486778259,0.7690039873123169,-0.3889513909816742
29,1,0,0.6559776663780212,0.7296731472015381,-1.1922365672489832e-07
29,1,1,0.5979723930358887,0.7258155345916748,0.0003924534248653
29,1,2,0.5447098612785339,0.7387388348579407,-0.0032116237562149
29,1,3,0.5033926963806152,0.7518218755722046,-0.0084086544811725
29,1,4,0.4703035652637481,0.7574517726898193,-0.0152711551636457
29,1,5,0.5425105094909668,0.7334272861480713,-0.0158130060881376
29,1,6,0.4984385967254638,0.7652725577354431,-0.0322974808514118
29,1,7,0.4719538390636444,0.7872340083122253,-0.0439150221645832
29,1,8,0.4495936036109924,0.8068508505821228,-0.0518839359283447
29,1,9,0.5611666440963745,0.7417294979095459,-0.0255058202892541
29,1,10,0.5151926875114441,0.7798721790313721,-0.0396637208759784
29,1,11,0.4864258766174316,0.80810546875,-0.0487006530165672
29,1,12,0.4637919664382934,0.8330684304237366,-0.0566995702683925
29,1,13,0.5847889184951782,0.7554538249969482,-0.0350742414593696
29,1,14,0.5473235249519348,0.7939529418945312,-0.050071932375431
29,1,15,0.5243368148803711,0.8206549882888794,-0.0565734021365642
29,1,16,0.5048635005950928,0.8421189785003662,-0.0615234971046447
29,1,17,0.6116787195205688,0.7720668315887451,-0.0441053248941898
29,1,18,0.5885696411132812,0.8076309561729431,-0.0586726255714893
29,1,19,0.571103572845459,0.8315854668617249,-0.0640987232327461
29,1,20,0.5563361644744873,0.8535032272338867,-0.0674990937113761
29,1,24,0.3270840942859649,0.5426198840141296,-0.2377626150846481
29,1,25,0.2431524395942688,0.858674943447113,-0.4825707077980041
36,0,0,0.4743992686271667,0.8246340155601501,2.8233128546162334e-07
36,0,1,0.5265525579452515,0.8110083341598511,0.0128287887200713
36,0,2,0.578418493270874,0.8151050209999084,0.0143424086272716
36,0,3,0.6108428835868835,0.8272596597671509,0.0109631167724728
36,0,4,0.634827196598053,0.8414061069488525,0.0069866222329437
36,0,5,0.5949243903160095,0.8039506673812866,0.0084049785509705
36,0,6,0.6473541259765625,0.8241178393363953,-0.0020900159142911
36,0,7,0.6831309199333191,0.8393411040306091,-0.010884472168982
36,0,8,0.7103621959686279,0.8516908884048462,-0.0170077066868543
36,0,9,0.5940319299697876,0.8177430033683777,-0.0074299303814768
36,0,10,0.6541709303855896,0.8372127413749695,-0.0157863590866327
36,0,11,0.6955001950263977,0.853663980960846,-0.0243711359798908
36,0,12,0.7282329201698303,0.8671141266822815,-0.0304010063409805
36,0,13,0.5860050320625305,0.837762713432312,-0.0231756046414375
36,0,14,0.6471053957939148,0.8513342142105103,-0.0314601846039295
36,0,15,0.686755359172821,0.8627089858055115,-0.038903072476387
36,0,16,0.7183006405830383,0.8710444569587708,-0.044181153178215
36,0,17,0.5723581314086914,0.8634883761405945,-0.0381329357624053
36,0,18,0.6151527762413025,0.8749080300331116,-0.0445113405585289
36,0,19,0.6424604654312134,0.88292396068573,-0.0469328761100769
36,0,20,0.6650443077087402,0.8895437121391296,-0.0486667677760124
36,0,24,0.6831754446029663,0.5368264317512512,0.0500078275799751
36,0,25,0.7605736255645752,0.8516632318496704,-0.1323093175888061
36,1,0,0.0,0.0,0.0
36,1,1,0.0,0.0,0.0
36,1,2,0.0,0.0,0.0
36,1,3,0.0,0.0,0.0
36,1,4,0.0,0.0,0.0
36,1,5,0.0,0.0,0.0
36,1,6,0.0,0.0,0.0
36,1,7,0.0,0.0,0.0
36,1,8,0.0,0.0,0.0
36,1,9,0.0,0.0,0.0
36,1,10,0.0,0.0,0.0
36,1,11,0.0,0.0,0.0
36,1,12,0.0,0.0,0.0
36,1,13,0.0,0.0,0.0
36,1,14,0.0,0.0,0.0
36,1,15,0.0,0.0,0.0
36,1,16,0.0,0.0,0.0
36,1,17,0.0,0.0,0.0
36,1,18,0.0,0.0,0.0
36,1,19,0.0,0.0,0.0
36,1,20,0.0,0.0,0.0
36,1,24,0.3381343483924866,0.5375030040740967,-0.1955607533454895
36,1,25,0.2496295422315597,0.8312883377075195,-0.4026103317737579
42,0,0,0.4604490399360657,0.8239709138870239,3.242196839892131e-07
42,0,1,0.5086072683334351,0.8120572566986084,0.0114888288080692
42,0,2,0.5602421760559082,0.8181213736534119,0.0130086503922939
42,0,3,0.5916857719421387,0.8308073878288269,0.0101516749709844
42,0,4,0.6152750849723816,0.8457930088043213,0.00647404929623
42,0,5,0.5763795375823975,0.809037983417511,0.0062908995896577
42,0,6,0.6276515126228333,0.8271044492721558,-0.0035548184532672
42,0,7,0.6651560068130493,0.8408159613609314,-0.0115538220852613
42,0,8,0.6935213804244995,0.8529679775238037,-0.0170723963528871
42,0,9,0.5756202936172485,0.8212648034095764,-0.0084780678153038
42,0,10,0.6342600584030151,0.8416725397109985,-0.0161154326051473
42,0,11,0.6758291125297546,0.8581970930099487,-0.0237584598362445
42,0,12,0.7084857821464539,0.8725711107254028,-0.0289245825260877
42,0,13,0.5681794285774231,0.840376615524292,-0.0230077356100082
42,0,14,0.6281757354736328,0.8552799820899963,-0.0307534486055374
42,0,15,0.6665486097335815,0.8678198456764221,-0.0369215682148933
42,0,16,0.6968494653701782,0.8778776526451111,-0.0410492867231369
42,0,17,0.5546543002128601,0.8651495575904846,-0.0368169508874416
42,0,18,0.5962893962860107,0.8779211640357971,-0.0426857061684131
42,0,19,0.6221286058425903,0.8885654211044312,-0.043806817382574
42,0,20,0.6423759460449219,0.8980648517608643,-0.0443008579313755
42,0,24,0.681265115737915,0.5621359348297119,0.1005696281790733
42,0,25,0.7377960681915283,0.8634557723999023,0.1324302107095718
42,1,0,0.8479990363121033,0.8614315390586853,-3.18150341627188e-08
42,1,1,0.9028399586677552,0.8563726544380188,-0.0058326101861894
42,1,2,0.9543939232826232,0.8677854537963867,-0.0133855305612087
42,1,3,0.9884127378463744,0.873901903629303,-0.0214618295431137
42,1,4,1.018394112586975,0.8773736953735352,-0.0305566973984241
42,1,5,0.9546287059783936,0.9260804057121276,-0.0232517961412668
42,1,6,0.9826786518096924,0.9533068537712096,-0.0431038066744804
42,1,7,1.0006256103515625,0.959098219871521,-0.0602215081453323
42,1,8,1.017030119895935,0.9563077688217164,-0.0728465244174003
42,1,9,0.9320924878120422,0.9344652891159058,-0.0330429971218109
42,1,10,0.9558874368667604,0.96376371383667,-0.0502328835427761
42,1,11,0.9758544564247132,0.961364448070526,-0.0620319955050945
42,1,12,0.9934163093566896,0.9488895535469056,-0.0720593854784965
42,1,13,0.9029527902603148,0.9340637922286988,-0.0434117466211319
42,1,14,0.9235798716545104,0.9565399289131165,-0.0602759644389152
42,1,15,0.94203120470047,0.9540145993232728,-0.0668701454997062
42,1,16,0.9592320322990416,0.9426318407058716,-0.0724895074963569
42,1,17,0.8698225617408752,0.9244514107704164,-0.0540889874100685
42,1,18,0.8807109594345093,0.9386117458343506,-0.0703518241643905
42,1,19,0.8922123312950134,0.9347541332244872,-0.0742712393403053
42,1,20,0.9027947187423706,0.9243848919868468,-0.0772090703248977
42,1,24,0.3329464197158813,0.5306960940361023,-0.2976999282836914
42,1,25,0.2297947257757187,0.8351651430130005,-0.5022338032722473
43,0,0,0.463151067495346,0.8247438669204712,2.881837701806944e-07
43,0,1,0.5107226371765137,0.8109819889068604,0.0128937708213925
43,0,2,0.5596920847892761,0.8163684606552124,0.0164204258471727
43,0,3,0.5880438089370728,0.8301356434822083,0.0151734733954072
43,0,4,0.6082297563552856,0.8450228571891785,0.0134814847260713
43,0,5,0.5770931839942932,0.8079383969306946,0.0136986868456006
43,0,6,0.6276767253875732,0.8261924982070923,0.0066165057942271
43,0,7,0.6635149717330933,0.8399472832679749,9.00848608580418e-05
43,0,8,0.6897696256637573,0.8518525958061218,-0.0043749841861426
43,0,9,0.5788209438323975,0.8220753073692322,-0.0004286856856197
43,0,10,0.6352424621582031,0.8402211666107178,-0.0055128401145339
43,0,11,0.6737162470817566,0.8560967445373535,-0.0121364230290055
43,0,12,0.7029764652252197,0.869617760181427,-0.0165139883756637
43,0,13,0.5736629962921143,0.8421750664710999,-0.014602000825107
43,0,14,0.630742609500885,0.8554388284683228,-0.020114054903388
43,0,15,0.6664149761199951,0.8670580983161926,-0.0253861267119646
43,0,16,0.6942170858383179,0.8759407997131348,-0.0288846474140882
43,0,17,0.5622377991676331,0.8675050735473633,-0.0280953366309404
43,0,18,0.6028960943222046,0.8801656365394592,-0.0315459258854389
43,0,19,0.6271570324897766,0.8900558352470398,-0.0314159840345382
43,0,20,0.6459338068962097,0.8983151316642761,-0.0311150625348091
43,0,24,0.6748201847076416,0.5699961185455322,0.1060266494750976
43,0,25,0.7241647243499756,0.8623735904693604,0.1749368607997894
43,1,0,0.8593761920928955,0.8720139265060425,3.2203050892576364e-08
43,1,1,0.9113088846206664,0.8676351308822632,-0.0085505647584795
43,1,2,0.9606342315673828,0.8790996670722961,-0.0177647899836301
43,1,3,0.9946354627609252,0.8868602514266968,-0.0271021258085966
43,1,4,1.0251436233520508,0.8918856978416443,-0.0376173630356788
43,1,5,0.9581517577171326,0.9333248734474182,-0.0247047170996665
43,1,6,0.9867393970489502,0.9550561904907228,-0.0444288663566112
43,1,7,1.0052645206451416,0.9613348245620728,-0.0609120726585388
43,1,8,1.0211368799209597,0.9634507894515992,-0.0730895921587944
43,1,9,0.9357012510299684,0.9412948489189148,-0.0327713266015052
43,1,10,0.9589200615882874,0.9659739136695862,-0.0505184419453144
43,1,11,0.9774343371391296,0.9679042100906372,-0.063830554485321
43,1,12,0.994052231311798,0.963798999786377,-0.0748139843344688
43,1,13,0.90691876411438,0.9411276578903198,-0.0414411462843418
43,1,14,0.9267584681510924,0.9622175693511964,-0.0598262213170528
43,1,15,0.9438149333000184,0.9618472456932068,-0.0685260668396949
43,1,16,0.9598597288131714,0.9549139142036438,-0.0752899050712585
43,1,17,0.874833881855011,0.9334967136383056,-0.0503057949244976
43,1,18,0.8835398554801941,0.9456589221954346,-0.0683677867054939
43,1,19,0.8945099115371704,0.942665159702301,-0.0738986507058143
43,1,20,0.9051369428634644,0.934142529964447,-0.0775739103555679
43,1,24,0.3245340585708618,0.5287032723426819,-0.3251668810844421
43,1,25,0.2369378060102462,0.8322089910507202,-0.5451760292053223
46,0,0,0.462070494890213,0.8219525218009949,3.65244687827726e-07
46,0,1,0.5108948945999146,0.8147232532501221,0.0113150281831622
46,0,2,0.5609064698219299,0.8219055533409119,0.0116435913369059
46,0,3,0.5904318690299988,0.83780837059021,0.0074088629335165
46,0,4,0.6131999492645264,0.8550885319709778,0.0022149123251438
46,0,5,0.5798372030258179,0.8118407130241394,0.0033198343589901
46,0,6,0.6328482031822205,0.836327314376831,-0.0090741571038961
46,0,7,0.670621395111084,0.8558387756347656,-0.0189325772225856
46,0,8,0.6983295679092407,0.8724481463432312,-0.0254076831042766
46,0,9,0.5789405703544617,0.8230332136154175,-0.0118496557697653
46,0,10,0.6383245587348938,0.8463244438171387,-0.0214092321693897
46,0,11,0.6789541244506836,0.8681933879852295,-0.0299820248037576
46,0,12,0.7096074223518372,0.8870759606361389,-0.0356601811945438
46,0,13,0.5703047513961792,0.8413429856300354,-0.0267360229045152
46,0,14,0.6300612688064575,0.8586207628250122,-0.0358067601919174
46,0,15,0.6677418351173401,0.875433087348938,-0.0426074191927909
46,0,16,0.6964460015296936,0.8892858028411865,-0.0471165813505649
46,0,17,0.5546921491622925,0.8665000796318054,-0.0408695600926876
46,0,18,0.5955354571342468,0.8820123076438904,-0.0479624569416046
46,0,19,0.6215818524360657,0.893517255783081,-0.0497962087392807
46,0,20,0.6417787075042725,0.903042197227478,-0.0506705939769744
46,0,24,0.6758507490158081,0.5693115592002869,0.1346375048160553
46,0,25,0.722985029220581,0.8682981729507446,0.2135520577430725
46,1,0,0.8592589497566223,0.8772104978561401,-2.15551594351382e-08
46,1,1,0.9109591245651244,0.8757642507553101,-0.0049905949272215
46,1,2,0.9607385396957396,0.8883388042449951,-0.0109749063849449
46,1,3,0.9947596192359924,0.8976330757141113,-0.01741823554039
46,1,4,1.022739291191101,0.9047617316246032,-0.0243805050849914
46,1,5,0.9542278051376344,0.9434331059455872,-0.0172304771840572
46,1,6,0.9836810827255248,0.9691367745399476,-0.0340286456048488
46,1,7,1.0048972368240356,0.9752093553543092,-0.0477314181625843
46,1,8,1.0217496156692505,0.9757342338562012,-0.0574596635997295
46,1,9,0.9333348870277404,0.9523885250091552,-0.0247966274619102
46,1,10,0.9597989320755004,0.9776489734649658,-0.0381948836147785
46,1,11,0.9812570214271544,0.9768152832984924,-0.0468274243175983
46,1,12,0.997568130493164,0.9691325426101683,-0.0538448542356491
46,1,13,0.9064805507659912,0.9528169631958008,-0.0331156998872756
46,1,14,0.9317257404327391,0.9744305610656738,-0.0463820323348045
46,1,15,0.9535462856292723,0.9720404744148254,-0.0509327389299869
46,1,16,0.970858633518219,0.9631062746047974,-0.0544880479574203
46,1,17,0.876296877861023,0.9442721009254456,-0.0416917614638805
46,1,18,0.8912178874015808,0.9538961052894592,-0.0550882518291473
46,1,19,0.9067201018333436,0.9506045579910278,-0.0581344813108444
46,1,20,0.919995903968811,0.9432265162467957,-0.0597674362361431
46,1,24,0.3272414803504944,0.5189915299415588,-0.3098903596401214
46,1,25,0.2213668376207351,0.8177843689918518,-0.5185869336128235
50,0,0,0.4533609747886657,0.823388397693634,3.604712901505991e-07
50,0,1,0.5006717443466187,0.812323808670044,0.009938383474946
50,0,2,0.5509210824966431,0.8196741938591003,0.0111294630914926
50,0,3,0.5812908411026001,0.8342052102088928,0.0081040309742093
50,0,4,0.603328287601471,0.8501179218292236,0.0048398091457784
50,0,5,0.5684947967529297,0.8092610836029053,0.0074575170874595
50,0,6,0.620755136013031,0.8345285654067993,-0.0018860064446926
50,0,7,0.6572743058204651,0.8533802032470703,-0.0097644729539752
50,0,8,0.6835016012191772,0.86929851770401,-0.0147496070712804
50,0,9,0.5681755542755127,0.821388304233551,-0.0056209182366728
50,0,10,0.6266500949859619,0.845102846622467,-0.011862264946103
50,0,11,0.6659761667251587,0.8654383420944214,-0.0182531867176294
50,0,12,0.6951514482498169,0.8829392790794373,-0.0224722977727651
50,0,13,0.5618515610694885,0.8401345610618591,-0.0187971293926239
50,0,14,0.6207625269889832,0.8592691421508789,-0.024690642952919
50,0,15,0.6579596400260925,0.8755967020988464,-0.0296424813568592
50,0,16,0.6865406632423401,0.8887006640434265,-0.0330721884965896
50,0,17,0.5498639941215515,0.8644092082977295,-0.031554777175188
50,0,18,0.5899216532707214,0.8808965682983398,-0.0352779477834701
50,0,19,0.6136192679405212,0.8932762145996094,-0.0350356921553611
50,0,20,0.6312235593795776,0.9031359553337096,-0.0346197560429573
50,0,24,0.6696922779083252,0.5656681656837463,0.0984318107366561
50,0,25,0.7191063165664673,0.8623704314231873,0.2046731263399124
50,1,0,0.848796546459198,0.8712924122810364,-3.711207341439149e-09
50,1,1,0.9000250101089478,0.871810257434845,-0.0033877023961395
50,1,2,0.9504672288894652,0.8884310722351074,-0.0071870828978717
50,1,3,0.9838109612464904,0.9016634821891784,-0.0119325434789061
50,1,4,1.0122087001800537,0.9110316634178162,-0.0168618336319923
50,1,5,0.9417946934700012,0.938701629638672,-0.0108319129794836
50,1,6,0.9654678702354432,0.9657330513000488,-0.025202153250575
50,1,7,0.985503911972046,0.973900318145752,-0.0376477986574173
50,1,8,1.0027906894683838,0.9748598337173462,-0.0468785315752029
50,1,9,0.920716404914856,0.9472906589508056,-0.0196675900369882
50,1,10,0.9446296095848083,0.9743106365203856,-0.0312895588576793
50,1,11,0.9665858745574952,0.9779560565948486,-0.0405613221228122
50,1,12,0.9854297637939452,0.9736278653144836,-0.0480685420334339
50,1,13,0.8938590884208679,0.9479276537895204,-0.0293602738529443
50,1,14,0.9155079126358032,0.9736033082008362,-0.0419038012623786
50,1,15,0.9370849132537842,0.9764139652252196,-0.0479740388691425
50,1,16,0.9564405083656312,0.9705730676651,-0.0526190474629402
50,1,17,0.8630335927009583,0.9402753710746764,-0.0393022708594799
50,1,18,0.873973548412323,0.9557612538337708,-0.0521856099367141
50,1,19,0.8881612420082092,0.9539676308631896,-0.0559906587004661
50,1,20,0.9009563326835632,0.9459226727485656,-0.0582989938557148
50,1,24,0.3250258266925812,0.5197175145149231,-0.3475239276885986
50,1,25,0.2173633873462677,0.8187440633773804,-0.5615391135215759
54,0,0,0.846426784992218,0.8672622442245483,-5.748814402295466e-08
54,0,1,0.8967093229293823,0.8662505149841309,-0.0042883418500423
54,0,2,0.9473849534988404,0.8844414353370667,-0.0091535625979304
54,0,3,0.9817911982536316,0.8961415886878967,-0.0151236141100525
54,0,4,1.0111535787582395,0.9011250138282776,-0.0215987861156463
54,0,5,0.9417263269424438,0.9386488795280457,-0.0130728352814912
54,0,6,0.9703325629234314,0.9649962186813354,-0.0295605175197124
54,0,7,0.9858670234680176,0.9714092016220092,-0.0437483862042427
54,0,8,0.9999688267707824,0.9708510637283324,-0.054177813231945
54,0,9,0.9191164970397948,0.9485746622085572,-0.0228946954011917
54,0,10,0.9415174722671508,0.976876139640808,-0.0376078002154827
54,0,11,0.9599915146827698,0.9794140458106996,-0.0487146601080894
54,0,12,0.9761936068534852,0.9727964997291564,-0.0575330518186092
54,0,13,0.89021235704422,0.9487658739089966,-0.0338014066219329
54,0,14,0.9068284034729004,0.9744566679000854,-0.0495051518082618
54,0,15,0.9251573085784912,0.9760344624519348,-0.0572002716362476
54,0,16,0.9426416754722596,0.9689944982528688,-0.0630989372730255
54,0,17,0.8572863340377808,0.939389705657959,-0.0448586195707321
54,0,18,0.8640520572662354,0.9564777612686156,-0.0604460760951042
54,0,19,0.8753668665885925,0.9566012024879456,-0.065039537847042
54,0,20,0.8870013356208801,0.950024962425232,-0.0680512264370918
54,0,24,0.6673703789710999,0.561196506023407,0.0793928131461143
54,0,25,0.7090332508087158,0.849814772605896,0.1545151621103286
54,1,0,0.4618088603019714,0.8234336376190186,4.213745228298649e-07
54,1,1,0.5055013298988342,0.8120769262313843,0.0076822438277304
54,1,2,0.5532913208007812,0.8194858431816101,0.0070835947990417
54,1,3,0.5833565592765808,0.8359317183494568,0.0030362806282937
54,1,4,0.6049016118049622,0.8540463447570801,-0.0013422963675111
54,1,5,0.5688841342926025,0.8120027184486389,0.0011621481971815
54,1,6,0.6184014081954956,0.8365297317504883,-0.011266398243606
54,1,7,0.6562008261680603,0.8564825654029846,-0.0208944231271743
54,1,8,0.6834995150566101,0.8740228414535522,-0.0267088077962398
54,1,9,0.5680057406425476,0.8238902688026428,-0.0111203268170356
54,1,10,0.624915361404419,0.8481016159057617,-0.0202723741531372
54,1,11,0.6661548018455505,0.868894100189209,-0.0279207210987806
54,1,12,0.6980761885643005,0.8872585296630859,-0.0326170064508914
54,1,13,0.5608299970626831,0.8420298099517822,-0.0233629439026117
54,1,14,0.6172322034835815,0.859828531742096,-0.0321465469896793
54,1,15,0.6539493203163147,0.8756284117698669,-0.0376909561455249
54,1,16,0.6822881102561951,0.8891881704330444,-0.0408868864178657
54,1,17,0.5479943752288818,0.8657832145690918,-0.0352302156388759
54,1,18,0.5867998600006104,0.8818202018737793,-0.0415024347603321
54,1,19,0.6109315156936646,0.8932096362113953,-0.0423011109232902
54,1,20,0.6297392845153809,0.9030025005340576,-0.0422184765338897
54,1,24,0.3166521489620209,0.5215470194816589,-0.3101948797702789
54,1,25,0.2121203988790512,0.8260802030563354,-0.5462366342544556
55,0,0,0.8454972505569458,0.8707707524299622,-6.001309316161496e-08
55,0,1,0.8955807685852051,0.8686179518699646,-0.0075569064356386
55,0,2,0.9460209012031556,0.8859422206878662,-0.0137999216094613
55,0,3,0.982239067554474,0.898331344127655,-0.0206335373222827
55,0,4,1.0123745203018188,0.9050941467285156,-0.0277402028441429
55,0,5,0.9372552037239076,0.941241979598999,-0.0133652994409203
55,0,6,0.9639042019844056,0.9668928384780884,-0.0288788937032222
55,0,7,0.9788269996643066,0.9722373485565186,-0.0425582230091095
55,0,8,0.9936290979385376,0.9718483686447144,-0.0529959648847579
55,0,9,0.9145457744598388,0.949804186820984,-0.0212586615234613
55,0,10,0.9352990984916688,0.9757024049758912,-0.035826202481985
55,0,11,0.9530022144317628,0.9768329858779908,-0.0467986762523651
55,0,12,0.9697732329368592,0.9699217677116394,-0.0555489845573902
55,0,13,0.8855708837509155,0.9491453170776368,-0.0306306052953004
55,0,14,0.902005136013031,0.9729549884796144,-0.0469307452440261
55,0,15,0.9201650023460388,0.9755603075027466,-0.0546743907034397
55,0,16,0.9380024075508118,0.9693716168403624,-0.0602929815649986
55,0,17,0.8529982566833496,0.9396792054176332,-0.0403891615569591
55,0,18,0.862032413482666,0.9570524096488952,-0.0571746453642845
55,0,19,0.8741375207901001,0.9568533301353456,-0.0622524060308933
55,0,20,0.8871193528175354,0.9492852091789246,-0.0653029009699821
55,0,24,0.6665235757827759,0.563545823097229,0.0607132986187934
55,0,25,0.709036111831665,0.8574460744857788,0.1213202774524688
55,1,0,0.4549857974052429,0.8247211575508118,3.649236646197096e-07
55,1,1,0.5004621148109436,0.811164140701294,0.0101327020674943
55,1,2,0.5470516085624695,0.8175894021987915,0.0112107312306761
55,1,3,0.5758863091468811,0.8323039412498474,0.0079036941751837
55,1,4,0.5967875719070435,0.8488065004348755,0.0043210396543145
55,1,5,0.5621476769447327,0.8101692199707031,0.0082653779536485
55,1,6,0.6123965382575989,0.831047534942627,-0.0022290418855845
55,1,7,0.6495774984359741,0.8491764068603516,-0.0107918409630656
55,1,8,0.676114559173584,0.8657717704772949,-0.0159761104732751
55,1,9,0.5638220310211182,0.823614776134491,-0.004872010089457
55,1,10,0.6205110549926758,0.8447136878967285,-0.0123606780543923
55,1,11,0.6607831120491028,0.8641389608383179,-0.0193678382784128
55,1,12,0.6909395456314087,0.8818435668945312,-0.0236252453178167
55,1,13,0.5593937635421753,0.8429698348045349,-0.0182580258697271
55,1,14,0.6163719892501831,0.8594217896461487,-0.0255515426397323
55,1,15,0.6528201699256897,0.8752632141113281,-0.0309572648257017
55,1,16,0.6806932687759399,0.8891317844390869,-0.0341262072324752
55,1,17,0.5490285754203796,0.8672904968261719,-0.0312032736837863
55,1,18,0.5887078642845154,0.8828508853912354,-0.0360817797482013
55,1,19,0.6125524640083313,0.8947592377662659,-0.0363559536635875
55,1,20,0.6307887434959412,0.9050567150115968,-0.0359552092850208
55,1,24,0.3193871974945068,0.5240756869316101,-0.2958660423755646
55,1,25,0.2177016586065292,0.8252182006835938,-0.5093488097190857
57,0,0,0.8460609316825867,0.8719331622123718,-3.387027902590489e-08
57,0,1,0.8965968489646912,0.8709190487861633,-0.0070875440724194
57,0,2,0.9452188014984132,0.8872432112693787,-0.0131414243951439
57,0,3,0.9793192148208618,0.9000511169433594,-0.0194747857749462
57,0,4,1.009216070175171,0.9079130291938782,-0.0260838605463504
57,0,5,0.9377755522727966,0.9443714022636414,-0.0142819490283727
57,0,6,0.962571144104004,0.9679636359214784,-0.0294015146791934
57,0,7,0.9793986082077026,0.9744598865509032,-0.0430401526391506
57,0,8,0.9952554702758788,0.9753047227859496,-0.0533463023602962
57,0,9,0.9147428274154664,0.95415997505188,-0.0215750504285097
57,0,10,0.9341591000556946,0.98021000623703,-0.0341744348406791
57,0,11,0.95346599817276,0.9816806316375732,-0.0438699088990688
57,0,12,0.9695160388946532,0.9743804335594176,-0.0521547831594944
57,0,13,0.8860337734222412,0.9537199139595032,-0.0300902593880891
57,0,14,0.8998412489891052,0.9778733849525452,-0.04369692876935
57,0,15,0.9181041717529296,0.9789406657218932,-0.0495953224599361
57,0,16,0.9337447881698608,0.9705740809440612,-0.0543730072677135
57,0,17,0.8540410399436951,0.9430826902389526,-0.0391238443553447
57,0,18,0.8605079054832458,0.9572595953941344,-0.0538106858730316
57,0,19,0.873661994934082,0.9559423327445984,-0.0578960850834846
57,0,20,0.8863049149513245,0.9474453926086426,-0.0603343583643436
57,0,24,0.665287435054779,0.5596209168434143,0.0677919462323188
57,0,25,0.7126482725143433,0.8470993041992188,0.1593509167432785
57,1,0,0.4487055540084839,0.8234466910362244,3.347773827044876e-07
57,1,1,0.497288703918457,0.8133218884468079,0.0117395631968975
57,1,2,0.5456543564796448,0.8210296034812927,0.013585465028882
57,1,3,0.5745788812637329,0.8365357518196106,0.010660390369594
57,1,4,0.5957335233688354,0.8526376485824585,0.0074823591858148
57,1,5,0.560894250869751,0.8088046908378601,0.0099595375359058
57,1,6,0.612143874168396,0.8297206163406372,-0.0004503225500229
57,1,7,0.648795485496521,0.8483012914657593,-0.0091669345274567
57,1,8,0.6750199198722839,0.8647321462631226,-0.0144487982615828
57,1,9,0.561774492263794,0.8219394087791443,-0.0041239997372031
57,1,10,0.6192765235900879,0.8421882390975952,-0.0114729953929781
57,1,11,0.6585323810577393,0.8618924021720886,-0.0187989640980958
57,1,12,0.6876999735832214,0.8792146444320679,-0.0233173761516809
57,1,13,0.5564824342727661,0.8413900136947632,-0.0183517467230558
57,1,14,0.6143558025360107,0.8579891324043274,-0.0252817086875438
57,1,15,0.6514306664466858,0.8739830255508423,-0.03088547475636
57,1,16,0.6791670322418213,0.8870655298233032,-0.0342285148799419
57,1,17,0.5449979305267334,0.8663519620895386,-0.0320486016571521
57,1,18,0.5861556529998779,0.8821579217910767,-0.0364172235131263
57,1,19,0.6113836169242859,0.8938917517662048,-0.0367906130850315
57,1,20,0.6305828094482422,0.9036024808883668,-0.0365186408162117
57,1,24,0.3152180016040802,0.5244655609130859,-0.3098765313625335
57,1,25,0.2127419263124466,0.8290655612945557,-0.5338932871818542
62,0,0,0.8466084599494934,0.8709130883216858,-4.668543951424908e-08
62,0,1,0.896180272102356,0.8693928122520447,-0.008063050918281
62,0,2,0.9449997544288636,0.885836660861969,-0.0153087163344025
62,0,3,0.9790743589401244,0.9009854197502136,-0.0228966958820819
62,0,4,1.0090053081512451,0.9119653701782228,-0.03051851503551
62,0,5,0.9407728910446168,0.9425326585769652,-0.0152093591168522
62,0,6,0.9655042886734008,0.9684869647026062,-0.0325757451355457
62,0,7,0.9809537529945374,0.973033607006073,-0.0476368702948093
62,0,8,0.99399596452713,0.9706404209136964,-0.0582268461585044
62,0,9,0.9177439212799072,0.950342059135437,-0.0220025777816772
62,0,10,0.9389657378196716,0.9765005111694336,-0.0358270704746246
62,0,11,0.9577039480209352,0.9772026538848876,-0.046115830540657
62,0,12,0.9712918996810912,0.9686588644981384,-0.0548105612397193
62,0,13,0.8896324038505554,0.949787437915802,-0.0302388817071914
62,0,14,0.9043194055557252,0.973982870578766,-0.0440555214881897
62,0,15,0.9210718274116516,0.9734100103378296,-0.0490887947380542
62,0,16,0.9334906339645386,0.9627920389175416,-0.0531962290406227
62,0,17,0.8581799864768982,0.9409918189048768,-0.0392556935548782
62,0,18,0.8672342300415039,0.957204043865204,-0.0532266609370708
62,0,19,0.8801210522651672,0.9555935263633728,-0.0565614216029644
62,0,20,0.890972375869751,0.945222556591034,-0.0584127940237522
62,0,24,0.6649821996688843,0.5623951554298401,0.0677503272891044
62,0,25,0.709750235080719,0.8593341708183289,0.21745365858078
62,1,0,0.4530529677867889,0.8237541913986206,3.740190095413709e-07
62,1,1,0.5024228692054749,0.8105931878089905,0.0097416536882519
62,1,2,0.5523934960365295,0.8174972534179688,0.0105825550854206
62,1,3,0.5842823386192322,0.8323023915290833,0.0071970601566135
62,1,4,0.6073315143585205,0.8494517803192139,0.0037118417676538
62,1,5,0.5685065984725952,0.8076973557472229,0.0079159708693623
62,1,6,0.6198076009750366,0.8320102691650391,-0.0022341648582369
62,1,7,0.6570659279823303,0.850692093372345,-0.0108836768195033
62,1,8,0.6841439008712769,0.8673220276832581,-0.0163614954799413
62,1,9,0.5688106417655945,0.8218130469322205,-0.0054284133948385
62,1,10,0.6266554594039917,0.8450866341590881,-0.0121519360691308
62,1,11,0.6671979427337646,0.8655641674995422,-0.0187577921897172
62,1,12,0.6976613402366638,0.8838169574737549,-0.0230027548968791
62,1,13,0.5626546740531921,0.841987133026123,-0.0190382748842239
62,1,14,0.6211836934089661,0.8592936992645264,-0.0257439818233251
62,1,15,0.6587193012237549,0.8755829930305481,-0.0303812231868505
62,1,16,0.6878995895385742,0.8893734812736511,-0.0333469472825527
62,1,17,0.5504781603813171,0.867188036441803,-0.0322861745953559
62,1,18,0.5902345180511475,0.8819971084594727,-0.0365957953035831
62,1,19,0.6140501499176025,0.8941075205802917,-0.035992331802845
62,1,20,0.6320933699607849,0.9044978618621826,-0.0351496860384941
62,1,24,0.3211782276630401,0.5216655135154724,-0.340662270784378
62,1,25,0.2154583632946014,0.8212350606918335,-0.5278919339179993
67,0,0,0.4572494924068451,0.8226215243339539,3.810772568613175e-07
67,0,1,0.498379647731781,0.8119074106216431,0.0074019534513354
67,0,2,0.5455750226974487,0.8196072578430176,0.0072156521491706
67,0,3,0.5758254528045654,0.835517168045044,0.0034672317560762
67,0,4,0.5975114703178406,0.8538851737976074,-0.0003439227584749
67,0,5,0.5593815445899963,0.809137761592865,0.0029506736900657
67,0,6,0.6089739799499512,0.831387460231781,-0.0091781411319971
67,0,7,0.647232711315155,0.8503382802009583,-0.0186010412871837
67,0,8,0.6745370626449585,0.8665124177932739,-0.0243000611662864
67,0,9,0.5601308941841125,0.8220534324645996,-0.0091057661920785
67,0,10,0.6174419522285461,0.8439315557479858,-0.0180927328765392
67,0,11,0.6582979559898376,0.8638557195663452,-0.0255348570644855
67,0,12,0.6895056962966919,0.881065309047699,-0.0300030801445245
67,0,13,0.5547725558280945,0.8417571187019348,-0.0213313587009906
67,0,14,0.6135829091072083,0.858420193195343,-0.030165022239089
67,0,15,0.6514316201210022,0.8743194341659546,-0.0356082506477832
67,0,16,0.6804181933403015,0.8877763748168945,-0.0385161228477954
67,0,17,0.5440655946731567,0.8669936060905457,-0.0332251638174057
67,0,18,0.5835993885993958,0.8825495839118958,-0.0395455136895179
67,0,19,0.6088301539421082,0.8938537836074829,-0.0405402779579162
67,0,20,0.628730058670044,0.9036845564842224,-0.0404851883649826
67,0,24,0.6650906205177307,0.5650572776794434,0.1306263357400894
67,0,25,0.7195805311203003,0.8626729249954224,0.2430787533521652
67,1,0,0.8490558862686157,0.8759296536445618,2.1350913925743963e-08
67,1,1,0.8971039652824402,0.8714679479598999,-0.0075183687731623
67,1,2,0.9406607747077942,0.8836536407470703,-0.0165856499224901
67,1,3,0.9713535308837892,0.8915040493011475,-0.026600707322359
67,1,4,0.998985230922699,0.8955021500587463,-0.0376568771898746
67,1,5,0.9430109262466432,0.9410222768783568,-0.0199694633483886
67,1,6,0.9701867699623108,0.9650028347969056,-0.0411235019564628
67,1,7,0.9881969690322876,0.9682909846305848,-0.0591822750866413
67,1,8,1.0026021003723145,0.9634804725646972,-0.0717127695679664
67,1,9,0.9204087257385254,0.9510976672172546,-0.029719753190875
67,1,10,0.9419337511062622,0.9791815280914308,-0.0495280958712101
67,1,11,0.9618509411811828,0.9783442616462708,-0.0631559938192367
67,1,12,0.9750951528549194,0.966777503490448,-0.0729415863752365
67,1,13,0.8912439942359924,0.9516953229904176,-0.0407804399728775
67,1,14,0.9089067578315736,0.9732242226600648,-0.0603015162050724
67,1,15,0.9287046194076538,0.9678909182548524,-0.0697890371084213
67,1,16,0.943394422531128,0.9537091851234436,-0.0764291882514953
67,1,17,0.858115017414093,0.942691683769226,-0.0522394254803657
67,1,18,0.8631720542907715,0.9499824047088624,-0.0722125247120857
67,1,19,0.873769223690033,0.9432770609855652,-0.078968308866024
67,1,20,0.8822117447853088,0.9298558831214904,-0.0827391445636749
67,1,24,0.3149473667144775,0.5246515274047852,-0.2983256876468658
67,1,25,0.2182319462299347,0.8199777603149414,-0.4857440292835235
