Frame,Hand,Landmark,X,Y,Z
3,0,0,0.7909119129180908,0.7689020037651062,-4.797288397639932e-07
3,0,1,0.769508421421051,0.7346658706665039,-0.0069207549095153
3,0,2,0.7453842759132385,0.7126792073249817,-0.011321946978569
3,0,3,0.7250507473945618,0.706359326839447,-0.0162578504532575
3,0,4,0.708206057548523,0.7149782776832581,-0.0236970372498035
3,0,5,0.76803058385849,0.7330445051193237,-0.0164203457534313
3,0,6,0.7318633198738098,0.7417669296264648,-0.0319551452994346
3,0,7,0.7033509016036987,0.7547502517700195,-0.0466008298099041
3,0,8,0.6846925020217896,0.765220582485199,-0.0559837445616722
3,0,9,0.7815468907356262,0.7591994404792786,-0.0218923278152942
3,0,10,0.7413484454154968,0.7736833095550537,-0.0316403768956661
3,0,11,0.7073737382888794,0.7841219902038574,-0.0407629534602165
3,0,12,0.6825506091117859,0.7903040051460266,-0.0502026751637458
3,0,13,0.7920451164245605,0.784175455570221,-0.0279318690299987
3,0,14,0.7540547251701355,0.8042213916778564,-0.0396351888775825
3,0,15,0.7233275175094604,0.8095893263816833,-0.0460438840091228
3,0,16,0.7000284194946289,0.810594916343689,-0.0517658740282058
3,0,17,0.7989082932472229,0.8058131337165833,-0.0344098024070262
3,0,18,0.7685957551002502,0.8258241415023804,-0.0437810085713863
3,0,19,0.7437716722488403,0.8314271569252014,-0.044315829873085
3,0,20,0.723386287689209,0.8336994051933289,-0.0456757433712482
3,0,21,0.4671128988265991,0.2860966920852661,-0.602627158164978
3,0,22,0.5001958012580872,0.24313485622406,-0.5603039860725403
3,0,23,0.5072300434112549,0.3210180401802063,-0.4875218570232391
3,0,24,0.6941961050033569,0.474599540233612,-0.1195331737399101
3,0,25,0.8445993661880493,0.728947639465332,-0.3849962055683136
3,1,0,0.0,0.0,0.0
3,1,1,0.0,0.0,0.0
3,1,2,0.0,0.0,0.0
3,1,3,0.0,0.0,0.0
3,1,4,0.0,0.0,0.0
3,1,5,0.0,0.0,0.0
3,1,6,0.0,0.0,0.0
3,1,7,0.0,0.0,0.0
3,1,8,0.0,0.0,0.0
3,1,9,0.0,0.0,0.0
3,1,10,0.0,0.0,0.0
3,1,11,0.0,0.0,0.0
3,1,12,0.0,0.0,0.0
3,1,13,0.0,0.0,0.0
3,1,14,0.0,0.0,0.0
3,1,15,0.0,0.0,0.0
3,1,16,0.0,0.0,0.0
3,1,17,0.0,0.0,0.0
3,1,18,0.0,0.0,0.0
3,1,19,0.0,0.0,0.0
3,1,20,0.0,0.0,0.0
3,1,21,0.4671128988265991,0.2860966920852661,-0.602627158164978
3,1,22,0.4244773387908935,0.2610368132591247,-0.5534523725509644
3,1,23,0.4461916089057922,0.3357658386230469,-0.4768879413604736
3,1,24,0.3187663555145263,0.4967637658119201,-0.0119438804686069
3,1,25,0.2628154158592224,0.7907254695892334,-0.0058065927587449
4,0,0,0.7806667685508728,0.7623579502105713,-3.821830034667073e-07
4,0,1,0.7621416449546814,0.7238745093345642,-0.0049552344717085
4,0,2,0.7393328547477722,0.7057056427001953,-0.0101178660988807
4,0,3,0.7209789156913757,0.7087477445602417,-0.0168764721602201
4,0,4,0.7056884169578552,0.7307771444320679,-0.0261413101106882
4,0,5,0.762961745262146,0.73378586769104,-0.0123352669179439
4,0,6,0.7375229597091675,0.7406517267227173,-0.0253712348639965
4,0,7,0.7104950547218323,0.7531861066818237,-0.0391415618360042
4,0,8,0.6923410892486572,0.7607348561286926,-0.0489237196743488
4,0,9,0.7768219113349915,0.7660277485847473,-0.0198421571403741
4,0,10,0.7434263229370117,0.7768771648406982,-0.0280364695936441
4,0,11,0.7088155150413513,0.7856743335723877,-0.0378381945192813
4,0,12,0.682884156703949,0.7901817560195923,-0.0480182617902755
4,0,13,0.7869002223014832,0.7945355176925659,-0.0275045279413461
4,0,14,0.7560871243476868,0.8083903789520264,-0.0376483313739299
4,0,15,0.7262694239616394,0.8119375109672546,-0.0438309162855148
4,0,16,0.7029719352722168,0.8117530941963196,-0.0495913363993167
4,0,17,0.7929391860961914,0.8185412883758545,-0.0355751663446426
4,0,18,0.7721444964408875,0.8332557678222656,-0.0427238680422306
4,0,19,0.7503237724304199,0.8375974893569946,-0.0414217561483383
4,0,20,0.7320667505264282,0.8400857448577881,-0.0417729057371616
4,0,21,0.4666889905929565,0.2858662605285644,-0.6678971648216248
4,0,22,0.5008266568183899,0.2413463592529297,-0.6229978203773499
4,0,23,0.5079461932182312,0.3207740187644958,-0.5481217503547668
4,0,24,0.6933706998825073,0.4783293008804321,-0.1467856913805008
4,0,25,0.8440507650375366,0.7289509773254395,-0.4217216074466705
4,1,0,0.0,0.0,0.0
4,1,1,0.0,0.0,0.0
4,1,2,0.0,0.0,0.0
4,1,3,0.0,0.0,0.0
4,1,4,0.0,0.0,0.0
4,1,5,0.0,0.0,0.0
4,1,6,0.0,0.0,0.0
4,1,7,0.0,0.0,0.0
4,1,8,0.0,0.0,0.0
4,1,9,0.0,0.0,0.0
4,1,10,0.0,0.0,0.0
4,1,11,0.0,0.0,0.0
4,1,12,0.0,0.0,0.0
4,1,13,0.0,0.0,0.0
4,1,14,0.0,0.0,0.0
4,1,15,0.0,0.0,0.0
4,1,16,0.0,0.0,0.0
4,1,17,0.0,0.0,0.0
4,1,18,0.0,0.0,0.0
4,1,19,0.0,0.0,0.0
4,1,20,0.0,0.0,0.0
4,1,21,0.4666889905929565,0.2858662605285644,-0.6678971648216248
4,1,22,0.4233421087265014,0.2606453895568847,-0.6140512824058533
4,1,23,0.445856899023056,0.3361842036247253,-0.5341254472732544
4,1,24,0.3158678412437439,0.4964306354522705,-0.0180672854185104
4,1,25,0.2584549188613891,0.793845534324646,0.1214235201478004
5,0,0,0.7840420007705688,0.765627384185791,-5.45664136097912e-07
5,0,1,0.7644359469413757,0.7345722913742065,-0.0094873094931244
5,0,2,0.7444372177124023,0.7137880325317383,-0.017759270966053
5,0,3,0.727871298789978,0.7100443840026855,-0.0269354581832885
5,0,4,0.712891161441803,0.721383810043335,-0.0380525439977645
5,0,5,0.7707331776618958,0.7280132174491882,-0.0210101995617151
5,0,6,0.7439183592796326,0.7306044697761536,-0.0408948324620723
5,0,7,0.7147428393363953,0.7448827028274536,-0.0583269894123077
5,0,8,0.6932023763656616,0.7562688589096069,-0.0686763823032379
5,0,9,0.7846329212188721,0.7585059404373169,-0.0270918812602758
5,0,10,0.7462069392204285,0.7722013592720032,-0.0404838174581527
5,0,11,0.7117272019386292,0.781771183013916,-0.050049040466547
5,0,12,0.685988187789917,0.7870508432388306,-0.0589956529438495
5,0,13,0.7948242425918579,0.7866110801696777,-0.0340508334338665
5,0,14,0.7574794888496399,0.8061638474464417,-0.0477065108716487
5,0,15,0.7282200455665588,0.811688244342804,-0.0523793250322341
5,0,16,0.7041265964508057,0.8129892349243164,-0.0562326870858669
5,0,17,0.8009110689163208,0.8110388517379761,-0.041913267225027
5,0,18,0.7737846970558167,0.8301165103912354,-0.050478633493185
5,0,19,0.7515168190002441,0.8355339765548706,-0.0483362339437007
5,0,20,0.7314088940620422,0.836891770362854,-0.0474335364997386
5,0,21,0.4649517834186554,0.2919488549232483,-0.6861065030097961
5,0,22,0.4985471069812774,0.2494401931762695,-0.6380565166473389
5,0,23,0.5048028826713562,0.3256319761276245,-0.5591433644294739
5,0,24,0.6910547614097595,0.4769836664199829,-0.1301865577697754
5,0,25,0.8455945253372192,0.726563572883606,-0.4296171963214874
5,1,0,0.0,0.0,0.0
5,1,1,0.0,0.0,0.0
5,1,2,0.0,0.0,0.0
5,1,3,0.0,0.0,0.0
5,1,4,0.0,0.0,0.0
5,1,5,0.0,0.0,0.0
5,1,6,0.0,0.0,0.0
5,1,7,0.0,0.0,0.0
5,1,8,0.0,0.0,0.0
5,1,9,0.0,0.0,0.0
5,1,10,0.0,0.0,0.0
5,1,11,0.0,0.0,0.0
5,1,12,0.0,0.0,0.0
5,1,13,0.0,0.0,0.0
5,1,14,0.0,0.0,0.0
5,1,15,0.0,0.0,0.0
5,1,16,0.0,0.0,0.0
5,1,17,0.0,0.0,0.0
5,1,18,0.0,0.0,0.0
5,1,19,0.0,0.0,0.0
5,1,20,0.0,0.0,0.0
5,1,21,0.4649517834186554,0.2919488549232483,-0.6861065030097961
5,1,22,0.4231630563735962,0.265123963356018,-0.630810022354126
5,1,23,0.4441564679145813,0.339697778224945,-0.5470205545425415
5,1,24,0.3188150525093078,0.5002378821372986,-0.0168472416698932
5,1,25,0.2635095715522766,0.792142391204834,0.0868808180093765
6,0,0,0.7888808250427246,0.7697262763977051,-4.764688412706164e-07
6,0,1,0.7649896144866943,0.7324264049530029,-0.009485900402069
6,0,2,0.7439426779747009,0.7089083194732666,-0.017518263310194
6,0,3,0.729733407497406,0.7067966461181641,-0.02676572650671
6,0,4,0.7162541151046753,0.7255919575691223,-0.0382449105381965
6,0,5,0.7705568671226501,0.7267502546310425,-0.0190350767225027
6,0,6,0.742500901222229,0.730941891670227,-0.0389488488435745
6,0,7,0.7149477601051331,0.7445395588874817,-0.0563079304993152
6,0,8,0.6924101114273071,0.7552189230918884,-0.066765010356903
6,0,9,0.7869662642478943,0.757026195526123,-0.0256590731441974
6,0,10,0.748744547367096,0.7697702050209045,-0.038937397301197
6,0,11,0.7141375541687012,0.7790207862854004,-0.0483841337263584
6,0,12,0.6859737038612366,0.7844260334968567,-0.0573626905679702
6,0,13,0.7983701229095459,0.7864116430282593,-0.0335249900817871
6,0,14,0.7630982995033264,0.8031148314476013,-0.0477890856564044
6,0,15,0.7344082593917847,0.8100606799125671,-0.052494827657938
6,0,16,0.7096751928329468,0.8135930299758911,-0.0561978630721569
6,0,17,0.8037918210029602,0.8118726015090942,-0.0424158424139022
6,0,18,0.7785627841949463,0.8289834260940552,-0.0517947748303413
6,0,19,0.7558579444885254,0.8358353972434998,-0.0500743500888347
6,0,20,0.734854519367218,0.8396416902542114,-0.0495129860937595
6,0,21,0.4672682583332062,0.2874470949172973,-0.7092187404632568
6,0,22,0.5008682608604431,0.2437629103660583,-0.6606677174568176
6,0,23,0.5080921053886414,0.3219667077064514,-0.5795449614524841
6,0,24,0.6929002404212952,0.4776577353477478,-0.1405269801616668
6,0,25,0.8435170650482178,0.7296831607818604,-0.4380667507648468
6,1,0,0.0,0.0,0.0
6,1,1,0.0,0.0,0.0
6,1,2,0.0,0.0,0.0
6,1,3,0.0,0.0,0.0
6,1,4,0.0,0.0,0.0
6,1,5,0.0,0.0,0.0
6,1,6,0.0,0.0,0.0
6,1,7,0.0,0.0,0.0
6,1,8,0.0,0.0,0.0
6,1,9,0.0,0.0,0.0
6,1,10,0.0,0.0,0.0
6,1,11,0.0,0.0,0.0
6,1,12,0.0,0.0,0.0
6,1,13,0.0,0.0,0.0
6,1,14,0.0,0.0,0.0
6,1,15,0.0,0.0,0.0
6,1,16,0.0,0.0,0.0
6,1,17,0.0,0.0,0.0
6,1,18,0.0,0.0,0.0
6,1,19,0.0,0.0,0.0
6,1,20,0.0,0.0,0.0
6,1,21,0.4672682583332062,0.2874470949172973,-0.7092187404632568
6,1,22,0.4237312972545624,0.2621718645095825,-0.6539182662963867
6,1,23,0.4466500580310821,0.3374547958374023,-0.5686076879501343
6,1,24,0.3168554902076721,0.497226357460022,-0.0237608645111322
6,1,25,0.2599781453609466,0.7966544032096863,0.0693324580788612
8,0,0,0.7838188409805298,0.7607922554016113,-5.092923629490542e-07
8,0,1,0.759973406791687,0.7295978665351868,-0.0093682194128632
8,0,2,0.738483190536499,0.7102881073951721,-0.0184936039149761
8,0,3,0.7236458659172058,0.7104376554489136,-0.0284794010221958
8,0,4,0.7097917199134827,0.7231675386428833,-0.0405758135020732
8,0,5,0.76901775598526,0.7260448336601257,-0.0234204456210136
8,0,6,0.7405360341072083,0.7330243587493896,-0.0423577241599559
8,0,7,0.713347852230072,0.7469722032546997,-0.0587348937988281
8,0,8,0.6925023198127747,0.7571382522583008,-0.0687622055411338
8,0,9,0.7861403226852417,0.7566110491752625,-0.0300882756710052
8,0,10,0.7460886240005493,0.7724251747131348,-0.043266549706459
8,0,11,0.7122799754142761,0.7814244031906128,-0.0527282655239105
8,0,12,0.6858432292938232,0.7859535217285156,-0.0619246996939182
8,0,13,0.798232913017273,0.784676730632782,-0.0373374931514263
8,0,14,0.7605125904083252,0.8051711320877075,-0.051907617598772
8,0,15,0.731846034526825,0.8124533295631409,-0.0564244240522384
8,0,16,0.7074760794639587,0.8147286176681519,-0.0600475929677486
8,0,17,0.8046965003013611,0.8089404106140137,-0.0453238897025585
8,0,18,0.7783271074295044,0.8279995322227478,-0.055134929716587
8,0,19,0.7559167742729187,0.8359423875808716,-0.0526863075792789
8,0,20,0.7353304624557495,0.8393511772155762,-0.0515174232423305
8,0,21,0.4643944501876831,0.2893536686897278,-0.6866284608840942
8,0,22,0.4981497228145599,0.2459939122200012,-0.6390459537506104
8,0,23,0.5045519471168518,0.3237892389297485,-0.5566180944442749
8,0,24,0.6917589902877808,0.4753908514976501,-0.1173419281840324
8,0,25,0.8409897089004517,0.7268367409706116,-0.3667029142379761
8,1,0,0.0,0.0,0.0
8,1,1,0.0,0.0,0.0
8,1,2,0.0,0.0,0.0
8,1,3,0.0,0.0,0.0
8,1,4,0.0,0.0,0.0
8,1,5,0.0,0.0,0.0
8,1,6,0.0,0.0,0.0
8,1,7,0.0,0.0,0.0
8,1,8,0.0,0.0,0.0
8,1,9,0.0,0.0,0.0
8,1,10,0.0,0.0,0.0
8,1,11,0.0,0.0,0.0
8,1,12,0.0,0.0,0.0
8,1,13,0.0,0.0,0.0
8,1,14,0.0,0.0,0.0
8,1,15,0.0,0.0,0.0
8,1,16,0.0,0.0,0.0
8,1,17,0.0,0.0,0.0
8,1,18,0.0,0.0,0.0
8,1,19,0.0,0.0,0.0
8,1,20,0.0,0.0,0.0
8,1,21,0.4643944501876831,0.2893536686897278,-0.6866284608840942
8,1,22,0.4229013323783874,0.2627065181732178,-0.6351314187049866
8,1,23,0.4445498287677765,0.3372681140899658,-0.5495378971099854
8,1,24,0.3176615536212921,0.4979087114334106,-0.0388871096074581
8,1,25,0.2648930847644806,0.7878479957580566,0.002973461523652
11,0,0,0.8192262649536133,0.7849788665771484,-1.1421400358813116e-07
11,0,1,0.7836911082267761,0.7449394464492798,-0.0029907235875725
11,0,2,0.7462922930717468,0.720274806022644,-0.0098818587139248
11,0,3,0.7137995958328247,0.7185136675834656,-0.0167157668620347
11,0,4,0.6906269192695618,0.7283883094787598,-0.0260041300207376
11,0,5,0.7538586854934692,0.7337769269943237,-0.0281170587986707
11,0,6,0.713209331035614,0.7504163980484009,-0.0431020855903625
11,0,7,0.6894180178642273,0.7632496953010559,-0.0541828088462352
11,0,8,0.6694766879081726,0.771703839302063,-0.0621572136878967
11,0,9,0.7679792046546936,0.7673807740211487,-0.0358415469527244
11,0,10,0.7252885699272156,0.783110499382019,-0.0483385547995567
11,0,11,0.6941446661949158,0.7919903993606567,-0.0573850758373737
11,0,12,0.6696131825447083,0.7979781031608582,-0.0670643150806427
11,0,13,0.7812188863754272,0.7997837066650391,-0.0425485298037529
11,0,14,0.7423759698867798,0.8127281665802002,-0.0550162941217422
11,0,15,0.7161740064620972,0.8184741735458374,-0.0602321475744247
11,0,16,0.6949520111083984,0.822035014629364,-0.0656704232096672
11,0,17,0.7922136187553406,0.8283665180206299,-0.0488055795431137
11,0,18,0.762014627456665,0.8393867015838623,-0.0605767630040645
11,0,19,0.7389118075370789,0.843817949295044,-0.0634101331233978
11,0,20,0.7193149924278259,0.8472132682800293,-0.0662459209561348
11,0,21,0.4646933078765869,0.2872399687767029,-0.6342909932136536
11,0,22,0.4996353685855865,0.2434129118919372,-0.5911214351654053
11,0,23,0.5061998963356018,0.3224344849586487,-0.5158080458641052
11,0,24,0.6908412575721741,0.4760437607765198,-0.1408126801252365
11,0,25,0.8377439975738525,0.7257688045501709,-0.4130696058273315
11,1,0,0.0,0.0,0.0
11,1,1,0.0,0.0,0.0
11,1,2,0.0,0.0,0.0
11,1,3,0.0,0.0,0.0
11,1,4,0.0,0.0,0.0
11,1,5,0.0,0.0,0.0
11,1,6,0.0,0.0,0.0
11,1,7,0.0,0.0,0.0
11,1,8,0.0,0.0,0.0
11,1,9,0.0,0.0,0.0
11,1,10,0.0,0.0,0.0
11,1,11,0.0,0.0,0.0
11,1,12,0.0,0.0,0.0
11,1,13,0.0,0.0,0.0
11,1,14,0.0,0.0,0.0
11,1,15,0.0,0.0,0.0
11,1,16,0.0,0.0,0.0
11,1,17,0.0,0.0,0.0
11,1,18,0.0,0.0,0.0
11,1,19,0.0,0.0,0.0
11,1,20,0.0,0.0,0.0
11,1,21,0.4646933078765869,0.2872399687767029,-0.6342909932136536
11,1,22,0.4230373501777649,0.2616659998893738,-0.5789352655410767
11,1,23,0.4447638392448425,0.3375429511070251,-0.4979994297027588
11,1,24,0.3178304731845855,0.4963364601135254,0.0321433544158935
11,1,25,0.2645383775234222,0.7814176082611084,0.1732202470302581
12,0,0,0.817152202129364,0.7906545996665955,-1.0357721436093925e-07
12,0,1,0.7832100987434387,0.7512660622596741,-0.0016248255269601
12,0,2,0.7457475066184998,0.7240265011787415,-0.00835229922086
12,0,3,0.7137933373451233,0.7193503975868225,-0.0150442458689212
12,0,4,0.6927242279052734,0.7321646809577942,-0.0243445243686437
12,0,5,0.7516695857048035,0.7384324669837952,-0.0288581568747758
12,0,6,0.7078583240509033,0.7517515420913696,-0.0433341450989246
12,0,7,0.6840548515319824,0.7635766267776489,-0.0530194528400898
12,0,8,0.6654167175292969,0.7719298601150513,-0.0597135201096534
12,0,9,0.7642052173614502,0.7714926600456238,-0.0370785184204578
12,0,10,0.7173727750778198,0.7864046692848206,-0.0492663867771625
12,0,11,0.6878214478492737,0.794888973236084,-0.0570099912583828
12,0,12,0.6662652492523193,0.8003003001213074,-0.0651714131236076
12,0,13,0.7761237621307373,0.8036895394325256,-0.0440337397158145
12,0,14,0.7343981862068176,0.8165351748466492,-0.0561498776078224
12,0,15,0.7088342905044556,0.8227925896644592,-0.0606649778783321
12,0,16,0.6896687150001526,0.8262490630149841,-0.0652970448136329
12,0,17,0.7859315276145935,0.8314629793167114,-0.0503168441355228
12,0,18,0.7542698383331299,0.8424175381660461,-0.0610151998698711
12,0,19,0.7336558103561401,0.847608208656311,-0.0628521740436554
12,0,20,0.7173483967781067,0.8514696359634399,-0.0648664832115173
12,0,21,0.4647654891014099,0.2904464602470398,-0.6747359037399292
12,0,22,0.498390257358551,0.2484745383262634,-0.6259586811065674
12,0,23,0.504325807094574,0.3249654769897461,-0.5481369495391846
12,0,24,0.6897433400154114,0.4768040776252746,-0.1307520419359207
12,0,25,0.8347808122634888,0.7326057553291321,-0.4261743128299713
12,1,0,0.0,0.0,0.0
12,1,1,0.0,0.0,0.0
12,1,2,0.0,0.0,0.0
12,1,3,0.0,0.0,0.0
12,1,4,0.0,0.0,0.0
12,1,5,0.0,0.0,0.0
12,1,6,0.0,0.0,0.0
12,1,7,0.0,0.0,0.0
12,1,8,0.0,0.0,0.0
12,1,9,0.0,0.0,0.0
12,1,10,0.0,0.0,0.0
12,1,11,0.0,0.0,0.0
12,1,12,0.0,0.0,0.0
12,1,13,0.0,0.0,0.0
12,1,14,0.0,0.0,0.0
12,1,15,0.0,0.0,0.0
12,1,16,0.0,0.0,0.0
12,1,17,0.0,0.0,0.0
12,1,18,0.0,0.0,0.0
12,1,19,0.0,0.0,0.0
12,1,20,0.0,0.0,0.0
12,1,21,0.4647654891014099,0.2904464602470398,-0.6747359037399292
12,1,22,0.4230832159519195,0.264254629611969,-0.6185062527656555
12,1,23,0.4439527094364166,0.3393957614898681,-0.536047101020813
12,1,24,0.3179675340652466,0.5003215670585632,-0.0050531430169939
12,1,25,0.2624205946922302,0.7921498417854309,0.0603216774761676
18,0,0,0.774512529373169,0.8076251745223999,2.065299327114189e-07
18,0,1,0.7370555996894836,0.7782342433929443,-0.0067304321564733
18,0,2,0.697055459022522,0.7610741853713989,-0.0146985733881592
18,0,3,0.6667667031288147,0.7611045837402344,-0.0217402577400207
18,0,4,0.6472669839859009,0.7747460603713989,-0.0296242833137512
18,0,5,0.688691258430481,0.791858434677124,-0.0298068169504404
18,0,6,0.6498632431030273,0.805854320526123,-0.0446412339806556
18,0,7,0.6251052021980286,0.8172076344490051,-0.0525930412113666
18,0,8,0.6035091280937195,0.8270134925842285,-0.0574999675154686
18,0,9,0.6990443468093872,0.8232855200767517,-0.0339166969060897
18,0,10,0.65557861328125,0.8399470448493958,-0.0479413121938705
18,0,11,0.624157726764679,0.8519028425216675,-0.055453423410654
18,0,12,0.5968008041381836,0.8614394068717957,-0.0612551234662532
18,0,13,0.7117446064949036,0.8524721264839172,-0.037326592952013
18,0,14,0.6715006232261658,0.8696082830429077,-0.0488375537097454
18,0,15,0.6424972414970398,0.8811967968940735,-0.055106122046709
18,0,16,0.6173986792564392,0.889117956161499,-0.059745792299509
18,0,17,0.7257997989654541,0.8769739866256714,-0.0407594181597232
18,0,18,0.6938099265098572,0.8927792906761169,-0.0510024428367614
18,0,19,0.6711282134056091,0.9023532271385192,-0.0557829551398754
18,0,20,0.6499418616294861,0.908930480480194,-0.0589938908815383
18,0,21,0.4715679585933685,0.2948452830314636,-0.6769382953643799
18,0,22,0.5038032531738281,0.2494069933891296,-0.640013575553894
18,0,23,0.5106927156448364,0.3271264433860779,-0.5568445920944214
18,0,24,0.6978312134742737,0.4700357913970947,-0.1895631402730941
18,0,25,0.8503450751304626,0.7202388644218445,-0.3682256042957306
18,1,0,0.0,0.0,0.0
18,1,1,0.0,0.0,0.0
18,1,2,0.0,0.0,0.0
18,1,3,0.0,0.0,0.0
18,1,4,0.0,0.0,0.0
18,1,5,0.0,0.0,0.0
18,1,6,0.0,0.0,0.0
18,1,7,0.0,0.0,0.0
18,1,8,0.0,0.0,0.0
18,1,9,0.0,0.0,0.0
18,1,10,0.0,0.0,0.0
18,1,11,0.0,0.0,0.0
18,1,12,0.0,0.0,0.0
18,1,13,0.0,0.0,0.0
18,1,14,0.0,0.0,0.0
18,1,15,0.0,0.0,0.0
18,1,16,0.0,0.0,0.0
18,1,17,0.0,0.0,0.0
18,1,18,0.0,0.0,0.0
18,1,19,0.0,0.0,0.0
18,1,20,0.0,0.0,0.0
18,1,21,0.4715679585933685,0.2948452830314636,-0.6769382953643799
18,1,22,0.4303077459335327,0.2690890431404114,-0.6318389773368835
18,1,23,0.4505414366722107,0.3412303924560547,-0.5419071316719055
18,1,24,0.3263353705406189,0.501027524471283,-0.0400074571371078
18,1,25,0.2696279883384704,0.8058339357376099,0.1087926849722862
19,0,0,0.7735656499862671,0.8104771375656128,2.396479317212652e-07
19,0,1,0.7363467216491699,0.7793102264404297,-0.0088445339351892
19,0,2,0.6929736733436584,0.7603063583374023,-0.0173293799161911
19,0,3,0.6608935594558716,0.7623649835586548,-0.0239515043795108
19,0,4,0.6421647667884827,0.776115894317627,-0.0312593728303909
19,0,5,0.6879775524139404,0.7935729026794434,-0.033407736569643
19,0,6,0.6466098427772522,0.8086043000221252,-0.0487675219774246
19,0,7,0.6208165287971497,0.8212713003158569,-0.0566390305757522
19,0,8,0.5991060137748718,0.8327419757843018,-0.061197318136692
19,0,9,0.6976858973503113,0.826823890209198,-0.0357868187129497
19,0,10,0.6503188014030457,0.8437685966491699,-0.0499446243047714
19,0,11,0.6170514225959778,0.8559637665748596,-0.0570060387253761
19,0,12,0.5895252823829651,0.8662576079368591,-0.0623124204576015
19,0,13,0.7088368535041809,0.856819212436676,-0.0374055989086627
19,0,14,0.6651005744934082,0.873710572719574,-0.0487205311655998
19,0,15,0.6352919340133667,0.8839173913002014,-0.0548320710659027
19,0,16,0.6114279627799988,0.8911463022232056,-0.0591287426650524
19,0,17,0.720984697341919,0.8807430267333984,-0.0391813963651657
19,0,18,0.6852265000343323,0.8969033360481262,-0.049003317952156
19,0,19,0.6621799468994141,0.905701220035553,-0.0533929876983165
19,0,20,0.6422169208526611,0.9121866226196288,-0.0561783201992511
19,0,21,0.4719798266887665,0.291546106338501,-0.6532382965087891
19,0,22,0.5045923590660095,0.2490677833557129,-0.617422878742218
19,0,23,0.511806845664978,0.3269092440605163,-0.5378456115722656
19,0,24,0.7013906836509705,0.4753038287162781,-0.1821639090776443
19,0,25,0.8483426570892334,0.7205191850662231,-0.3566450178623199
19,1,0,0.0,0.0,0.0
19,1,1,0.0,0.0,0.0
19,1,2,0.0,0.0,0.0
19,1,3,0.0,0.0,0.0
19,1,4,0.0,0.0,0.0
19,1,5,0.0,0.0,0.0
19,1,6,0.0,0.0,0.0
19,1,7,0.0,0.0,0.0
19,1,8,0.0,0.0,0.0
19,1,9,0.0,0.0,0.0
19,1,10,0.0,0.0,0.0
19,1,11,0.0,0.0,0.0
19,1,12,0.0,0.0,0.0
19,1,13,0.0,0.0,0.0
19,1,14,0.0,0.0,0.0
19,1,15,0.0,0.0,0.0
19,1,16,0.0,0.0,0.0
19,1,17,0.0,0.0,0.0
19,1,18,0.0,0.0,0.0
19,1,19,0.0,0.0,0.0
19,1,20,0.0,0.0,0.0
19,1,21,0.4719798266887665,0.291546106338501,-0.6532382965087891
19,1,22,0.4301234185695648,0.2656700611114502,-0.6082385182380676
19,1,23,0.4521053731441498,0.3406972289085388,-0.5222638845443726
19,1,24,0.3286579251289367,0.5003768801689148,-0.0415115691721439
19,1,25,0.2728114426136017,0.79829341173172,0.037193477153778
20,0,0,0.7724624872207642,0.8086073398590088,2.2917063802196933e-07
20,0,1,0.732920229434967,0.7781217694282532,-0.0076323579996824
20,0,2,0.691291868686676,0.760604739189148,-0.0159883070737123
20,0,3,0.660266637802124,0.7637434005737305,-0.0228635538369417
20,0,4,0.6422902941703796,0.7802608013153076,-0.0306238215416669
20,0,5,0.6872066259384155,0.7946614027023315,-0.0316286049783229
20,0,6,0.6474395394325256,0.8086596131324768,-0.0468899831175804
20,0,7,0.6218340396881104,0.8201377391815186,-0.0555316843092441
20,0,8,0.5995585918426514,0.8306466341018677,-0.0608384981751441
20,0,9,0.6979442834854126,0.826968252658844,-0.0349231921136379
20,0,10,0.6506655216217041,0.8437010049819946,-0.0483607091009616
20,0,11,0.6172926425933838,0.8554750084877014,-0.0559978075325489
20,0,12,0.5890019536018372,0.8651090860366821,-0.062187410891056
20,0,13,0.7099906206130981,0.8563976287841797,-0.0373784340918064
20,0,14,0.6659592390060425,0.8731281757354736,-0.0481574796140193
20,0,15,0.6355423331260681,0.8837161064147949,-0.0545674413442611
20,0,16,0.6103028059005737,0.8910751938819885,-0.0595206730067729
20,0,17,0.7229539155960083,0.8803269863128662,-0.039903599768877
20,0,18,0.6877084970474243,0.8957507610321045,-0.0492549277842044
20,0,19,0.664058268070221,0.9044867753982544,-0.0534720458090305
20,0,20,0.6428386569023132,0.9109451770782472,-0.0564885064959526
20,0,21,0.4715243577957153,0.2908799052238464,-0.7137721180915833
20,0,22,0.5040025115013123,0.2460079193115234,-0.6737178564071655
20,0,23,0.5125807523727417,0.3249844908714294,-0.5919712781906128
20,0,24,0.7014285326004028,0.4747769236564636,-0.2149037271738052
20,0,25,0.847221314907074,0.7203306555747986,-0.4228484332561493
20,1,0,0.0,0.0,0.0
20,1,1,0.0,0.0,0.0
20,1,2,0.0,0.0,0.0
20,1,3,0.0,0.0,0.0
20,1,4,0.0,0.0,0.0
20,1,5,0.0,0.0,0.0
20,1,6,0.0,0.0,0.0
20,1,7,0.0,0.0,0.0
20,1,8,0.0,0.0,0.0
20,1,9,0.0,0.0,0.0
20,1,10,0.0,0.0,0.0
20,1,11,0.0,0.0,0.0
20,1,12,0.0,0.0,0.0
20,1,13,0.0,0.0,0.0
20,1,14,0.0,0.0,0.0
20,1,15,0.0,0.0,0.0
20,1,16,0.0,0.0,0.0
20,1,17,0.0,0.0,0.0
20,1,18,0.0,0.0,0.0
20,1,19,0.0,0.0,0.0
20,1,20,0.0,0.0,0.0
20,1,21,0.4715243577957153,0.2908799052238464,-0.7137721180915833
20,1,22,0.4292992949485779,0.2648418545722961,-0.6652697920799255
20,1,23,0.4523352980613708,0.3388477563858032,-0.5766564607620239
20,1,24,0.3256293535232544,0.5029006004333496,-0.0628581345081329
20,1,25,0.2690385282039642,0.8105101585388184,0.096664935350418
21,0,0,0.7714630365371704,0.8087776303291321,2.320908123465415e-07
21,0,1,0.7328683137893677,0.7799611687660217,-0.0052039884030818
21,0,2,0.6920831799507141,0.7642147541046143,-0.0124463243409991
21,0,3,0.6624324321746826,0.765956461429596,-0.0190797504037618
21,0,4,0.6419752836227417,0.7754548788070679,-0.0266626123338937
21,0,5,0.6851473450660706,0.7954009771347046,-0.0273129604756832
21,0,6,0.6435018181800842,0.8103605508804321,-0.041998591274023
21,0,7,0.6176297664642334,0.8213217258453369,-0.0496927350759506
21,0,8,0.5956807136535645,0.8307157158851624,-0.0542735792696476
21,0,9,0.6954024434089661,0.8269479274749756,-0.032175175845623
21,0,10,0.6486498117446899,0.8433252573013306,-0.0464939996600151
21,0,11,0.6167239546775818,0.8555914163589478,-0.0544645376503467
21,0,12,0.5897814035415649,0.8662188053131104,-0.0601829588413238
21,0,13,0.7076370120048523,0.8563058376312256,-0.0362665727734565
21,0,14,0.6630081534385681,0.873052179813385,-0.0483508668839931
21,0,15,0.6325078010559082,0.8846792578697205,-0.0553145259618759
21,0,16,0.6070758700370789,0.8935877680778503,-0.060041032731533
21,0,17,0.7211990356445312,0.880848228931427,-0.0401326268911361
21,0,18,0.6846544146537781,0.8955856561660767,-0.0508089885115623
21,0,19,0.6600356698036194,0.9036412239074708,-0.0556754991412162
21,0,20,0.6378029584884644,0.9094728231430054,-0.0586560778319835
21,0,21,0.4794397056102752,0.2860814929008484,-0.6836458444595337
21,0,22,0.5109238028526306,0.2413447499275207,-0.6445449590682983
21,0,23,0.5192851424217224,0.3222620487213135,-0.56541907787323
21,0,24,0.7070788741111755,0.4731999635696411,-0.1838371902704239
21,0,25,0.8484801650047302,0.7249845862388611,-0.3474259972572326
21,1,0,0.0,0.0,0.0
21,1,1,0.0,0.0,0.0
21,1,2,0.0,0.0,0.0
21,1,3,0.0,0.0,0.0
21,1,4,0.0,0.0,0.0
21,1,5,0.0,0.0,0.0
21,1,6,0.0,0.0,0.0
21,1,7,0.0,0.0,0.0
21,1,8,0.0,0.0,0.0
21,1,9,0.0,0.0,0.0
21,1,10,0.0,0.0,0.0
21,1,11,0.0,0.0,0.0
21,1,12,0.0,0.0,0.0
21,1,13,0.0,0.0,0.0
21,1,14,0.0,0.0,0.0
21,1,15,0.0,0.0,0.0
21,1,16,0.0,0.0,0.0
21,1,17,0.0,0.0,0.0
21,1,18,0.0,0.0,0.0
21,1,19,0.0,0.0,0.0
21,1,20,0.0,0.0,0.0
21,1,21,0.4794397056102752,0.2860814929008484,-0.6836458444595337
21,1,22,0.4327980577945709,0.2619428038597107,-0.6444608569145203
21,1,23,0.4589506685733795,0.3382748365402221,-0.561053454875946
21,1,24,0.3255879282951355,0.5014199018478394,-0.1348777264356613
21,1,25,0.2680369019508362,0.8125953674316406,-0.0661332309246063
23,0,0,0.7686659693717957,0.8103278279304504,2.3653852565530545e-07
23,0,1,0.7280868887901306,0.78181391954422,-0.0065605090931057
23,0,2,0.6837608814239502,0.7685075402259827,-0.0139428758993744
23,0,3,0.650566577911377,0.7728392481803894,-0.0198518224060535
23,0,4,0.6290618777275085,0.7828085422515869,-0.0265099834650754
23,0,5,0.684192419052124,0.7965758442878723,-0.030919212847948
23,0,6,0.6397775411605835,0.8096603155136108,-0.0449900515377521
23,0,7,0.6132144927978516,0.8214001059532166,-0.0513681173324584
23,0,8,0.5918958187103271,0.832628071308136,-0.0549762174487113
23,0,9,0.6934635043144226,0.8282877206802368,-0.0338704623281955
23,0,10,0.6438524127006531,0.8435441255569458,-0.0473226159811019
23,0,11,0.6119489669799805,0.8549168705940247,-0.0532398596405983
23,0,12,0.5868242383003235,0.8645594120025635,-0.0575282871723175
23,0,13,0.7042934894561768,0.8574919104576111,-0.0358931124210357
23,0,14,0.6569651961326599,0.8736016750335693,-0.046775285154581
23,0,15,0.625938355922699,0.8838849067687988,-0.0523919686675071
23,0,16,0.601618766784668,0.8916711211204529,-0.056391391903162
23,0,17,0.71584552526474,0.8816009759902954,-0.0377714037895202
23,0,18,0.6781096458435059,0.8973333239555359,-0.0474935658276081
23,0,19,0.6534214615821838,0.9049663543701172,-0.0517275817692279
23,0,20,0.6323940753936768,0.9102299213409424,-0.0544047430157661
23,0,21,0.4694972634315491,0.2904194593429565,-0.684381902217865
23,0,22,0.5024799704551697,0.2460310459136963,-0.6442182064056396
23,0,23,0.5106514692306519,0.3262559175491333,-0.5582380890846252
23,0,24,0.6980544328689575,0.4723707437515259,-0.1505844444036483
23,0,25,0.8515020608901978,0.7187538743019104,-0.3218480348587036
23,1,0,0.0,0.0,0.0
23,1,1,0.0,0.0,0.0
23,1,2,0.0,0.0,0.0
23,1,3,0.0,0.0,0.0
23,1,4,0.0,0.0,0.0
23,1,5,0.0,0.0,0.0
23,1,6,0.0,0.0,0.0
23,1,7,0.0,0.0,0.0
23,1,8,0.0,0.0,0.0
23,1,9,0.0,0.0,0.0
23,1,10,0.0,0.0,0.0
23,1,11,0.0,0.0,0.0
23,1,12,0.0,0.0,0.0
23,1,13,0.0,0.0,0.0
23,1,14,0.0,0.0,0.0
23,1,15,0.0,0.0,0.0
23,1,16,0.0,0.0,0.0
23,1,17,0.0,0.0,0.0
23,1,18,0.0,0.0,0.0
23,1,19,0.0,0.0,0.0
23,1,20,0.0,0.0,0.0
23,1,21,0.4694972634315491,0.2904194593429565,-0.684381902217865
23,1,22,0.425839751958847,0.2639665007591247,-0.6417548656463623
23,1,23,0.4496408402919769,0.3424726128578186,-0.5514814257621765
23,1,24,0.3215346932411194,0.5067098140716553,-0.0832196846604347
23,1,25,0.2693206965923309,0.8106688261032104,-0.0284316781908273
26,0,0,0.7608633041381836,0.816243588924408,2.119374329367929e-07
26,0,1,0.7224619388580322,0.7851862907409668,-0.0055676945485174
26,0,2,0.6831035614013672,0.7655280232429504,-0.0141631728038191
26,0,3,0.6540514230728149,0.7638535499572754,-0.0219929423183202
26,0,4,0.6351640224456787,0.7731521129608154,-0.0309495814144611
26,0,5,0.6774476170539856,0.7952336668968201,-0.0333247520029544
26,0,6,0.6352752447128296,0.8096469044685364,-0.0501435175538063
26,0,7,0.6084480285644531,0.820977509021759,-0.0590793751180172
26,0,8,0.5859153270721436,0.83087158203125,-0.0643616840243339
26,0,9,0.6873305439949036,0.8276084065437317,-0.0382156036794185
26,0,10,0.6397039294242859,0.8438107967376709,-0.0533024221658706
26,0,11,0.6073503494262695,0.8553646802902222,-0.0607276707887649
26,0,12,0.5807510018348694,0.8652034401893616,-0.0665075182914733
26,0,13,0.698884129524231,0.8574090600013733,-0.0421633087098598
26,0,14,0.6563825607299805,0.8740980625152588,-0.0540588162839412
26,0,15,0.6265301704406738,0.8847202062606812,-0.0597381740808486
26,0,16,0.6007442474365234,0.8924906849861145,-0.064132921397686
26,0,17,0.7113492488861084,0.8819955587387085,-0.0460636615753173
26,0,18,0.6766209602355957,0.8965821266174316,-0.0565907210111618
26,0,19,0.6529439091682434,0.9041599631309508,-0.0610164441168308
26,0,20,0.6307272911071777,0.9098600149154664,-0.0641044974327087
26,0,21,0.4659284353256225,0.292255163192749,-0.6717724800109863
26,0,22,0.4998244941234588,0.2479045987129211,-0.6334287524223328
26,0,23,0.5061857104301453,0.3287237286567688,-0.5480175614356995
26,0,24,0.6907153129577637,0.474139392375946,-0.1584293693304062
26,0,25,0.8422716856002808,0.7202593088150024,-0.3344497084617615
26,1,0,0.0,0.0,0.0
26,1,1,0.0,0.0,0.0
26,1,2,0.0,0.0,0.0
26,1,3,0.0,0.0,0.0
26,1,4,0.0,0.0,0.0
26,1,5,0.0,0.0,0.0
26,1,6,0.0,0.0,0.0
26,1,7,0.0,0.0,0.0
26,1,8,0.0,0.0,0.0
26,1,9,0.0,0.0,0.0
26,1,10,0.0,0.0,0.0
26,1,11,0.0,0.0,0.0
26,1,12,0.0,0.0,0.0
26,1,13,0.0,0.0,0.0
26,1,14,0.0,0.0,0.0
26,1,15,0.0,0.0,0.0
26,1,16,0.0,0.0,0.0
26,1,17,0.0,0.0,0.0
26,1,18,0.0,0.0,0.0
26,1,19,0.0,0.0,0.0
26,1,20,0.0,0.0,0.0
26,1,21,0.4659284353256225,0.292255163192749,-0.6717724800109863
26,1,22,0.4222370386123657,0.265897274017334,-0.6254235506057739
26,1,23,0.4446240067481994,0.3435235619544983,-0.5348999500274658
26,1,24,0.3161526918411255,0.500790536403656,-0.03120225854218
26,1,25,0.2570497691631317,0.7959479689598083,0.0244853254407644
29,0,0,0.7581479549407959,0.8090089559555054,2.421722911094548e-07
29,0,1,0.7196592092514038,0.7793738842010498,-0.0066529465839266
29,0,2,0.6783872246742249,0.7648645639419556,-0.0146071482449769
29,0,3,0.6463173627853394,0.7650508880615234,-0.021778704598546
29,0,4,0.6252862215042114,0.7709299325942993,-0.0298870857805013
29,0,5,0.6733080148696899,0.7955430150032043,-0.0294013433158397
29,0,6,0.6318984627723694,0.8083054423332214,-0.0446249060332775
29,0,7,0.6051821708679199,0.8195046186447144,-0.0525854900479316
29,0,8,0.5824795961380005,0.829657256603241,-0.0575907416641712
29,0,9,0.6825529336929321,0.8269431591033936,-0.0332462042570114
29,0,10,0.6374514698982239,0.8421924114227295,-0.0483286529779434
29,0,11,0.6047378778457642,0.8536679744720459,-0.0561536774039268
29,0,12,0.5766690373420715,0.8634059429168701,-0.0618781074881553
29,0,13,0.6940854787826538,0.8556870818138123,-0.0364029519259929
29,0,14,0.6517608761787415,0.871893584728241,-0.0490317530930042
29,0,15,0.6212806105613708,0.8835607171058655,-0.0561577193439006
29,0,16,0.595781683921814,0.8924603462219238,-0.0610417462885379
29,0,17,0.7069805860519409,0.878872275352478,-0.0394921824336051
29,0,18,0.673331081867218,0.8943008184432983,-0.050746601074934
29,0,19,0.6493656635284424,0.9033011198043824,-0.0563539639115333
29,0,20,0.6277915835380554,0.9100059270858764,-0.0599725097417831
29,0,21,0.4672630429267883,0.2887657880783081,-0.6742177605628967
29,0,22,0.4986404776573181,0.2423311471939087,-0.6341467499732971
29,0,23,0.5083451867103577,0.3239437937736511,-0.55435711145401
29,0,24,0.691006600856781,0.4747039079666137,-0.1726837903261184
29,0,25,0.83268803358078,0.722350537776947,-0.3328132331371307
29,1,0,0.0,0.0,0.0
29,1,1,0.0,0.0,0.0
29,1,2,0.0,0.0,0.0
29,1,3,0.0,0.0,0.0
29,1,4,0.0,0.0,0.0
29,1,5,0.0,0.0,0.0
29,1,6,0.0,0.0,0.0
29,1,7,0.0,0.0,0.0
29,1,8,0.0,0.0,0.0
29,1,9,0.0,0.0,0.0
29,1,10,0.0,0.0,0.0
29,1,11,0.0,0.0,0.0
29,1,12,0.0,0.0,0.0
29,1,13,0.0,0.0,0.0
29,1,14,0.0,0.0,0.0
29,1,15,0.0,0.0,0.0
29,1,16,0.0,0.0,0.0
29,1,17,0.0,0.0,0.0
29,1,18,0.0,0.0,0.0
29,1,19,0.0,0.0,0.0
29,1,20,0.0,0.0,0.0
29,1,21,0.4672630429267883,0.2887657880783081,-0.6742177605628967
29,1,22,0.4190358817577362,0.2630181908607483,-0.6317521929740906
29,1,23,0.4475017786026001,0.3418766856193542,-0.547283947467804
29,1,24,0.312294602394104,0.5014025568962097,-0.0820889323949813
29,1,25,0.2515879571437835,0.8142434358596802,0.0293655171990394
30,0,0,0.7600755095481873,0.8088808059692383,2.16201911484859e-07
30,0,1,0.7209397554397583,0.7767650485038757,-0.0081444382667541
30,0,2,0.675537109375,0.7625088691711426,-0.0151824364438653
30,0,3,0.6422011256217957,0.7688246965408325,-0.0205428153276443
30,0,4,0.6225487589836121,0.7824484705924988,-0.0268276892602443
30,0,5,0.6722903251647949,0.7942601442337036,-0.0311602596193552
30,0,6,0.6312983632087708,0.8089090585708618,-0.0449672602117061
30,0,7,0.6050512790679932,0.8206863403320312,-0.0518755055963993
30,0,8,0.5827845335006714,0.8310879468917847,-0.05630923807621
30,0,9,0.6824538707733154,0.82662034034729,-0.0336587019264698
30,0,10,0.6364473104476929,0.8431556224822998,-0.0466105416417121
30,0,11,0.6038674116134644,0.8553119897842407,-0.0535057298839092
30,0,12,0.5764158368110657,0.8652486801147461,-0.0590627267956733
30,0,13,0.6945231556892395,0.8551714420318604,-0.0353780761361122
30,0,14,0.6517186760902405,0.8720279932022095,-0.046135239303112
30,0,15,0.621306836605072,0.8839108943939209,-0.0531080700457096
30,0,16,0.5957836508750916,0.8926868438720703,-0.0584865137934684
30,0,17,0.7079324126243591,0.8784046173095703,-0.0371448248624801
30,0,18,0.6737046837806702,0.8940355777740479,-0.0474265180528163
30,0,19,0.6496979594230652,0.9034463763237,-0.0531768053770065
30,0,20,0.6279159784317017,0.9105565547943116,-0.0572651885449886
30,0,21,0.4629168212413788,0.2883532047271728,-0.7521703839302063
30,0,22,0.4973085522651672,0.2427705526351928,-0.7097834348678589
30,0,23,0.5044657588005066,0.3232922554016113,-0.6228618025779724
30,0,24,0.6898373961448669,0.474174439907074,-0.1931610852479934
30,0,25,0.8377312421798706,0.7253715991973877,-0.3691675364971161
30,1,0,0.0,0.0,0.0
30,1,1,0.0,0.0,0.0
30,1,2,0.0,0.0,0.0
30,1,3,0.0,0.0,0.0
30,1,4,0.0,0.0,0.0
30,1,5,0.0,0.0,0.0
30,1,6,0.0,0.0,0.0
30,1,7,0.0,0.0,0.0
30,1,8,0.0,0.0,0.0
30,1,9,0.0,0.0,0.0
30,1,10,0.0,0.0,0.0
30,1,11,0.0,0.0,0.0
30,1,12,0.0,0.0,0.0
30,1,13,0.0,0.0,0.0
30,1,14,0.0,0.0,0.0
30,1,15,0.0,0.0,0.0
30,1,16,0.0,0.0,0.0
30,1,17,0.0,0.0,0.0
30,1,18,0.0,0.0,0.0
30,1,19,0.0,0.0,0.0
30,1,20,0.0,0.0,0.0
30,1,21,0.4629168212413788,0.2883532047271728,-0.7521703839302063
30,1,22,0.4182080626487732,0.2626448273658752,-0.7084375619888306
30,1,23,0.4417439103126526,0.3392878770828247,-0.6178653836250305
30,1,24,0.3119935989379883,0.501578688621521,-0.1162343770265579
30,1,25,0.2538544237613678,0.8091480731964111,0.0006451182998716
33,0,0,0.7580035328865051,0.8102090358734131,2.2091634832577259e-07
33,0,1,0.7174358367919922,0.7782518863677979,-0.0084030032157897
33,0,2,0.6721489429473877,0.7617862224578857,-0.0164591781795024
33,0,3,0.6385144591331482,0.7731492519378662,-0.0223898869007825
33,0,4,0.6207227110862732,0.793192446231842,-0.0293197985738515
33,0,5,0.6719014644622803,0.794249951839447,-0.034182783216238
33,0,6,0.6293388605117798,0.8077359795570374,-0.0489557348191738
33,0,7,0.6029493808746338,0.8199271559715271,-0.0560577176511287
33,0,8,0.5814260244369507,0.8302860260009766,-0.0602525137364864
33,0,9,0.6828524470329285,0.827111542224884,-0.0364851951599121
33,0,10,0.6346088647842407,0.8424065709114075,-0.0499694347381591
33,0,11,0.6020774841308594,0.8540086150169373,-0.0562439709901809
33,0,12,0.5756454467773438,0.8629670739173889,-0.0611411966383457
33,0,13,0.6948215961456299,0.8562211394309998,-0.0378230437636375
33,0,14,0.6503117680549622,0.8726992011070251,-0.048501331359148
33,0,15,0.6197013258934021,0.8834922313690186,-0.0538606792688369
33,0,16,0.5944324135780334,0.8910285234451294,-0.058061134070158
33,0,17,0.7080398201942444,0.8795852661132812,-0.0391573570668697
33,0,18,0.672814130783081,0.8941502571105957,-0.0485510192811489
33,0,19,0.6488673686981201,0.9024194478988647,-0.0526007898151874
33,0,20,0.6274462342262268,0.908779501914978,-0.0553792491555213
33,0,21,0.4660091996192932,0.2883472442626953,-0.7087482213973999
33,0,22,0.4996152520179748,0.2437103390693664,-0.6697664856910706
33,0,23,0.5056620836257935,0.3242161870002746,-0.5876801609992981
33,0,24,0.690759539604187,0.4718097448348999,-0.2150617092847824
33,0,25,0.8415625095367432,0.720978856086731,-0.4144923686981201
33,1,0,0.0,0.0,0.0
33,1,1,0.0,0.0,0.0
33,1,2,0.0,0.0,0.0
33,1,3,0.0,0.0,0.0
33,1,4,0.0,0.0,0.0
33,1,5,0.0,0.0,0.0
33,1,6,0.0,0.0,0.0
33,1,7,0.0,0.0,0.0
33,1,8,0.0,0.0,0.0
33,1,9,0.0,0.0,0.0
33,1,10,0.0,0.0,0.0
33,1,11,0.0,0.0,0.0
33,1,12,0.0,0.0,0.0
33,1,13,0.0,0.0,0.0
33,1,14,0.0,0.0,0.0
33,1,15,0.0,0.0,0.0
33,1,16,0.0,0.0,0.0
33,1,17,0.0,0.0,0.0
33,1,18,0.0,0.0,0.0
33,1,19,0.0,0.0,0.0
33,1,20,0.0,0.0,0.0
33,1,21,0.4660091996192932,0.2883472442626953,-0.7087482213973999
33,1,22,0.4214308261871338,0.2621774077415466,-0.6609739661216736
33,1,23,0.4431610107421875,0.3396019339561462,-0.5720199346542358
33,1,24,0.3148168325424194,0.4981419444084167,-0.0645768120884895
33,1,25,0.2577460706233978,0.8058309555053711,0.0171590782701969
34,0,0,0.7625144720077515,0.8075658082962036,2.324255490293581e-07
34,0,1,0.72185879945755,0.7757222652435303,-0.0096849678084254
34,0,2,0.6757767796516418,0.7615779042243958,-0.0180248152464628
34,0,3,0.6416532397270203,0.7736169695854187,-0.0241475757211446
34,0,4,0.6216452121734619,0.7937310338020325,-0.0309672635048627
34,0,5,0.6743393540382385,0.7926405668258667,-0.0342394448816776
34,0,6,0.6288865208625793,0.809920608997345,-0.0488642938435077
34,0,7,0.6024273037910461,0.8224323987960815,-0.0554375201463699
34,0,8,0.5804634094238281,0.8337741494178772,-0.0590861141681671
34,0,9,0.6853005886077881,0.8257995247840881,-0.0356257408857345
34,0,10,0.6359255909919739,0.8427121639251709,-0.0492288805544376
34,0,11,0.603476881980896,0.8542307019233704,-0.0552990436553955
34,0,12,0.5775387287139893,0.8631648421287537,-0.0597186423838138
34,0,13,0.6969547271728516,0.8552328944206238,-0.0362651422619819
34,0,14,0.651552677154541,0.8731064200401306,-0.0468647666275501
34,0,15,0.6205551624298096,0.8844596743583679,-0.0525526255369186
34,0,16,0.5959563851356506,0.8923239707946777,-0.0566573850810527
34,0,17,0.7087798714637756,0.8789895176887512,-0.0370565541088581
34,0,18,0.6712693572044373,0.8957516551017761,-0.046598020941019
34,0,19,0.646229088306427,0.9047464728355408,-0.0511132888495922
34,0,20,0.6246946454048157,0.9112318754196168,-0.0539280734956264
34,0,21,0.4665552377700805,0.2859165668487549,-0.6853044033050537
34,0,22,0.4989598095417022,0.2413949370384216,-0.6458581686019897
34,0,23,0.5067132711410522,0.3229663968086242,-0.5651686191558838
34,0,24,0.6881184577941895,0.4717919826507568,-0.1824367046356201
34,0,25,0.8379123210906982,0.7137490510940552,-0.3253467679023742
34,1,0,0.0,0.0,0.0
34,1,1,0.0,0.0,0.0
34,1,2,0.0,0.0,0.0
34,1,3,0.0,0.0,0.0
34,1,4,0.0,0.0,0.0
34,1,5,0.0,0.0,0.0
34,1,6,0.0,0.0,0.0
34,1,7,0.0,0.0,0.0
34,1,8,0.0,0.0,0.0
34,1,9,0.0,0.0,0.0
34,1,10,0.0,0.0,0.0
34,1,11,0.0,0.0,0.0
34,1,12,0.0,0.0,0.0
34,1,13,0.0,0.0,0.0
34,1,14,0.0,0.0,0.0
34,1,15,0.0,0.0,0.0
34,1,16,0.0,0.0,0.0
34,1,17,0.0,0.0,0.0
34,1,18,0.0,0.0,0.0
34,1,19,0.0,0.0,0.0
34,1,20,0.0,0.0,0.0
34,1,21,0.4665552377700805,0.2859165668487549,-0.6853044033050537
34,1,22,0.4196942448616028,0.2598385214805603,-0.6418991088867188
34,1,23,0.4459662139415741,0.3383936285972595,-0.5560638904571533
34,1,24,0.3156860470771789,0.5000445246696472,-0.084227055311203
34,1,25,0.2560573220252991,0.799315869808197,-0.0096381800249218
36,0,0,0.7552627325057983,0.8145080208778381,2.3581380048653965e-07
36,0,1,0.7182422280311584,0.7835553884506226,-0.0084429774433374
36,0,2,0.6758370399475098,0.7650495171546936,-0.0171730611473321
36,0,3,0.6432582139968872,0.769180953502655,-0.0242299120873212
36,0,4,0.6213263869285583,0.7836141586303711,-0.0321222655475139
36,0,5,0.671760082244873,0.7968866229057312,-0.0341022610664367
36,0,6,0.6290862560272217,0.8113547563552856,-0.0497478321194648
36,0,7,0.6029094457626343,0.8228918313980103,-0.0570914782583713
36,0,8,0.5804876089096069,0.8324899673461914,-0.061342142522335
36,0,9,0.6822967529296875,0.8287302255630493,-0.0371891483664512
36,0,10,0.6353836059570312,0.8451525568962097,-0.0523513332009315
36,0,11,0.6028686165809631,0.8577303886413574,-0.0600189492106437
36,0,12,0.5752163529396057,0.8680813908576965,-0.0657374858856201
36,0,13,0.694388747215271,0.8574682474136353,-0.0394481532275676
36,0,14,0.6512298583984375,0.8740917444229126,-0.0521965809166431
36,0,15,0.6199929118156433,0.8858256340026855,-0.059525016695261
36,0,16,0.5936949253082275,0.8945940136909485,-0.0647341012954711
36,0,17,0.7075320482254028,0.8811334371566772,-0.0416218154132366
36,0,18,0.6728278994560242,0.8966512680053711,-0.0533090606331825
36,0,19,0.6487972140312195,0.9060600996017456,-0.0593379102647304
36,0,20,0.6267492771148682,0.9130643010139464,-0.063289038836956
36,0,21,0.4648588001728058,0.2832911610603332,-0.7505893707275391
36,0,22,0.4985254406929016,0.2397788763046264,-0.7080147862434387
36,0,23,0.5062315464019775,0.3200148344039917,-0.6235361695289612
36,0,24,0.6871189475059509,0.4724379777908325,-0.2202413231134414
36,0,25,0.8341842889785767,0.7184511423110962,-0.4007091224193573
36,1,0,0.0,0.0,0.0
36,1,1,0.0,0.0,0.0
36,1,2,0.0,0.0,0.0
36,1,3,0.0,0.0,0.0
36,1,4,0.0,0.0,0.0
36,1,5,0.0,0.0,0.0
36,1,6,0.0,0.0,0.0
36,1,7,0.0,0.0,0.0
36,1,8,0.0,0.0,0.0
36,1,9,0.0,0.0,0.0
36,1,10,0.0,0.0,0.0
36,1,11,0.0,0.0,0.0
36,1,12,0.0,0.0,0.0
36,1,13,0.0,0.0,0.0
36,1,14,0.0,0.0,0.0
36,1,15,0.0,0.0,0.0
36,1,16,0.0,0.0,0.0
36,1,17,0.0,0.0,0.0
36,1,18,0.0,0.0,0.0
36,1,19,0.0,0.0,0.0
36,1,20,0.0,0.0,0.0
36,1,21,0.4648588001728058,0.2832911610603332,-0.7505893707275391
36,1,22,0.4186663031578064,0.255999207496643,-0.7029886841773987
36,1,23,0.4446621537208557,0.3369620442390442,-0.6128535866737366
36,1,24,0.3128920197486877,0.506331741809845,-0.1031452789902687
36,1,25,0.2530911862850189,0.8039222359657288,-0.030877137556672
37,0,0,0.7549882531166077,0.8137590885162354,2.312160347628378e-07
37,0,1,0.7171217203140259,0.7841811776161194,-0.0087296655401587
37,0,2,0.6719970703125,0.7679576277732849,-0.0170881673693656
37,0,3,0.6389427185058594,0.7737595438957214,-0.0236895717680454
37,0,4,0.6157981157302856,0.7848864793777466,-0.0311643481254577
37,0,5,0.6721764206886292,0.7973065376281738,-0.0346248187124729
37,0,6,0.6301915049552917,0.8100472092628479,-0.0507849603891372
37,0,7,0.6039178967475891,0.821773886680603,-0.0584292411804199
37,0,8,0.5815771222114563,0.8319246768951416,-0.0630330964922905
37,0,9,0.6833313703536987,0.8290135860443115,-0.0378196276724338
37,0,10,0.6369971036911011,0.8445461392402649,-0.0542411394417285
37,0,11,0.6042512655258179,0.8574860095977783,-0.062625415623188
37,0,12,0.5763360261917114,0.8685132265090942,-0.0687634795904159
37,0,13,0.6952334642410278,0.8576622605323792,-0.0402298644185066
37,0,14,0.6516422033309937,0.874366283416748,-0.0545258335769176
37,0,15,0.6196748614311218,0.8864678144454956,-0.0628674924373626
37,0,16,0.592694878578186,0.896027684211731,-0.0685500279068946
37,0,17,0.7081162929534912,0.8817769289016724,-0.0424885526299476
37,0,18,0.6725330948829651,0.8972474932670593,-0.0555163137614727
37,0,19,0.6477508544921875,0.9063720703125,-0.0624924041330814
37,0,20,0.6248172521591187,0.9133439660072328,-0.067069761455059
37,0,21,0.4671622812747955,0.2853986024856567,-0.6933246850967407
37,0,22,0.4991295933723449,0.2403281331062317,-0.6505414247512817
37,0,23,0.5070198178291321,0.3227801322937011,-0.5704796314239502
37,0,24,0.6885589361190796,0.4753476977348327,-0.1743950098752975
37,0,25,0.833486020565033,0.7248446941375732,-0.3368960916996002
37,1,0,0.0,0.0,0.0
37,1,1,0.0,0.0,0.0
37,1,2,0.0,0.0,0.0
37,1,3,0.0,0.0,0.0
37,1,4,0.0,0.0,0.0
37,1,5,0.0,0.0,0.0
37,1,6,0.0,0.0,0.0
37,1,7,0.0,0.0,0.0
37,1,8,0.0,0.0,0.0
37,1,9,0.0,0.0,0.0
37,1,10,0.0,0.0,0.0
37,1,11,0.0,0.0,0.0
37,1,12,0.0,0.0,0.0
37,1,13,0.0,0.0,0.0
37,1,14,0.0,0.0,0.0
37,1,15,0.0,0.0,0.0
37,1,16,0.0,0.0,0.0
37,1,17,0.0,0.0,0.0
37,1,18,0.0,0.0,0.0
37,1,19,0.0,0.0,0.0
37,1,20,0.0,0.0,0.0
37,1,21,0.4671622812747955,0.2853986024856567,-0.6933246850967407
37,1,22,0.421026349067688,0.2590336203575134,-0.6507128477096558
37,1,23,0.4463262259960174,0.3403903245925903,-0.5663955807685852
37,1,24,0.311741828918457,0.5089938044548035,-0.1082794442772865
37,1,25,0.2540973126888275,0.8221138715744019,0.0213885474950075
39,0,0,0.755458414554596,0.8147546052932739,2.341375306968985e-07
39,0,1,0.7177931070327759,0.784127950668335,-0.0091586681082844
39,0,2,0.6725885272026062,0.7657964825630188,-0.0177088398486375
39,0,3,0.6396902203559875,0.7726442813873291,-0.0245100986212492
39,0,4,0.6187238693237305,0.7881540060043335,-0.0322071313858032
39,0,5,0.6711531281471252,0.7979696989059448,-0.0347734428942203
39,0,6,0.6287746429443359,0.8116027116775513,-0.0522702634334564
39,0,7,0.6018833518028259,0.823392391204834,-0.0610339902341365
39,0,8,0.5795902609825134,0.8334729671478271,-0.0660082697868347
39,0,9,0.6816863417625427,0.829583466053009,-0.0379701815545558
39,0,10,0.6351897120475769,0.8451448082923889,-0.0545220151543617
39,0,11,0.6025693416595459,0.858009397983551,-0.0628953054547309
39,0,12,0.5748163461685181,0.8696192502975464,-0.0689558014273643
39,0,13,0.6937351822853088,0.8582740426063538,-0.0405708961188793
39,0,14,0.6522807478904724,0.8748494982719421,-0.0544324144721031
39,0,15,0.6219640970230103,0.8867791295051575,-0.0616242699325084
39,0,16,0.5954729318618774,0.8967822194099426,-0.0665300786495208
39,0,17,0.707150936126709,0.8828022480010986,-0.0432652756571769
39,0,18,0.6720447540283203,0.8971294164657593,-0.055339328944683
39,0,19,0.6483421921730042,0.9057952165603638,-0.061262808740139
39,0,20,0.6260623931884766,0.912927508354187,-0.0651406943798065
39,0,21,0.4646607637405395,0.2832674980163574,-0.7244085669517517
39,0,22,0.4982872903347015,0.2392488121986389,-0.6841540932655334
39,0,23,0.5060300827026367,0.321327805519104,-0.6013151407241821
39,0,24,0.6851096153259277,0.4757091403007507,-0.2197533249855041
39,0,25,0.8371528387069702,0.7217186093330383,-0.3700509369373321
39,1,0,0.0,0.0,0.0
39,1,1,0.0,0.0,0.0
39,1,2,0.0,0.0,0.0
39,1,3,0.0,0.0,0.0
39,1,4,0.0,0.0,0.0
39,1,5,0.0,0.0,0.0
39,1,6,0.0,0.0,0.0
39,1,7,0.0,0.0,0.0
39,1,8,0.0,0.0,0.0
39,1,9,0.0,0.0,0.0
39,1,10,0.0,0.0,0.0
39,1,11,0.0,0.0,0.0
39,1,12,0.0,0.0,0.0
39,1,13,0.0,0.0,0.0
39,1,14,0.0,0.0,0.0
39,1,15,0.0,0.0,0.0
39,1,16,0.0,0.0,0.0
39,1,17,0.0,0.0,0.0
39,1,18,0.0,0.0,0.0
39,1,19,0.0,0.0,0.0
39,1,20,0.0,0.0,0.0
39,1,21,0.4646607637405395,0.2832674980163574,-0.7244085669517517
39,1,22,0.4190966784954071,0.2565780878067016,-0.6761789321899414
39,1,23,0.4443503022193908,0.3379257321357727,-0.5868542194366455
39,1,24,0.311767578125,0.5019023418426514,-0.0728841572999954
39,1,25,0.2549836039543152,0.8018635511398315,0.0368589498102664
