Frame,Hand,Landmark,X,Y,Z
5,0,0,0.7604629993438721,0.6647220849990845,2.1530547655856933e-07
5,0,1,0.7865957617759705,0.6296321153640747,-0.0015691054286435
5,0,2,0.7978503108024597,0.5795271992683411,-0.0106744645163416
5,0,3,0.7907124161720276,0.5382895469665527,-0.0197186395525932
5,0,4,0.7763221263885498,0.509052038192749,-0.0312885418534278
5,0,5,0.8107409477233887,0.5724659562110901,-0.0368700958788394
5,0,6,0.797434389591217,0.5056970715522766,-0.0568829700350761
5,0,7,0.7877413034439087,0.46420419216156,-0.06814955919981
5,0,8,0.7784621119499207,0.4305718839168548,-0.0750554949045181
5,0,9,0.7847671508789062,0.580290675163269,-0.0472487099468708
5,0,10,0.7737525701522827,0.507689893245697,-0.0671939924359321
5,0,11,0.7639753818511963,0.4587747454643249,-0.0786217972636222
5,0,12,0.7562055587768555,0.4202437400817871,-0.08690145611763
5,0,13,0.7529466152191162,0.5873410701751709,-0.0558151230216026
5,0,14,0.7443097233772278,0.5188997983932495,-0.0729635581374168
5,0,15,0.7377830743789673,0.4737818539142608,-0.0826776698231697
5,0,16,0.7344529032707214,0.4391258358955383,-0.0889159590005874
5,0,17,0.7181800007820129,0.5932978391647339,-0.063194990158081
5,0,18,0.715402364730835,0.5406792163848877,-0.0784997642040252
5,0,19,0.7138397097587585,0.5069239139556885,-0.0853701755404472
5,0,20,0.7140200138092041,0.4783881306648254,-0.0895042568445205
5,0,21,0.5330141186714172,0.3186084628105163,-0.9821072816848756
5,0,22,0.5671241879463196,0.2768915295600891,-0.9402790665626526
5,0,23,0.5577523708343506,0.3565089106559753,-0.8358493447303772
5,1,0,0.0,0.0,0.0
5,1,1,0.0,0.0,0.0
5,1,2,0.0,0.0,0.0
5,1,3,0.0,0.0,0.0
5,1,4,0.0,0.0,0.0
5,1,5,0.0,0.0,0.0
5,1,6,0.0,0.0,0.0
5,1,7,0.0,0.0,0.0
5,1,8,0.0,0.0,0.0
5,1,9,0.0,0.0,0.0
5,1,10,0.0,0.0,0.0
5,1,11,0.0,0.0,0.0
5,1,12,0.0,0.0,0.0
5,1,13,0.0,0.0,0.0
5,1,14,0.0,0.0,0.0
5,1,15,0.0,0.0,0.0
5,1,16,0.0,0.0,0.0
5,1,17,0.0,0.0,0.0
5,1,18,0.0,0.0,0.0
5,1,19,0.0,0.0,0.0
5,1,20,0.0,0.0,0.0
5,1,21,0.5330141186714172,0.3186084628105163,-0.9821072816848756
5,1,22,0.488423228263855,0.2776142954826355,-0.9487454295158386
5,1,23,0.504485547542572,0.3596673011779785,-0.8467941880226135
12,0,0,0.6860929727554321,0.4616225957870483,1.6734985308630712e-07
12,0,1,0.7167591452598572,0.4230120182037353,0.0004589691816363
12,0,2,0.725320041179657,0.3759460151195526,-0.0070165791548788
12,0,3,0.7076141834259033,0.3391453623771667,-0.0149037921801209
12,0,4,0.6862025856971741,0.317370742559433,-0.0248078517615795
12,0,5,0.7215349674224854,0.3550891280174255,-0.0263838935643434
12,0,6,0.6978763937950134,0.2901736497879028,-0.0419350080192089
12,0,7,0.683582067489624,0.252811074256897,-0.0496099069714546
12,0,8,0.6717993021011353,0.2238149344921112,-0.0533210709691047
12,0,9,0.6938628554344177,0.3633368909358978,-0.0355346873402595
12,0,10,0.6741195917129517,0.2918428182601928,-0.0506370104849338
12,0,11,0.6614376902580261,0.2483125776052475,-0.0574527904391288
12,0,12,0.6512975692749023,0.2152379006147384,-0.0610888227820396
12,0,13,0.6657088398933411,0.3731914758682251,-0.0432268679141998
12,0,14,0.6508492827415466,0.3035553097724914,-0.0545633137226104
12,0,15,0.6404086947441101,0.2621113657951355,-0.0588781125843524
12,0,16,0.6329064965248108,0.2307025492191314,-0.0608132258057594
12,0,17,0.637873113155365,0.3842091858386993,-0.0500527881085872
12,0,18,0.627406120300293,0.3276952803134918,-0.0587661191821098
12,0,19,0.6220302581787109,0.2952337563037872,-0.0601377226412296
12,0,20,0.6179366707801819,0.268932580947876,-0.0596995390951633
12,0,21,0.5314226150512695,0.3303932547569275,-0.7711621522903442
12,0,22,0.5605892539024353,0.2890980243682861,-0.7158446907997131
12,0,23,0.5537863969802856,0.3694801926612854,-0.6108520030975342
12,1,0,0.0,0.0,0.0
12,1,1,0.0,0.0,0.0
12,1,2,0.0,0.0,0.0
12,1,3,0.0,0.0,0.0
12,1,4,0.0,0.0,0.0
12,1,5,0.0,0.0,0.0
12,1,6,0.0,0.0,0.0
12,1,7,0.0,0.0,0.0
12,1,8,0.0,0.0,0.0
12,1,9,0.0,0.0,0.0
12,1,10,0.0,0.0,0.0
12,1,11,0.0,0.0,0.0
12,1,12,0.0,0.0,0.0
12,1,13,0.0,0.0,0.0
12,1,14,0.0,0.0,0.0
12,1,15,0.0,0.0,0.0
12,1,16,0.0,0.0,0.0
12,1,17,0.0,0.0,0.0
12,1,18,0.0,0.0,0.0
12,1,19,0.0,0.0,0.0
12,1,20,0.0,0.0,0.0
12,1,21,0.5314226150512695,0.3303932547569275,-0.7711621522903442
12,1,22,0.4901825487613678,0.2878630757331848,-0.7463218569755554
12,1,23,0.4979501664638519,0.366128921508789,-0.6525798439979553
14,0,0,0.646275520324707,0.4008489847183227,1.1006284950099145e-07
14,0,1,0.6769071221351624,0.3609758913516998,0.0019477888708934
14,0,2,0.6825146675109863,0.3174521923065185,-0.0004818534071091
14,0,3,0.66490638256073,0.2857823967933655,-0.003749411785975
14,0,4,0.642595648765564,0.2714869379997253,-0.008423501625657
14,0,5,0.667470395565033,0.292072594165802,-0.0109536107629537
14,0,6,0.6417016386985779,0.2363918125629425,-0.0204890072345733
14,0,7,0.6255742311477661,0.2050901800394058,-0.0262498836964368
14,0,8,0.6112641096115112,0.1817087233066558,-0.029334058985114
14,0,9,0.6424916982650757,0.298773318529129,-0.0177788585424423
14,0,10,0.6201741099357605,0.2382558733224868,-0.0257131792604923
14,0,11,0.60395747423172,0.2031910270452499,-0.0306101217865943
14,0,12,0.5901854634284973,0.176818385720253,-0.0337680503726005
14,0,13,0.616850733757019,0.3091128766536712,-0.0237348861992359
14,0,14,0.5995132327079773,0.2514831721782684,-0.0287605915218591
14,0,15,0.5872796773910522,0.2173089981079101,-0.0308422818779945
14,0,16,0.5778952240943909,0.1916146278381347,-0.032462041825056
14,0,17,0.5915049910545349,0.3222154974937439,-0.0292896013706922
14,0,18,0.581409215927124,0.2762914896011352,-0.0327647812664508
14,0,19,0.5753856301307678,0.2484230250120163,-0.0318189226090908
14,0,20,0.5703283548355103,0.2252683490514755,-0.0306158363819122
14,0,21,0.537329912185669,0.3283411264419555,-0.8689274787902832
14,0,22,0.5621019601821899,0.2838995456695556,-0.8323982357978821
14,0,23,0.5609197616577148,0.3665730953216553,-0.7079325914382935
14,1,0,0.0,0.0,0.0
14,1,1,0.0,0.0,0.0
14,1,2,0.0,0.0,0.0
14,1,3,0.0,0.0,0.0
14,1,4,0.0,0.0,0.0
14,1,5,0.0,0.0,0.0
14,1,6,0.0,0.0,0.0
14,1,7,0.0,0.0,0.0
14,1,8,0.0,0.0,0.0
14,1,9,0.0,0.0,0.0
14,1,10,0.0,0.0,0.0
14,1,11,0.0,0.0,0.0
14,1,12,0.0,0.0,0.0
14,1,13,0.0,0.0,0.0
14,1,14,0.0,0.0,0.0
14,1,15,0.0,0.0,0.0
14,1,16,0.0,0.0,0.0
14,1,17,0.0,0.0,0.0
14,1,18,0.0,0.0,0.0
14,1,19,0.0,0.0,0.0
14,1,20,0.0,0.0,0.0
14,1,21,0.537329912185669,0.3283411264419555,-0.8689274787902832
14,1,22,0.4964339435100555,0.2848814725875854,-0.8547248244285583
14,1,23,0.5060187578201294,0.3650875687599182,-0.7390259504318237
19,0,0,0.6093400716781616,0.3884165287017822,9.24100262977845e-08
19,0,1,0.6385809183120728,0.3506897687911987,0.0039431140758097
19,0,2,0.6443844437599182,0.3067167401313782,0.0058597503229975
19,0,3,0.6259790658950806,0.2754202783107757,0.0070028286427259
19,0,4,0.6082751750946045,0.2613993883132934,0.0071536479517817
19,0,5,0.617506742477417,0.2752875983715057,-0.0005083116120658
19,0,6,0.5938519835472107,0.2267661094665527,-0.0043029994703829
19,0,7,0.5793730020523071,0.2009907066822052,-0.0068803164176642
19,0,8,0.5672651529312134,0.1815175712108612,-0.0081787779927253
19,0,9,0.5920007824897766,0.2832071483135223,-0.0058116735890507
19,0,10,0.5725089311599731,0.2282748967409134,-0.0098294960334897
19,0,11,0.5599251389503479,0.1971728205680847,-0.0127315763384103
19,0,12,0.5488389730453491,0.1740991026163101,-0.0143429832533001
19,0,13,0.5691672563552856,0.2954782843589782,-0.0105993179604411
19,0,14,0.5536881685256958,0.2418336421251297,-0.0136129753664135
19,0,15,0.5428995490074158,0.2103497385978698,-0.0166680850088596
19,0,16,0.5333460569381714,0.186852753162384,-0.0185568183660507
19,0,17,0.5491291880607605,0.3110758066177368,-0.01470198482275
19,0,18,0.5369952321052551,0.2664434611797333,-0.0164578948169946
19,0,19,0.5302612781524658,0.2416657507419586,-0.0160137992352247
19,0,20,0.5241572856903076,0.2216687798500061,-0.015186034142971
19,0,21,0.5278615355491638,0.3128395080566406,-0.6826576590538025
19,0,22,0.5548486709594727,0.2668710947036743,-0.6498374342918396
19,0,23,0.5526096820831299,0.3483035564422607,-0.5494221448898315
19,1,0,0.0,0.0,0.0
19,1,1,0.0,0.0,0.0
19,1,2,0.0,0.0,0.0
19,1,3,0.0,0.0,0.0
19,1,4,0.0,0.0,0.0
19,1,5,0.0,0.0,0.0
19,1,6,0.0,0.0,0.0
19,1,7,0.0,0.0,0.0
19,1,8,0.0,0.0,0.0
19,1,9,0.0,0.0,0.0
19,1,10,0.0,0.0,0.0
19,1,11,0.0,0.0,0.0
19,1,12,0.0,0.0,0.0
19,1,13,0.0,0.0,0.0
19,1,14,0.0,0.0,0.0
19,1,15,0.0,0.0,0.0
19,1,16,0.0,0.0,0.0
19,1,17,0.0,0.0,0.0
19,1,18,0.0,0.0,0.0
19,1,19,0.0,0.0,0.0
19,1,20,0.0,0.0,0.0
19,1,21,0.5278615355491638,0.3128395080566406,-0.6826576590538025
19,1,22,0.4882960319519043,0.2712790966033935,-0.6616304516792297
19,1,23,0.5005395412445068,0.3474876880645752,-0.5666836500167847
22,0,0,0.6013389825820923,0.3848104774951935,1.2688248318681872e-07
22,0,1,0.633877158164978,0.3488550782203674,0.003205738030374
22,0,2,0.6424075961112976,0.3079190552234649,0.003990773577243
22,0,3,0.6274210214614868,0.2792643010616302,0.0039380029775202
22,0,4,0.6096187829971313,0.2678815424442291,0.0027976655401289
22,0,5,0.6125776171684265,0.2769728899002075,-0.0028857681900262
22,0,6,0.5916005373001099,0.2291633784770965,-0.007665604352951
22,0,7,0.5786292552947998,0.2035945951938629,-0.0111177265644073
22,0,8,0.5675598382949829,0.1848475635051727,-0.013113860040903
22,0,9,0.5856921076774597,0.2843813300132751,-0.008612441830337
22,0,10,0.5693430304527283,0.2294238060712814,-0.0134982308372855
22,0,11,0.558354914188385,0.1968567371368408,-0.0174204036593437
22,0,12,0.5484859347343445,0.1731360405683517,-0.0199570134282112
22,0,13,0.5624764561653137,0.2963179051876068,-0.0137513354420661
22,0,14,0.5503168106079102,0.242289051413536,-0.0175823401659727
22,0,15,0.5415483713150024,0.2100055068731308,-0.0215875767171382
22,0,16,0.5337383151054382,0.1863539516925811,-0.0243094023317098
22,0,17,0.5430179238319397,0.3116724193096161,-0.0181958470493555
22,0,18,0.533720076084137,0.2681427597999573,-0.0213888771831989
22,0,19,0.5285683274269104,0.2426613867282867,-0.0219495259225368
22,0,20,0.5240551233291626,0.2222239226102829,-0.0218603406101465
22,0,21,0.527637243270874,0.3078970313072204,-0.7495195865631104
22,0,22,0.5539267063140869,0.2646954655647278,-0.711113691329956
22,0,23,0.5536116361618042,0.3444445133209228,-0.6043897271156311
22,1,0,0.0,0.0,0.0
22,1,1,0.0,0.0,0.0
22,1,2,0.0,0.0,0.0
22,1,3,0.0,0.0,0.0
22,1,4,0.0,0.0,0.0
22,1,5,0.0,0.0,0.0
22,1,6,0.0,0.0,0.0
22,1,7,0.0,0.0,0.0
22,1,8,0.0,0.0,0.0
22,1,9,0.0,0.0,0.0
22,1,10,0.0,0.0,0.0
22,1,11,0.0,0.0,0.0
22,1,12,0.0,0.0,0.0
22,1,13,0.0,0.0,0.0
22,1,14,0.0,0.0,0.0
22,1,15,0.0,0.0,0.0
22,1,16,0.0,0.0,0.0
22,1,17,0.0,0.0,0.0
22,1,18,0.0,0.0,0.0
22,1,19,0.0,0.0,0.0
22,1,20,0.0,0.0,0.0
22,1,21,0.527637243270874,0.3078970313072204,-0.7495195865631104
22,1,22,0.4875930249691009,0.2674830555915832,-0.7378103137016296
22,1,23,0.5011276602745056,0.3439013957977295,-0.6403999328613281
26,0,0,0.6037962436676025,0.3880254626274109,1.267871283516797e-07
26,0,1,0.6333590745925903,0.3500408232212066,0.0028049573302268
26,0,2,0.6429580450057983,0.3080537915229797,0.0024052578955888
26,0,3,0.6261380910873413,0.2774675786495209,0.0011329895351082
26,0,4,0.6060919761657715,0.264281153678894,-0.0013548948336392
26,0,5,0.6175649762153625,0.2776233553886413,-0.0036617603618651
26,0,6,0.5947167873382568,0.2297270894050598,-0.0097162649035453
26,0,7,0.580712080001831,0.2046575546264648,-0.0141392089426517
26,0,8,0.5691294074058533,0.1857478618621826,-0.01661460660398
26,0,9,0.5902976393699646,0.2851085364818573,-0.0098553001880645
26,0,10,0.571438729763031,0.2302233427762985,-0.0151972556486725
26,0,11,0.5591604113578796,0.1977246701717376,-0.0195883344858884
26,0,12,0.5486952662467957,0.1741870790719986,-0.0224861335009336
26,0,13,0.5656635761260986,0.2974912822246551,-0.0155818359926342
26,0,14,0.5512673258781433,0.2437320500612259,-0.0198596119880676
26,0,15,0.5417341589927673,0.2109655290842056,-0.024436580017209
26,0,16,0.5335490107536316,0.1869009286165237,-0.0276209097355604
26,0,17,0.54434734582901,0.3133775293827057,-0.020625751465559
26,0,18,0.535528302192688,0.2694340348243713,-0.0238738730549812
26,0,19,0.5301842093467712,0.2441257685422897,-0.024474237114191
26,0,20,0.5248581767082214,0.2236402779817581,-0.024465037509799
26,0,21,0.5324578285217285,0.3113566040992737,-0.7578802704811096
26,0,22,0.5563820600509644,0.2688720226287842,-0.7216248512268066
26,0,23,0.5583643317222595,0.3480399250984192,-0.6169482469558716
26,1,0,0.0,0.0,0.0
26,1,1,0.0,0.0,0.0
26,1,2,0.0,0.0,0.0
26,1,3,0.0,0.0,0.0
26,1,4,0.0,0.0,0.0
26,1,5,0.0,0.0,0.0
26,1,6,0.0,0.0,0.0
26,1,7,0.0,0.0,0.0
26,1,8,0.0,0.0,0.0
26,1,9,0.0,0.0,0.0
26,1,10,0.0,0.0,0.0
26,1,11,0.0,0.0,0.0
26,1,12,0.0,0.0,0.0
26,1,13,0.0,0.0,0.0
26,1,14,0.0,0.0,0.0
26,1,15,0.0,0.0,0.0
26,1,16,0.0,0.0,0.0
26,1,17,0.0,0.0,0.0
26,1,18,0.0,0.0,0.0
26,1,19,0.0,0.0,0.0
26,1,20,0.0,0.0,0.0
26,1,21,0.5324578285217285,0.3113566040992737,-0.7578802704811096
26,1,22,0.4906485974788666,0.2747598886489868,-0.7382709980010986
26,1,23,0.508088231086731,0.3516082763671875,-0.6400964260101318
27,0,0,0.6033060550689697,0.3864137530326843,1.32656069240511e-07
27,0,1,0.633333683013916,0.3497722446918487,0.0015978735173121
27,0,2,0.6424374580383301,0.3072242438793182,0.0012156149605289
27,0,3,0.6249512434005737,0.2758715450763702,0.0006951703107915
27,0,4,0.6045082807540894,0.2640794813632965,-0.0008566869073547
27,0,5,0.6153073310852051,0.2772587835788727,-0.0065074088051915
27,0,6,0.591360867023468,0.2275882363319397,-0.0120099857449531
27,0,7,0.576397716999054,0.2012794613838195,-0.0155263096094131
27,0,8,0.5646328330039978,0.1812990605831146,-0.0173873156309127
27,0,9,0.5875862836837769,0.285397320985794,-0.0111657213419675
27,0,10,0.5677292346954346,0.2291532009840011,-0.0170388668775558
27,0,11,0.5553964972496033,0.1961860358715057,-0.020935796201229
27,0,12,0.5451870560646057,0.1719768345355987,-0.0232353545725345
27,0,13,0.563755452632904,0.2974373400211334,-0.0151509372517466
27,0,14,0.5484582185745239,0.2430334091186523,-0.0195129979401826
27,0,15,0.5386973023414612,0.2093206346035003,-0.0236460417509078
27,0,16,0.5303151607513428,0.1847143769264221,-0.0262398459017276
27,0,17,0.5443761944770813,0.3118413984775543,-0.0185324475169181
27,0,18,0.5343685746192932,0.2662036120891571,-0.0213249884545803
27,0,19,0.5290239453315735,0.2395064234733581,-0.0218402836471796
27,0,20,0.5242403149604797,0.2180722653865814,-0.0216963589191436
27,0,21,0.5271955132484436,0.3151167035102844,-0.6937261819839478
27,0,22,0.5526494383811951,0.2713934779167175,-0.6601666808128357
27,0,23,0.5544514060020447,0.3523702025413513,-0.5565179586410522
27,1,0,0.0,0.0,0.0
27,1,1,0.0,0.0,0.0
27,1,2,0.0,0.0,0.0
27,1,3,0.0,0.0,0.0
27,1,4,0.0,0.0,0.0
27,1,5,0.0,0.0,0.0
27,1,6,0.0,0.0,0.0
27,1,7,0.0,0.0,0.0
27,1,8,0.0,0.0,0.0
27,1,9,0.0,0.0,0.0
27,1,10,0.0,0.0,0.0
27,1,11,0.0,0.0,0.0
27,1,12,0.0,0.0,0.0
27,1,13,0.0,0.0,0.0
27,1,14,0.0,0.0,0.0
27,1,15,0.0,0.0,0.0
27,1,16,0.0,0.0,0.0
27,1,17,0.0,0.0,0.0
27,1,18,0.0,0.0,0.0
27,1,19,0.0,0.0,0.0
27,1,20,0.0,0.0,0.0
27,1,21,0.5271955132484436,0.3151167035102844,-0.6937261819839478
27,1,22,0.4838838577270508,0.2768369913101196,-0.6681029200553894
27,1,23,0.5004044771194458,0.3538091778755188,-0.5670987963676453
29,0,0,0.602368950843811,0.3838968276977539,1.469413462018565e-07
29,0,1,0.6327828764915466,0.3477997779846191,0.0004809222300536
29,0,2,0.641197144985199,0.305569440126419,-0.001235187286511
29,0,3,0.622675359249115,0.2735622525215149,-0.0028552506119012
29,0,4,0.6019070148468018,0.2600400447845459,-0.0055769085884094
29,0,5,0.6155069470405579,0.2787156999111175,-0.0101989824324846
29,0,6,0.5889248847961426,0.2275953590869903,-0.0165972635149955
29,0,7,0.5731545090675354,0.2010006010532379,-0.020292479544878
29,0,8,0.5604020357131958,0.1814739257097244,-0.0220097936689853
29,0,9,0.5873785614967346,0.2874893248081207,-0.0145135950297117
29,0,10,0.5661470293998718,0.2306107580661773,-0.019705656915903
29,0,11,0.5527628660202026,0.1987648904323578,-0.0227175075560808
29,0,12,0.5419241189956665,0.1772243380546569,-0.0245129596441984
29,0,13,0.5629416704177856,0.29983851313591,-0.0180888567119836
29,0,14,0.5480285882949829,0.2443872392177581,-0.0216715168207883
29,0,15,0.5377288460731506,0.2117084264755249,-0.0245541762560606
29,0,16,0.5292539000511169,0.1886517107486724,-0.0266462378203868
29,0,17,0.5425037145614624,0.3143884539604187,-0.0210975613445043
29,0,18,0.5328885316848755,0.2693320214748382,-0.0240923725068569
29,0,19,0.5276432633399963,0.2440562844276428,-0.0238521005958318
29,0,20,0.5228760838508606,0.223666101694107,-0.0230800025165081
29,0,21,0.5189844369888306,0.316766619682312,-0.7862111926078796
29,0,22,0.544359028339386,0.2707748413085937,-0.7526844143867493
29,0,23,0.5458768010139465,0.3513789176940918,-0.6502479910850525
29,1,0,0.0,0.0,0.0
29,1,1,0.0,0.0,0.0
29,1,2,0.0,0.0,0.0
29,1,3,0.0,0.0,0.0
29,1,4,0.0,0.0,0.0
29,1,5,0.0,0.0,0.0
29,1,6,0.0,0.0,0.0
29,1,7,0.0,0.0,0.0
29,1,8,0.0,0.0,0.0
29,1,9,0.0,0.0,0.0
29,1,10,0.0,0.0,0.0
29,1,11,0.0,0.0,0.0
29,1,12,0.0,0.0,0.0
29,1,13,0.0,0.0,0.0
29,1,14,0.0,0.0,0.0
29,1,15,0.0,0.0,0.0
29,1,16,0.0,0.0,0.0
29,1,17,0.0,0.0,0.0
29,1,18,0.0,0.0,0.0
29,1,19,0.0,0.0,0.0
29,1,20,0.0,0.0,0.0
29,1,21,0.5189844369888306,0.316766619682312,-0.7862111926078796
29,1,22,0.4752364158630371,0.2761573195457458,-0.7621080279350281
29,1,23,0.4919136762619018,0.3526933193206787,-0.6606071591377258
39,0,0,0.412674218416214,0.4813802540302276,2.273053638646161e-07
39,0,1,0.4478380680084228,0.4545274078845978,-0.0102087818086147
39,0,2,0.4577940702438354,0.4050483107566833,-0.0101381596177816
39,0,3,0.4524592459201813,0.3677233457565307,-0.0100093707442283
39,0,4,0.4506613314151764,0.3396818935871124,-0.0094915274530649
39,0,5,0.4234916865825653,0.3544768095016479,-0.0018849347252398
39,0,6,0.4201807975769043,0.3063677549362182,-0.0106039019301533
39,0,7,0.4148237109184265,0.2762685120105743,-0.0189410205930471
39,0,8,0.4082657992839813,0.2519742846488952,-0.0246619898825883
39,0,9,0.3983500599861145,0.3532805144786834,-0.0044571831822395
39,0,10,0.3925859034061432,0.2996005415916443,-0.0112638631835579
39,0,11,0.3894922137260437,0.2652977108955383,-0.0183278024196624
39,0,12,0.3862814605236053,0.2378265112638473,-0.022764990106225
39,0,13,0.3765744268894195,0.3611395359039306,-0.009170202538371
39,0,14,0.3685700595378876,0.3094289898872375,-0.0159832164645195
39,0,15,0.3667011260986328,0.2788192927837372,-0.0210454016923904
39,0,16,0.3657267093658447,0.2532134056091308,-0.0241553988307714
39,0,17,0.3563872873783111,0.3787223398685455,-0.0153065593913197
39,0,18,0.3476204574108124,0.3405378758907318,-0.0221579130738973
39,0,19,0.3458662033081054,0.3158234059810638,-0.0241315308958292
39,0,20,0.3462233245372772,0.2943809330463409,-0.0245886296033859
39,0,21,0.486442506313324,0.3083508014678955,-0.8546043634414673
39,0,22,0.522088348865509,0.2615948319435119,-0.8232733607292175
39,0,23,0.5178412199020386,0.3504987359046936,-0.7142718434333801
39,1,0,0.5974550247192383,0.3762112557888031,1.040283450493007e-07
39,1,1,0.6275501847267151,0.3407174050807953,0.002738949842751
39,1,2,0.6365617513656616,0.299642413854599,0.0022999413777142
39,1,3,0.6205378770828247,0.2671806514263153,0.0012862673029303
39,1,4,0.6010611653327942,0.2549062669277191,-0.0010330458171665
39,1,5,0.6087373495101929,0.2701531946659088,-0.0062561435624957
39,1,6,0.5846335291862488,0.2216227501630783,-0.0127849392592906
39,1,7,0.5693361759185791,0.1957183927297592,-0.0171562395989894
39,1,8,0.5567778944969177,0.1769273728132248,-0.0194778218865394
39,1,9,0.5826431512832642,0.2772931158542633,-0.0119587518274784
39,1,10,0.5631001591682434,0.2220551967620849,-0.017620600759983
39,1,11,0.5504769682884216,0.1900791972875595,-0.0213539097458124
39,1,12,0.5398083925247192,0.1678833365440368,-0.0235942341387271
39,1,13,0.5592970252037048,0.2889260351657867,-0.0169514063745737
39,1,14,0.5429267287254333,0.2357951402664184,-0.0211481619626283
39,1,15,0.5324196219444275,0.2036710977554321,-0.0245353169739246
39,1,16,0.5238706469535828,0.1810141801834106,-0.0267893131822347
39,1,17,0.5389732122421265,0.3045124411582947,-0.021288676187396
39,1,18,0.5277647972106934,0.2606621086597442,-0.0243373196572065
39,1,19,0.5216245651245117,0.2357214540243148,-0.0242281984537839
39,1,20,0.5163712501525879,0.2160011529922485,-0.0236007682979106
39,1,21,0.486442506313324,0.3083508014678955,-0.8546043634414673
39,1,22,0.4494170546531677,0.2630606889724731,-0.8246144652366638
39,1,23,0.4545432031154632,0.3577303886413574,-0.7136672735214233
41,0,0,0.4140787422657013,0.4800527691841125,2.68370285994024e-07
41,0,1,0.4534406661987304,0.4552392065525055,-0.0123403957113623
41,0,2,0.4664985239505768,0.4027714729309082,-0.0129790278151631
41,0,3,0.4630357623100281,0.3621177971363067,-0.0128418803215026
41,0,4,0.4617249369621277,0.3313815891742706,-0.0125972982496023
41,0,5,0.4306561350822449,0.3454870581626892,-0.0078549608588218
41,0,6,0.4263470470905304,0.2911481559276581,-0.0183800682425498
41,0,7,0.4208600521087646,0.2576395571231842,-0.0271846912801265
41,0,8,0.414166659116745,0.2310540378093719,-0.0329023860394954
41,0,9,0.4031767547130584,0.3451917469501495,-0.0096969874575734
41,0,10,0.3973100781440735,0.286756157875061,-0.0180471166968345
41,0,11,0.3938910663127899,0.2495792508125305,-0.0257590450346469
41,0,12,0.3910287618637085,0.2205209285020828,-0.0305197909474372
41,0,13,0.3790511190891266,0.3550392687320709,-0.0135969137772917
41,0,14,0.3711163997650146,0.2980372905731201,-0.022285059094429
41,0,15,0.3690423965454101,0.2637926638126373,-0.0286991279572248
41,0,16,0.3686496615409851,0.2357026785612106,-0.0325640626251697
41,0,17,0.3560346364974975,0.3748312592506408,-0.0188408512622118
41,0,18,0.3473615944385528,0.3329225182533264,-0.0280564613640308
41,0,19,0.3461426794528961,0.3053368628025055,-0.03159636631608
41,0,20,0.3477798402309418,0.2811320424079895,-0.0328759476542472
41,0,21,0.4927920997142792,0.3104798793792724,-0.8966776728630066
41,0,22,0.5290679335594177,0.260271668434143,-0.8650153875350952
41,0,23,0.5257559418678284,0.3465794920921325,-0.7596069574356079
41,1,0,0.5990963578224182,0.3749736845493316,1.0361672764247488e-07
41,1,1,0.6269654035568237,0.3381190896034241,0.0029200522694736
41,1,2,0.6347182393074036,0.2971649169921875,0.0023951258044689
41,1,3,0.6200032830238342,0.2666181027889251,0.0009698395733721
41,1,4,0.6004472374916077,0.2538349330425262,-0.0017124721780419
41,1,5,0.6097102761268616,0.267300009727478,-0.0050592320039868
41,1,6,0.5840639472007751,0.2200543731451034,-0.0114228092133998
41,1,7,0.5679993033409119,0.193423718214035,-0.0160025097429752
41,1,8,0.5541374087333679,0.1738530099391937,-0.0186532661318779
41,1,9,0.5843223929405212,0.2742375433444977,-0.0115001825615763
41,1,10,0.5625755190849304,0.2204133868217468,-0.0168535783886909
41,1,11,0.5482181906700134,0.1883178800344467,-0.0211411919444799
41,1,12,0.5358560085296631,0.1659125685691833,-0.0239785574376583
41,1,13,0.5607367753982544,0.2862607538700104,-0.0172988921403884
41,1,14,0.5438506603240967,0.2333614528179168,-0.0213068090379238
41,1,15,0.5320929288864136,0.2013075500726699,-0.0253986865282058
41,1,16,0.5222217440605164,0.1786071062088012,-0.0283033307641744
41,1,17,0.5394459366798401,0.302076905965805,-0.022463696077466
41,1,18,0.5271519422531128,0.259855568408966,-0.0261071119457483
41,1,19,0.5194444060325623,0.2348587810993194,-0.0268494561314582
41,1,20,0.5127779245376587,0.2149481177330017,-0.0267590805888175
41,1,21,0.4927920997142792,0.3104798793792724,-0.8966776728630066
41,1,22,0.4610202312469482,0.2659340500831604,-0.8594256043434143
41,1,23,0.4711915552616119,0.3579583764076233,-0.7482685446739197
54,0,0,0.3882925808429718,0.5572485327720642,4.255632291005895e-07
54,0,1,0.4349857866764068,0.5297085642814636,-0.0291369780898094
54,0,2,0.4603972434997558,0.468478798866272,-0.0419935807585716
54,0,3,0.462978720664978,0.4130906760692596,-0.0517028532922267
54,0,4,0.4681456685066223,0.3680414855480194,-0.0611697174608707
54,0,5,0.4245819747447967,0.388538509607315,-0.0315863713622093
54,0,6,0.4200676083564758,0.3157783448696136,-0.054663922637701
54,0,7,0.4145598411560058,0.2696835398674011,-0.0713368877768516
54,0,8,0.4080818593502044,0.2310070395469665,-0.0823733583092689
54,0,9,0.3882342278957367,0.3882267773151397,-0.0325385183095932
54,0,10,0.3836874067783355,0.3070749640464782,-0.0531010851263999
54,0,11,0.3824268281459808,0.2552133798599243,-0.0676761716604232
54,0,12,0.3822014927864074,0.2130384892225265,-0.0766891092061996
54,0,13,0.3547012507915497,0.402409940958023,-0.0369190722703933
54,0,14,0.3482374846935272,0.3228752911090851,-0.0577013529837131
54,0,15,0.3489307761192322,0.2745683193206787,-0.0694172009825706
54,0,16,0.3522244095802307,0.2335700690746307,-0.0758551880717277
54,0,17,0.3214827179908752,0.4292623996734619,-0.0436889417469501
54,0,18,0.3129944205284118,0.369575560092926,-0.0649050325155258
54,0,19,0.3130344748497009,0.3318972587585449,-0.0738039091229438
54,0,20,0.3166131377220154,0.2972086071968078,-0.0776403099298477
54,0,21,0.4984687268733978,0.2932679653167724,-0.7582285404205322
54,0,22,0.5345057845115662,0.2441103458404541,-0.7231617569923401
54,0,23,0.5346752405166626,0.3301177024841308,-0.6223468780517578
54,1,0,0.6087952852249146,0.3806532621383667,1.006504390943519e-07
54,1,1,0.6345393061637878,0.3351299464702606,0.0073946141637861
54,1,2,0.6390534043312073,0.2933376133441925,0.0082216439768671
54,1,3,0.6194475293159485,0.2632793486118316,0.0069194436073303
54,1,4,0.5971251130104065,0.2509593963623047,0.0040273214690387
54,1,5,0.6147434711456299,0.2651492357254028,0.0019674501381814
54,1,6,0.585088849067688,0.2142859399318695,-0.0031625567935407
54,1,7,0.5682239532470703,0.1887149810791015,-0.0073465947061777
54,1,8,0.5552316904067993,0.1690699756145477,-0.0096953557804226
54,1,9,0.5876114368438721,0.2743657529354095,-0.0061378236860036
54,1,10,0.5641482472419739,0.2172371745109558,-0.00905058439821
54,1,11,0.5505884885787964,0.1862951815128326,-0.0123810525983572
54,1,12,0.5402759909629822,0.1641134023666381,-0.0151192406192421
54,1,13,0.5636487603187561,0.2881753146648407,-0.0136324549093842
54,1,14,0.5464416742324829,0.2324760854244232,-0.0152401458472013
54,1,15,0.5351108312606812,0.2014212161302566,-0.0175432655960321
54,1,16,0.5269461870193481,0.1790881752967834,-0.0198664236813783
54,1,17,0.5427379012107849,0.3048516511917114,-0.0203573927283287
54,1,18,0.5311373472213745,0.2600492238998413,-0.0213449224829673
54,1,19,0.5252982974052429,0.2348116040229797,-0.0200313553214073
54,1,20,0.5206009745597839,0.2138297259807586,-0.0190292801707983
54,1,21,0.4984687268733978,0.2932679653167724,-0.7582285404205322
54,1,22,0.4660621881484985,0.2529569268226623,-0.7082979083061218
54,1,23,0.4745879471302032,0.3356733918190002,-0.5991018414497375
58,0,0,0.3860733211040497,0.5572625994682312,3.871892317874881e-07
58,0,1,0.4332517087459564,0.5297742486000061,-0.0279837157577276
58,0,2,0.4584562182426452,0.4696167707443237,-0.0399700999259948
58,0,3,0.459529846906662,0.4158079624176025,-0.0489968247711658
58,0,4,0.4633080661296844,0.3716624975204468,-0.0581206306815147
58,0,5,0.4228191971778869,0.3880029320716858,-0.0306753870099782
58,0,6,0.4184271395206451,0.3163425326347351,-0.0534225516021251
58,0,7,0.4128406941890716,0.2707144021987915,-0.070628598332405
58,0,8,0.4068033397197723,0.2320532649755478,-0.082122802734375
58,0,9,0.3873598575592041,0.3885892033576965,-0.0318900570273399
58,0,10,0.381827175617218,0.3069715499877929,-0.0521942600607872
58,0,11,0.3799229860305786,0.2543714344501495,-0.0676899403333664
58,0,12,0.3794488608837127,0.2121394723653793,-0.0776359289884567
58,0,13,0.3552594482898712,0.4032236337661743,-0.0362809970974922
58,0,14,0.3484518229961395,0.3246828913688659,-0.0565354973077774
58,0,15,0.3480890095233917,0.2746645212173462,-0.0690319389104843
58,0,16,0.3504718542098999,0.233192965388298,-0.0761624202132225
58,0,17,0.3234977126121521,0.43021360039711,-0.0429951436817646
58,0,18,0.3156899213790893,0.3702288269996643,-0.0637034475803375
58,0,19,0.3153138756752014,0.3315249979496002,-0.0728204771876335
58,0,20,0.3181061744689941,0.2965185046195984,-0.0769139602780342
58,0,21,0.4897261559963226,0.3057507276535034,-0.760467529296875
58,0,22,0.5267089605331421,0.2575051188468933,-0.739926815032959
58,0,23,0.527253270149231,0.339992344379425,-0.6355096697807312
58,1,0,0.6063494086265564,0.379497081041336,1.0708540543191702e-07
58,1,1,0.6319049596786499,0.3354395031929016,0.0061816307716071
58,1,2,0.6367215514183044,0.2931146919727325,0.0063887177966535
58,1,3,0.616813063621521,0.2630028426647186,0.0047213328070938
58,1,4,0.5946839451789856,0.2505103647708893,0.0014423344982787
58,1,5,0.6131725907325745,0.2660960257053375,-0.0011243409244343
58,1,6,0.5859008431434631,0.2158686071634292,-0.0072577148675918
58,1,7,0.5699669122695923,0.189924269914627,-0.011903703212738
58,1,8,0.5565885305404663,0.1703575253486633,-0.014504849910736
58,1,9,0.5872199535369873,0.2741208374500274,-0.0088312495499849
58,1,10,0.5658605098724365,0.2186866402626037,-0.0124377803876996
58,1,11,0.5527014136314392,0.1874050199985504,-0.0160240810364484
58,1,12,0.5414823293685913,0.1649152189493179,-0.0190161168575286
58,1,13,0.5635861754417419,0.2870887219905853,-0.0159212388098239
58,1,14,0.5469735860824585,0.234017014503479,-0.01798552647233
58,1,15,0.5356060266494751,0.2030003368854522,-0.0210354663431644
58,1,16,0.5264722108840942,0.1806497126817703,-0.0239782091230154
58,1,17,0.5419369339942932,0.3035507500171661,-0.022285783663392
58,1,18,0.5305479764938354,0.260600745677948,-0.0238205324858427
58,1,19,0.5235742330551147,0.236127883195877,-0.0232033841311931
58,1,20,0.5168283581733704,0.2161953747272491,-0.0227518659085035
58,1,21,0.4897261559963226,0.3057507276535034,-0.760467529296875
58,1,22,0.4597128629684448,0.2601802349090576,-0.7158888578414917
58,1,23,0.4660148322582245,0.3424860835075378,-0.6003714203834534
62,0,0,0.3859173357486725,0.5578193664550781,3.992809070041403e-07
62,0,1,0.4314674139022827,0.5311480164527893,-0.0282515846192836
62,0,2,0.4564010202884674,0.4713062047958374,-0.0407587178051471
62,0,3,0.4579969346523285,0.4169012010097503,-0.0500669293105602
62,0,4,0.4599889814853668,0.3724499046802521,-0.0594564415514469
62,0,5,0.4191272854804992,0.3910880982875824,-0.0326808951795101
62,0,6,0.4144167304039001,0.3190771043300628,-0.055752545595169
62,0,7,0.4079575836658478,0.2733773589134216,-0.0730393826961517
62,0,8,0.4010464251041412,0.2348649501800537,-0.0842653289437294
62,0,9,0.3817586898803711,0.3918240666389465,-0.0332394130527973
62,0,10,0.3759166002273559,0.3107991814613342,-0.0533332265913486
62,0,11,0.3734098970890045,0.2589016258716583,-0.0680134892463684
62,0,12,0.3726538419723511,0.2172348499298095,-0.0772973820567131
62,0,13,0.3483975529670715,0.4060601890087127,-0.0368040725588798
62,0,14,0.3424702882766723,0.3283552527427673,-0.0558902807533741
62,0,15,0.3421907424926758,0.2782858610153198,-0.066889576613903
62,0,16,0.344625174999237,0.2370060682296753,-0.0730243399739265
62,0,17,0.31641885638237,0.4321798682212829,-0.0427701137959957
62,0,18,0.3093692362308502,0.3710198402404785,-0.0616945698857307
62,0,19,0.308880090713501,0.3322585225105285,-0.0692063122987747
62,0,20,0.3112506568431854,0.2976669669151306,-0.0721073001623153
62,0,21,0.4965741038322449,0.2971606254577636,-0.8141751885414124
62,0,22,0.5287936329841614,0.2501208782196045,-0.785692036151886
62,0,23,0.5324795246124268,0.3342108130455017,-0.6847244501113892
62,1,0,0.6024904847145081,0.3838955461978912,4.584277846220176e-08
62,1,1,0.6272469758987427,0.3423230051994324,0.0079054040834307
62,1,2,0.6343114376068115,0.2989893853664398,0.0094594536349177
62,1,3,0.6201616525650024,0.2652872502803802,0.0091746123507618
62,1,4,0.6019208431243896,0.2482547312974929,0.007059137802571
62,1,5,0.6118916869163513,0.2689564228057861,0.0001792683615349
62,1,6,0.5858475565910339,0.2192035615444183,-0.0050944536924362
62,1,7,0.570393443107605,0.1936878114938736,-0.009211465716362
62,1,8,0.5579670071601868,0.1741631627082824,-0.0116257555782794
62,1,9,0.5877525806427002,0.27670818567276,-0.008226933889091
62,1,10,0.5654988884925842,0.2211632579565048,-0.0116596752777695
62,1,11,0.5517967343330383,0.1906541585922241,-0.0150891002267599
62,1,12,0.5404658317565918,0.1684079617261886,-0.018025180324912
62,1,13,0.5649325847625732,0.2897514998912811,-0.0157987456768751
62,1,14,0.546906590461731,0.2355401217937469,-0.0184661466628313
62,1,15,0.5352180004119873,0.2039833962917328,-0.0212189704179763
62,1,16,0.5260623097419739,0.1804432868957519,-0.0239874199032783
62,1,17,0.5430753231048584,0.3064879179000854,-0.0223793908953666
62,1,18,0.5299492478370667,0.2621197402477264,-0.0248149782419204
62,1,19,0.5234374403953552,0.2373495101928711,-0.0242114346474409
62,1,20,0.517691969871521,0.2168193608522415,-0.0237623807042837
62,1,21,0.4965741038322449,0.2971606254577636,-0.8141751885414124
62,1,22,0.462413877248764,0.2590295076370239,-0.7734600305557251
62,1,23,0.4732000231742859,0.3350691199302673,-0.6671789288520813
63,0,0,0.3870795965194702,0.5614814162254333,4.209938140320446e-07
63,0,1,0.4320049583911896,0.533158004283905,-0.0302013680338859
63,0,2,0.4559926986694336,0.4734469056129455,-0.0434739030897617
63,0,3,0.4562058448791504,0.4195191264152527,-0.0533701851963996
63,0,4,0.4600136280059814,0.3749593198299408,-0.0631302967667579
63,0,5,0.4159822463989258,0.3933320045471191,-0.0330935008823871
63,0,6,0.412173181772232,0.3216029405593872,-0.0566176585853099
63,0,7,0.4071013927459717,0.2759732007980346,-0.0739801600575447
63,0,8,0.4013475775718689,0.2374439090490341,-0.0853910073637962
63,0,9,0.3793267011642456,0.3937845528125763,-0.0334265977144241
63,0,10,0.374155044555664,0.3130601048469543,-0.0545444600284099
63,0,11,0.3725722432136535,0.260425716638565,-0.0698729753494262
63,0,12,0.3722792863845825,0.2179141789674759,-0.0795060321688652
63,0,13,0.3466395437717438,0.4085376560688019,-0.0371085219085216
63,0,14,0.3397530019283294,0.3306021690368652,-0.0579061545431613
63,0,15,0.3397015631198883,0.2808775901794433,-0.0701416954398155
63,0,16,0.3425337970256805,0.2390700131654739,-0.076926939189434
63,0,17,0.3150847852230072,0.4356379210948944,-0.0433087199926376
63,0,18,0.3070977926254272,0.3756558001041412,-0.0642851591110229
63,0,19,0.3069133162498474,0.3371217250823974,-0.0733755454421043
63,0,20,0.3099527657032013,0.3020289242267608,-0.0773177295923233
63,0,21,0.4923454821109772,0.3000122308731079,-0.924214780330658
63,0,22,0.5277812480926514,0.2510351538658142,-0.8999590873718262
63,0,23,0.5304349660873413,0.3362054824829101,-0.7930898666381836
63,1,0,0.6029067635536194,0.3842053115367889,7.769443755023532e-08
63,1,1,0.6293273568153381,0.3418948650360107,0.0071916445158421
63,1,2,0.6333039402961731,0.2982032597064972,0.0083923805505037
63,1,3,0.6162852644920349,0.2663635015487671,0.007909377105534
63,1,4,0.5971254706382751,0.2518929243087768,0.0057185101322829
63,1,5,0.6106093525886536,0.2692455947399139,-0.002195153851062
63,1,6,0.5820744633674622,0.2177278995513916,-0.0077447504736483
63,1,7,0.5656594634056091,0.1914121657609939,-0.0116249369457364
63,1,8,0.5522881150245667,0.1710848957300186,-0.013773956336081
63,1,9,0.5847302675247192,0.2788628041744232,-0.0099475253373384
63,1,10,0.5622441172599792,0.2219524681568145,-0.0140451602637767
63,1,11,0.5483394861221313,0.1907627880573272,-0.0172386448830366
63,1,12,0.5369246602058411,0.167912483215332,-0.0198159459978342
63,1,13,0.5612457990646362,0.2926821112632751,-0.0168103370815515
63,1,14,0.5438104867935181,0.2381634414196014,-0.0195063687860965
63,1,15,0.5324490070343018,0.2056145071983337,-0.0222436841577291
63,1,16,0.523582398891449,0.1814352422952652,-0.0248259790241718
63,1,17,0.5404638648033142,0.3091435432434082,-0.0227452032268047
63,1,18,0.5288300514221191,0.2642847299575805,-0.0243605766445398
63,1,19,0.5228404402732849,0.2390186637639999,-0.0234898924827575
63,1,20,0.5174742937088013,0.2184645235538482,-0.0229316689074039
63,1,21,0.4923454821109772,0.3000122308731079,-0.924214780330658
63,1,22,0.4616506993770599,0.2615607976913452,-0.8807994723320007
63,1,23,0.470714658498764,0.3399380445480346,-0.764756977558136
66,0,0,0.3775670528411865,0.5657311677932739,4.254795555880264e-07
66,0,1,0.4240468442440033,0.5384171009063721,-0.0304234568029642
66,0,2,0.4504027068614959,0.478738009929657,-0.0435301475226879
66,0,3,0.4526826441287994,0.4237889051437378,-0.0530919283628463
66,0,4,0.4561547040939331,0.378534585237503,-0.0622403174638748
66,0,5,0.4125861227512359,0.3988559246063232,-0.0333136282861232
66,0,6,0.4087552428245544,0.3266578316688537,-0.0564922839403152
66,0,7,0.4035544693470001,0.280690848827362,-0.0731089860200882
66,0,8,0.3974151909351349,0.2423215806484222,-0.0839078426361084
66,0,9,0.3753266930580139,0.3978558480739593,-0.0334362164139747
66,0,10,0.3712016344070434,0.317347377538681,-0.0543473698198795
66,0,11,0.3703885674476623,0.2647466659545898,-0.0690306276082992
66,0,12,0.3705419301986694,0.2224105149507522,-0.0780156478285789
66,0,13,0.3416042625904083,0.4111146926879883,-0.0369436629116535
66,0,14,0.3359028100967407,0.3332586884498596,-0.0575022101402282
66,0,15,0.3372829854488373,0.2845311164855957,-0.0691754072904586
66,0,16,0.3411316573619842,0.2436200827360153,-0.0755610391497612
66,0,17,0.3087237477302551,0.4369015097618103,-0.04297811165452
66,0,18,0.3010099530220032,0.3779396712779999,-0.0637204498052597
66,0,19,0.3016643524169922,0.3402371406555176,-0.0723620504140853
66,0,20,0.3056376874446869,0.3059161901473999,-0.0759817734360694
66,0,21,0.4980072677135467,0.2969545125961303,-0.7627049088478088
66,0,22,0.531286358833313,0.2484474182128906,-0.7331485748291016
66,0,23,0.5325714945793152,0.3316226601600647,-0.6359278559684753
66,1,0,0.603554904460907,0.3883334696292877,3.1928426125205085e-08
66,1,1,0.630344808101654,0.3410184681415558,0.0100685432553291
66,1,2,0.6343228816986084,0.2962320446968078,0.0126719744876027
66,1,3,0.6169266104698181,0.2628023624420166,0.0129351504147052
66,1,4,0.5982243418693542,0.2464993745088577,0.01138761267066
66,1,5,0.6110851168632507,0.2695538401603699,0.0020651002414524
66,1,6,0.5817438364028931,0.217610090970993,-0.0026093416381627
66,1,7,0.5658828020095825,0.1909892559051513,-0.0058784834109246
66,1,8,0.5537801384925842,0.1696869432926178,-0.0077070174738764
66,1,9,0.5854817032814026,0.2791268527507782,-0.0069638132117688
66,1,10,0.5613518953323364,0.2217981815338134,-0.0106309745460748
66,1,11,0.5472872257232666,0.1914236396551132,-0.01340820081532
66,1,12,0.5369555950164795,0.1688019335269928,-0.015593696385622
66,1,13,0.5618267059326172,0.2930774092674255,-0.0149642471224069
66,1,14,0.5437986850738525,0.2377886176109314,-0.0172298438847064
66,1,15,0.5322186350822449,0.2062227725982666,-0.0189717393368482
66,1,16,0.5239346027374268,0.1821761131286621,-0.0208420287817716
66,1,17,0.5403410196304321,0.3100758790969848,-0.0218734852969646
66,1,18,0.5288702845573425,0.2654941082000732,-0.0228896420449018
66,1,19,0.5227805376052856,0.2402171045541763,-0.0212577134370803
66,1,20,0.5175284743309021,0.2189891338348388,-0.0200687944889068
66,1,21,0.4980072677135467,0.2969545125961303,-0.7627049088478088
66,1,22,0.4657267332077026,0.260911762714386,-0.7166893482208252
66,1,23,0.4781046211719513,0.3353102803230285,-0.6111774444580078
77,0,0,0.381130963563919,0.5702382326126099,4.261499952917802e-07
77,0,1,0.4257681667804718,0.5407951474189758,-0.0289768893271684
77,0,2,0.4480748474597931,0.4814389646053314,-0.0423013865947723
77,0,3,0.4504073858261108,0.4281416535377502,-0.0527525655925273
77,0,4,0.4540821015834808,0.3829801678657532,-0.0630194693803787
77,0,5,0.4125406444072723,0.4045096039772033,-0.0321520790457725
77,0,6,0.4086280465126037,0.3326345086097717,-0.0559137240052223
77,0,7,0.4036480784416199,0.2870672345161438,-0.0732668712735176
77,0,8,0.39687579870224,0.2483192384243011,-0.0846141576766967
77,0,9,0.3760950863361358,0.4047344326972961,-0.0336826965212821
77,0,10,0.3719883561134338,0.324246883392334,-0.0547182150185108
77,0,11,0.3707042634487152,0.2717471718788147,-0.0696593448519706
77,0,12,0.3694349527359009,0.2291192412376403,-0.078920729458332
77,0,13,0.3423245549201965,0.419336587190628,-0.0386322140693664
77,0,14,0.3354014456272125,0.3414630591869354,-0.0593864507973194
77,0,15,0.335594117641449,0.2918798923492431,-0.0712763369083404
77,0,16,0.3378808200359344,0.2497798949480056,-0.0778781697154045
77,0,17,0.3091871738433838,0.4460533857345581,-0.0460233725607395
77,0,18,0.3013076186180115,0.3865476548671722,-0.0669039785861969
77,0,19,0.3012659847736358,0.3481558859348297,-0.0756136700510978
77,0,20,0.3039954006671905,0.3132548332214355,-0.0794247910380363
77,0,21,0.4938395023345947,0.2972208261489868,-0.6104182004928589
77,0,22,0.5281068682670593,0.2492244243621826,-0.5792459845542908
77,0,23,0.5290632247924805,0.3318983316421509,-0.4948652386665344
77,1,0,0.6054345369338989,0.3884873688220978,7.427399140169656e-08
77,1,1,0.6336073875427246,0.3434441983699798,0.0084212254732847
77,1,2,0.638777494430542,0.3002398312091827,0.0105774151161313
77,1,3,0.6197778582572937,0.2684128284454345,0.0107452645897865
77,1,4,0.599435031414032,0.2543123364448547,0.0092511167749762
77,1,5,0.6115902662277222,0.2706736028194427,0.0023600354325026
77,1,6,0.583059549331665,0.2187699675559997,-0.0018899303395301
77,1,7,0.5671094059944153,0.1923679262399673,-0.0052518635056912
77,1,8,0.5545572638511658,0.1715030670166015,-0.007094731554389
77,1,9,0.5850645899772644,0.2801657617092132,-0.005493416916579
77,1,10,0.5622490644454956,0.222783625125885,-0.0076414500363171
77,1,11,0.54869145154953,0.192330464720726,-0.0104079972952604
77,1,12,0.5384520292282104,0.170219600200653,-0.0128624532371759
77,1,13,0.5616704225540161,0.2943378686904907,-0.0125146694481372
77,1,14,0.5443453192710876,0.2403197884559631,-0.0131976641714572
77,1,15,0.53303062915802,0.2089312374591827,-0.0152817079797387
77,1,16,0.525209367275238,0.186074361205101,-0.0177276153117418
77,1,17,0.541382372379303,0.3109259903430938,-0.0186629071831703
77,1,18,0.5286530256271362,0.2677460610866546,-0.018470287322998
77,1,19,0.5225593447685242,0.243180364370346,-0.0168601255863904
77,1,20,0.5181314945220947,0.2229915112257003,-0.0158873703330755
77,1,21,0.4938395023345947,0.2972208261489868,-0.6104182004928589
77,1,22,0.4617699384689331,0.2620971202850342,-0.5616788864135742
77,1,23,0.473786324262619,0.3367193341255188,-0.4691897928714752
81,0,0,0.3772253692150116,0.5680067539215088,4.470889791718946e-07
81,0,1,0.4247601926326751,0.5387697815895081,-0.029776906594634
81,0,2,0.4482769072055816,0.4807996451854706,-0.0438240393996238
81,0,3,0.4497438073158264,0.4279409348964691,-0.0548966340720653
81,0,4,0.4542074203491211,0.3834229111671448,-0.0657039284706115
81,0,5,0.4118091762065887,0.4039827585220337,-0.0335470475256443
81,0,6,0.4091233313083648,0.331176221370697,-0.057940449565649
81,0,7,0.4041751325130462,0.2856897711753845,-0.0753654167056083
81,0,8,0.3973838090896606,0.2471334934234619,-0.0866034403443336
81,0,9,0.3749969005584717,0.4036747515201568,-0.0346842221915721
81,0,10,0.3726245462894439,0.3227615058422088,-0.0564035549759864
81,0,11,0.3720467090606689,0.2701252400875091,-0.0713514387607574
81,0,12,0.3715702593326568,0.2275307774543762,-0.0803032889962196
81,0,13,0.3411160409450531,0.4176921546459198,-0.0392749086022377
81,0,14,0.3348276913166046,0.3387307524681091,-0.0605609565973281
81,0,15,0.3359777927398681,0.2894327640533447,-0.0722348988056182
81,0,16,0.3395411670207977,0.2478801012039184,-0.0784020498394966
81,0,17,0.3081645965576172,0.4441632330417633,-0.0463307537138462
81,0,18,0.3003222346305847,0.3849491477012634,-0.067471258342266
81,0,19,0.3009335994720459,0.3466214835643768,-0.0760816186666488
81,0,20,0.3047525286674499,0.3117913603782654,-0.0796179249882698
81,0,21,0.5076839923858643,0.3026140928268432,-0.6915596723556519
81,0,22,0.5416092872619629,0.2532423734664917,-0.6577340960502625
81,0,23,0.5385553240776062,0.3380247950553894,-0.5622581243515015
81,1,0,0.603324830532074,0.3885848522186279,1.0869646160927005e-07
81,1,1,0.6327193975448608,0.3441688120365143,0.0046937372535467
81,1,2,0.63860023021698,0.2996056675910949,0.0053934906609356
81,1,3,0.6199166774749756,0.2660157084465027,0.0052477186545729
81,1,4,0.5999115109443665,0.249919056892395,0.003750902833417
81,1,5,0.6114962100982666,0.2729818224906921,-0.0035083326511085
81,1,6,0.5841798186302185,0.2208719402551651,-0.0081333750858902
81,1,7,0.568649411201477,0.1943876445293426,-0.0112431235611438
81,1,8,0.5567736625671387,0.1734081953763961,-0.012840487062931
81,1,9,0.5835158228874207,0.2825929820537567,-0.0093408580869436
81,1,10,0.5624638199806213,0.2238040268421173,-0.013020671904087
81,1,11,0.5500046014785767,0.1918191909790039,-0.0158397760242223
81,1,12,0.540535569190979,0.1687773615121841,-0.0178305897861719
81,1,13,0.5594051480293274,0.2961051762104034,-0.0143309375271201
81,1,14,0.5429790616035461,0.2409227788448333,-0.0163907278329134
81,1,15,0.5323585867881775,0.2072242796421051,-0.0191779769957065
81,1,16,0.5246732234954834,0.1826554834842682,-0.021597184240818
81,1,17,0.5395893454551697,0.3114490807056427,-0.0185896065086126
81,1,18,0.5295124650001526,0.2666384875774383,-0.0189392920583486
81,1,19,0.5246025919914246,0.2412261664867401,-0.0176730155944824
81,1,20,0.5208550095558167,0.2208179384469986,-0.0167882721871137
81,1,21,0.5076839923858643,0.3026140928268432,-0.6915596723556519
81,1,22,0.4736093580722809,0.2635043859481811,-0.6458130478858948
81,1,23,0.4828031659126282,0.3421435356140136,-0.5439091920852661
83,0,0,0.3762221932411194,0.5664417743682861,4.435277674019744e-07
83,0,1,0.4225874245166778,0.5407903790473938,-0.030583469197154
83,0,2,0.4466744661331177,0.483068972826004,-0.044918056577444
83,0,3,0.4490285515785217,0.4293248355388641,-0.0558562688529491
83,0,4,0.4541478157043457,0.3846935629844665,-0.0665260478854179
83,0,5,0.411388486623764,0.4049717783927917,-0.0351962447166442
83,0,6,0.4081350862979889,0.3332115411758423,-0.059729054570198
83,0,7,0.4029176831245422,0.2872222065925598,-0.0773899406194686
83,0,8,0.396061897277832,0.2484529763460159,-0.08877694606781
83,0,9,0.3742865920066833,0.4042625427246094,-0.0356967560946941
83,0,10,0.3706311881542206,0.3235775530338287,-0.0578309968113899
83,0,11,0.3694497346878052,0.270477294921875,-0.0732306763529777
83,0,12,0.3684322535991668,0.2278290688991546,-0.0826328843832016
83,0,13,0.3400090634822845,0.4176547229290008,-0.0394711345434188
83,0,14,0.3340817093849182,0.340030312538147,-0.0607285946607589
83,0,15,0.3344934582710266,0.2910868525505066,-0.0725026354193687
83,0,16,0.3369895219802856,0.2501277923583984,-0.0788054540753364
83,0,17,0.3067022860050201,0.4431406259536743,-0.0457231849431991
83,0,18,0.2998620867729187,0.3836519122123718,-0.0665471851825714
83,0,19,0.3005232214927673,0.3459475040435791,-0.07492446154356
83,0,20,0.3042455613613128,0.3119254112243652,-0.0782937258481979
83,0,21,0.5037857294082642,0.3002772927284241,-0.6832228899002075
83,0,22,0.5389842391014099,0.2499929070472717,-0.6480217576026917
83,0,23,0.5368310809135437,0.3369162678718567,-0.5580676794052124
83,1,0,0.6002065539360046,0.389210045337677,8.610637536321519e-08
83,1,1,0.6296736598014832,0.3464674353599548,0.0078686149790883
83,1,2,0.6365089416503906,0.3020230233669281,0.010280174203217
83,1,3,0.6213868856430054,0.2672213017940521,0.0111015178263187
83,1,4,0.6040667295455933,0.2501674294471741,0.0106955273076891
83,1,5,0.6112251281738281,0.2731975615024566,0.001423175795935
83,1,6,0.585140585899353,0.2206216156482696,-0.002434387570247
83,1,7,0.5704060792922974,0.193650871515274,-0.0049440814182162
83,1,8,0.5589175820350647,0.1728370785713195,-0.0059815482236444
83,1,9,0.5854963660240173,0.2811705768108368,-0.0054658083245158
83,1,10,0.5643911361694336,0.2219518721103668,-0.0080191828310489
83,1,11,0.5521994829177856,0.1899483799934387,-0.0101073654368519
83,1,12,0.5426331162452698,0.1674403101205825,-0.0115761393681168
83,1,13,0.5622784495353699,0.2932058572769165,-0.0114349517971277
83,1,14,0.5449473857879639,0.2377934455871582,-0.0124391093850135
83,1,15,0.5339961051940918,0.2056751549243927,-0.0141581697389483
83,1,16,0.5259860157966614,0.182862639427185,-0.0158467311412096
83,1,17,0.5414314866065979,0.3080950975418091,-0.0165556259453296
83,1,18,0.52989661693573,0.26359823346138,-0.0161183755844831
83,1,19,0.5239371657371521,0.2391477823257446,-0.0142531460151076
83,1,20,0.5189774632453918,0.2201512157917022,-0.0128464857116341
83,1,21,0.5037857294082642,0.3002772927284241,-0.6832228899002075
83,1,22,0.4704836308956146,0.261015236377716,-0.6335625648498535
83,1,23,0.4797050654888153,0.3425529599189758,-0.5359827876091003
86,0,0,0.375074028968811,0.5691858530044556,4.270514750714938e-07
86,0,1,0.4214551448822021,0.5412516593933105,-0.029493048787117
86,0,2,0.4434468746185303,0.4828773140907287,-0.0438889190554618
86,0,3,0.4469787776470184,0.4296155273914337,-0.0551330856978893
86,0,4,0.4516612589359283,0.3841578364372253,-0.066383771598339
86,0,5,0.4095370471477508,0.4069936275482178,-0.0358876660466194
86,0,6,0.40596604347229,0.3340398967266083,-0.0609123706817626
86,0,7,0.4003108739852905,0.2880280613899231,-0.0786655694246292
86,0,8,0.3932837545871734,0.2488610297441482,-0.0902026295661926
86,0,9,0.3729224503040313,0.4072269797325134,-0.0372214168310165
86,0,10,0.3683502674102783,0.3257154822349548,-0.0602542199194431
86,0,11,0.366379827260971,0.2723551392555237,-0.076297752559185
86,0,12,0.3649763464927673,0.2292408049106598,-0.0863753333687782
86,0,13,0.3388046324253082,0.4217467010021209,-0.0416536182165145
86,0,14,0.3327546119689941,0.342752605676651,-0.0638742595911026
86,0,15,0.332487553358078,0.2927592992782593,-0.0765224769711494
86,0,16,0.3339419662952423,0.2509250938892364,-0.0835502296686172
86,0,17,0.3057199418544769,0.4481543302536011,-0.0483510307967662
86,0,18,0.2986509501934051,0.3879545629024505,-0.0704971849918365
86,0,19,0.2990559935569763,0.3491039574146271,-0.0800212547183036
86,0,20,0.3014477491378784,0.3138295412063598,-0.0843024849891662
86,0,21,0.5011465549468994,0.3092499375343323,-0.6490520238876343
86,0,22,0.5317507386207581,0.2598844766616821,-0.6197951436042786
86,0,23,0.5337664484977722,0.3427266478538513,-0.5269051790237427
86,1,0,0.6018540859222412,0.3876281678676605,8.949935903501682e-08
86,1,1,0.6301145553588867,0.3456259667873382,0.0069777555763721
86,1,2,0.6376277208328247,0.3024164140224457,0.0088756578043103
86,1,3,0.6212912797927856,0.2693610787391662,0.0092136682942509
86,1,4,0.6012837886810303,0.2546142637729645,0.0080308327451348
86,1,5,0.6116052865982056,0.2715785801410675,0.0011319715995341
86,1,6,0.5854545831680298,0.2204253226518631,-0.0032293463591486
86,1,7,0.5698477029800415,0.1942024827003479,-0.006689831148833
86,1,8,0.5576142072677612,0.1738379448652267,-0.0085523892194032
86,1,9,0.5853447914123535,0.2793745696544647,-0.0058403592556715
86,1,10,0.5655530095100403,0.2222569435834884,-0.0085078487172722
86,1,11,0.5532732605934143,0.1911991238594055,-0.0112266074866056
86,1,12,0.543188214302063,0.1688966900110244,-0.013374033384025
86,1,13,0.5619013905525208,0.2921267747879028,-0.0120863132178783
86,1,14,0.5459756851196289,0.2378325164318084,-0.0136006046086549
86,1,15,0.5354593992233276,0.2055718451738357,-0.0160048101097345
86,1,16,0.5274566411972046,0.1819676458835601,-0.0183129627257585
86,1,17,0.5411971807479858,0.3082234859466553,-0.017523119226098
86,1,18,0.5305119156837463,0.2635239958763122,-0.0178200677037239
86,1,19,0.5249778628349304,0.2393363267183303,-0.0161536168307065
86,1,20,0.5202133059501648,0.220210388302803,-0.0149908298626542
86,1,21,0.5011465549468994,0.3092499375343323,-0.6490520238876343
86,1,22,0.4655370116233825,0.2729377746582031,-0.6033510565757751
86,1,23,0.4799602031707763,0.3471922278404236,-0.5029157996177673
87,0,0,0.3769553601741791,0.5700788497924805,4.221978713303545e-07
87,0,1,0.4214966595172882,0.5417702794075012,-0.0302328504621982
87,0,2,0.4453863501548767,0.4837901890277862,-0.0452868789434433
87,0,3,0.447165310382843,0.4302936792373657,-0.0572620518505573
87,0,4,0.451313704252243,0.3844208717346191,-0.0692271068692207
87,0,5,0.408169537782669,0.4044522047042846,-0.0341879501938819
87,0,6,0.4032307267189026,0.3335901796817779,-0.0592587888240814
87,0,7,0.3984008133411407,0.2885389924049377,-0.0776762291789054
87,0,8,0.3934989869594574,0.2498457729816436,-0.0897421464323997
87,0,9,0.3722351193428039,0.4050793051719665,-0.0356092751026153
87,0,10,0.3673687875270843,0.3242019116878509,-0.0581870675086975
87,0,11,0.3653576076030731,0.27133309841156,-0.0745660215616226
87,0,12,0.364937961101532,0.2279041558504104,-0.0849747061729431
87,0,13,0.3395250141620636,0.4199505448341369,-0.040326751768589
87,0,14,0.3331546485424042,0.3411186039447784,-0.0620839819312095
87,0,15,0.3322449922561645,0.2912640273571014,-0.0742834135890007
87,0,16,0.3343450129032135,0.2492333352565765,-0.0810490027070045
87,0,17,0.3070429563522339,0.4470889270305633,-0.0475213527679443
87,0,18,0.2991037964820862,0.3860069215297699,-0.0688796415925026
87,0,19,0.2989450991153717,0.347161203622818,-0.0776057392358779
87,0,20,0.3015501201152801,0.3118311166763305,-0.0813118070363998
87,0,21,0.5085567831993103,0.2956732511520386,-0.7388913035392761
87,0,22,0.5397911071777344,0.2481970191001892,-0.7037363648414612
87,0,23,0.5395548939704895,0.333716332912445,-0.6078281998634338
87,1,0,0.604138195514679,0.3889601230621338,7.992404960077695e-08
87,1,1,0.6320481300354004,0.3437184393405914,0.0077584721148014
87,1,2,0.637092649936676,0.2987459301948547,0.0087555479258298
87,1,3,0.6158860325813293,0.2675330340862274,0.0079014580696821
87,1,4,0.5931472182273865,0.2539273500442505,0.0049928608350455
87,1,5,0.6152573227882385,0.273223727941513,-0.0020446272101253
87,1,6,0.5873507261276245,0.2207292318344116,-0.0082202833145856
87,1,7,0.5709332227706909,0.1944872885942459,-0.0125988349318504
87,1,8,0.5582751631736755,0.1744539588689804,-0.0149701992049813
87,1,9,0.5886086821556091,0.2819157838821411,-0.010227114893496
87,1,10,0.5673345327377319,0.2237352430820465,-0.0141020528972148
87,1,11,0.5542804002761841,0.1916190087795257,-0.017630498856306
87,1,12,0.5437172651290894,0.1683849692344665,-0.0206143148243427
87,1,13,0.5644972324371338,0.2950254082679748,-0.0175095051527023
87,1,14,0.5477257966995239,0.2388867139816284,-0.0201044660061597
87,1,15,0.5367864966392517,0.2064057439565658,-0.0233063828200101
87,1,16,0.5284547209739685,0.1822275966405868,-0.0263747200369834
87,1,17,0.5429055094718933,0.3113026916980743,-0.0237730797380208
87,1,18,0.5322648286819458,0.2655282020568847,-0.025362180545926
87,1,19,0.5267582535743713,0.2405170649290084,-0.024707555770874
87,1,20,0.5214326977729797,0.2199727147817611,-0.0244444031268358
87,1,21,0.5085567831993103,0.2956732511520386,-0.7388913035392761
87,1,22,0.4707949459552765,0.2596750259399414,-0.6934223175048828
87,1,23,0.4844191670417785,0.3395822048187256,-0.592199981212616
