Frame,Hand,Landmark,X,Y,Z
2,0,0,0.8349942564964294,0.5466480255126953,-2.3711979224572133e-07
2,0,1,0.850502610206604,0.4979859888553619,0.0021321172825992
2,0,2,0.8552495241165161,0.4361660778522491,-0.0021467998158186
2,0,3,0.8657035827636719,0.3951906859874725,-0.0083255767822265
2,0,4,0.8938597440719604,0.3790276050567627,-0.0149989426136016
2,0,5,0.822996973991394,0.4096575975418091,-0.0055019333958625
2,0,6,0.7724071145057678,0.3940033912658691,-0.0162173192948102
2,0,7,0.7737088203430176,0.4134736955165863,-0.0247066877782344
2,0,8,0.79017174243927,0.4257765114307403,-0.0298980884253978
2,0,9,0.8011251091957092,0.4259214103221893,-0.011814528144896
2,0,10,0.7502817511558533,0.4165923595428467,-0.0183905009180307
2,0,11,0.7562525272369385,0.4335201382637024,-0.0190662015229463
2,0,12,0.7749117016792297,0.4427720904350281,-0.019935954362154
2,0,13,0.7800530195236206,0.4464542865753174,-0.0182045847177505
2,0,14,0.7358968257904053,0.4403680562973022,-0.0231235492974519
2,0,15,0.7438275814056396,0.4557483792304992,-0.0185953751206398
2,0,16,0.7616313695907593,0.463638424873352,-0.016132365912199
2,0,17,0.7602667808532715,0.4687928259372711,-0.0247877519577741
2,0,18,0.7283597588539124,0.4664700925350189,-0.0266951564699411
2,0,19,0.7394896745681763,0.4818110764026642,-0.020902045071125
2,0,20,0.7564816474914551,0.4885627925395965,-0.0159920118749141
2,0,21,0.5341929793357849,0.3284645080566406,-0.7941952347755432
2,0,22,0.5672105550765991,0.2836337089538574,-0.7480624318122864
2,0,23,0.5616647601127625,0.3680379390716553,-0.6494448781013489
2,0,24,0.6994916796684265,0.529595136642456,-0.1257980912923813
2,0,25,0.8294965028762817,0.828112781047821,-0.4466285705566406
2,1,0,0.0,0.0,0.0
2,1,1,0.0,0.0,0.0
2,1,2,0.0,0.0,0.0
2,1,3,0.0,0.0,0.0
2,1,4,0.0,0.0,0.0
2,1,5,0.0,0.0,0.0
2,1,6,0.0,0.0,0.0
2,1,7,0.0,0.0,0.0
2,1,8,0.0,0.0,0.0
2,1,9,0.0,0.0,0.0
2,1,10,0.0,0.0,0.0
2,1,11,0.0,0.0,0.0
2,1,12,0.0,0.0,0.0
2,1,13,0.0,0.0,0.0
2,1,14,0.0,0.0,0.0
2,1,15,0.0,0.0,0.0
2,1,16,0.0,0.0,0.0
2,1,17,0.0,0.0,0.0
2,1,18,0.0,0.0,0.0
2,1,19,0.0,0.0,0.0
2,1,20,0.0,0.0,0.0
2,1,21,0.5341929793357849,0.3284645080566406,-0.7941952347755432
2,1,22,0.4876338541507721,0.2888326644897461,-0.7637693881988525
2,1,23,0.5017406344413757,0.369937002658844,-0.6714792251586914
2,1,24,0.3161354959011078,0.5021263360977173,-0.1995104700326919
2,1,25,0.1974140703678131,0.7906670570373535,-0.096796691417694
3,0,0,0.8349891901016235,0.5451565980911255,-2.4362950057366106e-07
3,0,1,0.85127854347229,0.4957303404808044,0.0024330518208444
3,0,2,0.8548908829689026,0.4357618987560272,-0.0014768878463655
3,0,3,0.8648459315299988,0.3952550590038299,-0.0076403995044529
3,0,4,0.8906488418579102,0.3787306845188141,-0.0141997402533888
3,0,5,0.8216824531555176,0.4078190326690674,-0.0037537778262048
3,0,6,0.7726490497589111,0.3939995765686035,-0.014161828905344
3,0,7,0.7745662331581116,0.4141258299350738,-0.0228258892893791
3,0,8,0.7914083003997803,0.4263699650764465,-0.0282369274646043
3,0,9,0.7995036840438843,0.4247194230556488,-0.0105198239907622
3,0,10,0.7512916326522827,0.4156800806522369,-0.0168634932488203
3,0,11,0.7564716935157776,0.4334284365177154,-0.0178581532090902
3,0,12,0.7748783230781555,0.4429592490196228,-0.0189384650439023
3,0,13,0.7780492305755615,0.4461558759212494,-0.0174632482230663
3,0,14,0.7361775040626526,0.4394350945949554,-0.0223131570965051
3,0,15,0.7431328296661377,0.4552154541015625,-0.0176616422832012
3,0,16,0.760697603225708,0.4634008705615997,-0.015010873787105
3,0,17,0.7582775950431824,0.4692765176296234,-0.0246525779366493
3,0,18,0.7281055450439453,0.4654692709445953,-0.0264079011976718
3,0,19,0.7383856773376465,0.480508953332901,-0.0202212687581777
3,0,20,0.7550433874130249,0.4874841570854187,-0.0149687249213457
3,0,21,0.533582866191864,0.3326653242111206,-0.7829119563102722
3,0,22,0.5684546828269958,0.2857004404067993,-0.7379984855651855
3,0,23,0.5616438388824463,0.3717922568321228,-0.6387287378311157
3,0,24,0.7079898118972778,0.5312539935112,-0.1409056782722473
3,0,25,0.8599051237106323,0.8321160078048706,-0.5297013521194458
3,1,0,0.0,0.0,0.0
3,1,1,0.0,0.0,0.0
3,1,2,0.0,0.0,0.0
3,1,3,0.0,0.0,0.0
3,1,4,0.0,0.0,0.0
3,1,5,0.0,0.0,0.0
3,1,6,0.0,0.0,0.0
3,1,7,0.0,0.0,0.0
3,1,8,0.0,0.0,0.0
3,1,9,0.0,0.0,0.0
3,1,10,0.0,0.0,0.0
3,1,11,0.0,0.0,0.0
3,1,12,0.0,0.0,0.0
3,1,13,0.0,0.0,0.0
3,1,14,0.0,0.0,0.0
3,1,15,0.0,0.0,0.0
3,1,16,0.0,0.0,0.0
3,1,17,0.0,0.0,0.0
3,1,18,0.0,0.0,0.0
3,1,19,0.0,0.0,0.0
3,1,20,0.0,0.0,0.0
3,1,21,0.533582866191864,0.3326653242111206,-0.7829119563102722
3,1,22,0.4883081018924713,0.2942783236503601,-0.7437492609024048
3,1,23,0.5022803544998169,0.3743639588356018,-0.648285448551178
3,1,24,0.3169367015361786,0.500669002532959,-0.1419022381305694
3,1,25,0.1947503983974456,0.7915928959846497,-0.2404133975505828
4,0,0,0.8348875641822815,0.5473486185073853,-2.467910178438615e-07
4,0,1,0.8497818112373352,0.4980946779251098,0.0026382135692983
4,0,2,0.8534820675849915,0.435911625623703,-0.0014193687820807
4,0,3,0.864307701587677,0.3955614864826202,-0.0076148896478116
4,0,4,0.8923289179801941,0.3794682025909424,-0.0141663011163473
4,0,5,0.8227828741073608,0.4094162881374359,-0.004523963201791
4,0,6,0.7701606750488281,0.3958708345890045,-0.0159404315054416
4,0,7,0.7724452614784241,0.4162487685680389,-0.0248469598591327
4,0,8,0.789787769317627,0.427950769662857,-0.0300903432071208
4,0,9,0.801745593547821,0.4254642724990845,-0.0113570438697934
4,0,10,0.748795211315155,0.4194409847259521,-0.0185815244913101
4,0,11,0.7562159299850464,0.4367105662822723,-0.0193341951817274
4,0,12,0.7758527398109436,0.4447356462478637,-0.0200519934296607
4,0,13,0.7807720303535461,0.4459196627140045,-0.0184032637625932
4,0,14,0.7356098890304565,0.4425943791866302,-0.0236567929387092
4,0,15,0.7441838383674622,0.4581332802772522,-0.0189300961792469
4,0,16,0.7622249126434326,0.464939683675766,-0.0161609333008527
4,0,17,0.7606098651885986,0.4681579172611236,-0.0257078912109136
4,0,18,0.7285118103027344,0.467229425907135,-0.0275727603584527
4,0,19,0.7399420738220215,0.4829395413398742,-0.0215434301644563
4,0,20,0.756813645362854,0.4895743727684021,-0.0163323525339365
4,0,21,0.5335708260536194,0.3327928781509399,-0.7645961046218872
4,0,22,0.5658999085426331,0.2840790748596191,-0.7203677296638489
4,0,23,0.5624028444290161,0.3704380989074707,-0.623511552810669
4,0,24,0.7103543877601624,0.5260443091392517,-0.1466471552848816
4,0,25,0.8652310371398926,0.845565676689148,-0.5757296085357666
4,1,0,0.0,0.0,0.0
4,1,1,0.0,0.0,0.0
4,1,2,0.0,0.0,0.0
4,1,3,0.0,0.0,0.0
4,1,4,0.0,0.0,0.0
4,1,5,0.0,0.0,0.0
4,1,6,0.0,0.0,0.0
4,1,7,0.0,0.0,0.0
4,1,8,0.0,0.0,0.0
4,1,9,0.0,0.0,0.0
4,1,10,0.0,0.0,0.0
4,1,11,0.0,0.0,0.0
4,1,12,0.0,0.0,0.0
4,1,13,0.0,0.0,0.0
4,1,14,0.0,0.0,0.0
4,1,15,0.0,0.0,0.0
4,1,16,0.0,0.0,0.0
4,1,17,0.0,0.0,0.0
4,1,18,0.0,0.0,0.0
4,1,19,0.0,0.0,0.0
4,1,20,0.0,0.0,0.0
4,1,21,0.5335708260536194,0.3327928781509399,-0.7645961046218872
4,1,22,0.4867694675922394,0.2934604287147522,-0.7239991426467896
4,1,23,0.5028055310249329,0.3750537037849426,-0.6298551559448242
4,1,24,0.3194166123867035,0.502059817314148,-0.1215998083353042
4,1,25,0.1975488066673278,0.7959958910942078,-0.2201501429080963
5,0,0,0.8337851166725159,0.5515990257263184,-2.7163923732587136e-07
5,0,1,0.8473125696182251,0.499405950307846,0.0036654088180512
5,0,2,0.851434588432312,0.4363687038421631,-3.865992039209232e-05
5,0,3,0.8626943826675415,0.3943678438663482,-0.0062177893705666
5,0,4,0.8886136412620544,0.3786678612232208,-0.0128824198618531
5,0,5,0.8187921643257141,0.4088015854358673,-0.0024619966279715
5,0,6,0.7667956352233887,0.3948963582515716,-0.0136786913499236
5,0,7,0.7697652578353882,0.4159506559371948,-0.0230866745114326
5,0,8,0.7872283458709717,0.4291552603244781,-0.0285697095096111
5,0,9,0.7971776723861694,0.42586550116539,-0.0097509725019335
5,0,10,0.7457559704780579,0.4205716550350189,-0.0160803664475679
5,0,11,0.7537355422973633,0.4375553727149963,-0.0175600610673427
5,0,12,0.7735940217971802,0.4462510347366333,-0.0191730130463838
5,0,13,0.7760930061340332,0.4471093714237213,-0.017139945179224
5,0,14,0.7328689098358154,0.4434446096420288,-0.0217287633568048
5,0,15,0.7414197325706482,0.4591525495052337,-0.0173208471387624
5,0,16,0.7596756219863892,0.4671058654785156,-0.0149565683677792
5,0,17,0.7558027505874634,0.4692549109458923,-0.0247827228158712
5,0,18,0.7253122925758362,0.4663208425045013,-0.0257460288703441
5,0,19,0.7356265783309937,0.4825098514556885,-0.0192084796726703
5,0,20,0.7516517043113708,0.490518569946289,-0.0137033313512802
5,0,21,0.5340102314949036,0.3336004018783569,-0.8027604818344116
5,0,22,0.5663756132125854,0.2847287654876709,-0.7599672675132751
5,0,23,0.5624318718910217,0.3700953125953674,-0.6579236388206482
5,0,24,0.7078937292098999,0.5263264775276184,-0.1441535055637359
5,0,25,0.8543933629989624,0.8389710187911987,-0.5121294260025024
5,1,0,0.0,0.0,0.0
5,1,1,0.0,0.0,0.0
5,1,2,0.0,0.0,0.0
5,1,3,0.0,0.0,0.0
5,1,4,0.0,0.0,0.0
5,1,5,0.0,0.0,0.0
5,1,6,0.0,0.0,0.0
5,1,7,0.0,0.0,0.0
5,1,8,0.0,0.0,0.0
5,1,9,0.0,0.0,0.0
5,1,10,0.0,0.0,0.0
5,1,11,0.0,0.0,0.0
5,1,12,0.0,0.0,0.0
5,1,13,0.0,0.0,0.0
5,1,14,0.0,0.0,0.0
5,1,15,0.0,0.0,0.0
5,1,16,0.0,0.0,0.0
5,1,17,0.0,0.0,0.0
5,1,18,0.0,0.0,0.0
5,1,19,0.0,0.0,0.0
5,1,20,0.0,0.0,0.0
5,1,21,0.5340102314949036,0.3336004018783569,-0.8027604818344116
5,1,22,0.4869374930858612,0.2933763861656189,-0.769147515296936
5,1,23,0.5034650564193726,0.3744239807128906,-0.6715169548988342
5,1,24,0.3186163902282715,0.5007807612419128,-0.1806251108646392
5,1,25,0.1952843964099884,0.7831164002418518,-0.1897407323122024
6,0,0,0.8213631510734558,0.5505550503730774,-2.5062459485525324e-07
6,0,1,0.8297200202941895,0.4991002976894378,0.0033576684072613
6,0,2,0.8292847275733948,0.4361248910427093,-0.0025616555940359
6,0,3,0.8396904468536377,0.3945849537849426,-0.0110409893095493
6,0,4,0.8699724674224854,0.378074437379837,-0.0198854375630617
6,0,5,0.8031216263771057,0.4135906100273132,-0.007107222918421
6,0,6,0.7466245889663696,0.4006280303001404,-0.0205188654363155
6,0,7,0.7506683468818665,0.420840710401535,-0.0299767348915338
6,0,8,0.769470751285553,0.4318742454051971,-0.0351748913526535
6,0,9,0.785078763961792,0.4312563836574554,-0.0150761008262634
6,0,10,0.7302183508872986,0.4269062876701355,-0.0232522562146186
6,0,11,0.7384146451950073,0.4430429339408874,-0.0241261068731546
6,0,12,0.7583594918251038,0.4497587084770202,-0.0251964498311281
6,0,13,0.7657952308654785,0.453994482755661,-0.0230972804129123
6,0,14,0.7194520235061646,0.4502913653850555,-0.0283406786620616
6,0,15,0.728181779384613,0.4651724398136139,-0.0230579189956188
6,0,16,0.7467175722122192,0.4710237979888916,-0.0202084202319383
6,0,17,0.746494472026825,0.4772994816303253,-0.031380545347929
6,0,18,0.7132698893547058,0.4750446677207947,-0.0323432013392448
6,0,19,0.7241747975349426,0.4893717765808105,-0.0259065609425306
6,0,20,0.7402896285057068,0.4954519867897033,-0.0208040233701467
6,0,21,0.5354115962982178,0.331253707408905,-0.855766236782074
6,0,22,0.5679951310157776,0.2830455303192138,-0.8033080101013184
6,0,23,0.5629847049713135,0.3712387084960937,-0.6998393535614014
6,0,24,0.712464451789856,0.5363102555274963,-0.1333671510219574
6,0,25,0.8487555980682373,0.8291870951652527,-0.5264837145805359
6,1,0,0.0,0.0,0.0
6,1,1,0.0,0.0,0.0
6,1,2,0.0,0.0,0.0
6,1,3,0.0,0.0,0.0
6,1,4,0.0,0.0,0.0
6,1,5,0.0,0.0,0.0
6,1,6,0.0,0.0,0.0
6,1,7,0.0,0.0,0.0
6,1,8,0.0,0.0,0.0
6,1,9,0.0,0.0,0.0
6,1,10,0.0,0.0,0.0
6,1,11,0.0,0.0,0.0
6,1,12,0.0,0.0,0.0
6,1,13,0.0,0.0,0.0
6,1,14,0.0,0.0,0.0
6,1,15,0.0,0.0,0.0
6,1,16,0.0,0.0,0.0
6,1,17,0.0,0.0,0.0
6,1,18,0.0,0.0,0.0
6,1,19,0.0,0.0,0.0
6,1,20,0.0,0.0,0.0
6,1,21,0.5354115962982178,0.331253707408905,-0.855766236782074
6,1,22,0.4895111620426178,0.291813850402832,-0.8143338561058044
6,1,23,0.5059702396392822,0.3746979832649231,-0.716454803943634
6,1,24,0.3178768157958984,0.5022763013839722,-0.1746474802494049
6,1,25,0.193281203508377,0.7778584361076355,-0.2039562314748764
10,0,0,0.7028268575668335,0.6056872010231018,-1.6814622938454704e-07
10,0,1,0.6996562480926514,0.5571770071983337,-0.0032164754811674
10,0,2,0.6848153471946716,0.4960460364818573,-0.0120498789474368
10,0,3,0.687298059463501,0.4520813822746277,-0.0215149130672216
10,0,4,0.7099830508232117,0.4238316416740417,-0.0322517231106758
10,0,5,0.673972487449646,0.5000495314598083,-0.0234601870179176
10,0,6,0.6183701157569885,0.4893551468849182,-0.0398678109049797
10,0,7,0.6230767369270325,0.5046124458312988,-0.0493488274514675
10,0,8,0.6404067873954773,0.5132169127464294,-0.0542295090854167
10,0,9,0.6610454320907593,0.5238442420959473,-0.0293870270252227
10,0,10,0.606482744216919,0.5126777291297913,-0.0407894290983676
10,0,11,0.6142582893371582,0.5262854099273682,-0.0417847000062465
10,0,12,0.6333757638931274,0.5341769456863403,-0.0427423790097236
10,0,13,0.6483401656150818,0.5515610575675964,-0.0352567695081234
10,0,14,0.6009687781333923,0.5424929857254028,-0.0436700023710727
10,0,15,0.6090236902236938,0.553419291973114,-0.0366308726370334
10,0,16,0.6268061995506287,0.559008002281189,-0.0322315581142902
10,0,17,0.6348402500152588,0.5795866847038269,-0.0413666777312755
10,0,18,0.6003440618515015,0.5722863674163818,-0.0450231917202472
10,0,19,0.6093523502349854,0.5805261135101318,-0.0371618270874023
10,0,20,0.624251127243042,0.5851021409034729,-0.0313220433890819
10,0,21,0.5327147245407104,0.3326773643493652,-0.8804253935813904
10,0,22,0.5679660439491272,0.2827555537223816,-0.8283256888389587
10,0,23,0.5625972151756287,0.3731202483177185,-0.7304354310035706
10,0,24,0.7224807739257812,0.5227952003479004,-0.2350048869848251
10,0,25,0.867550253868103,0.8593840599060059,-0.7965723872184753
10,1,0,0.0,0.0,0.0
10,1,1,0.0,0.0,0.0
10,1,2,0.0,0.0,0.0
10,1,3,0.0,0.0,0.0
10,1,4,0.0,0.0,0.0
10,1,5,0.0,0.0,0.0
10,1,6,0.0,0.0,0.0
10,1,7,0.0,0.0,0.0
10,1,8,0.0,0.0,0.0
10,1,9,0.0,0.0,0.0
10,1,10,0.0,0.0,0.0
10,1,11,0.0,0.0,0.0
10,1,12,0.0,0.0,0.0
10,1,13,0.0,0.0,0.0
10,1,14,0.0,0.0,0.0
10,1,15,0.0,0.0,0.0
10,1,16,0.0,0.0,0.0
10,1,17,0.0,0.0,0.0
10,1,18,0.0,0.0,0.0
10,1,19,0.0,0.0,0.0
10,1,20,0.0,0.0,0.0
10,1,21,0.5327147245407104,0.3326773643493652,-0.8804253935813904
10,1,22,0.4868683218955993,0.2921211123466491,-0.8211305737495422
10,1,23,0.5039612054824829,0.3787934184074402,-0.7221181392669678
10,1,24,0.3245332539081573,0.5067445635795593,-0.0935670360922813
10,1,25,0.1905815005302429,0.7924167513847351,-0.2070727348327636
11,0,0,0.6838023066520691,0.6271483898162842,-6.882096670324246e-08
11,0,1,0.6800171732902527,0.5799964666366577,-0.002319406485185
11,0,2,0.6645870804786682,0.5262448191642761,-0.0105617046356201
11,0,3,0.6638091206550598,0.4854716658592224,-0.0197986122220754
11,0,4,0.6796823740005493,0.4547598361968994,-0.0295668914914131
11,0,5,0.6423208713531494,0.5293965339660645,-0.019712533801794
11,0,6,0.5897660851478577,0.5131881237030029,-0.0342664644122123
11,0,7,0.5953313708305359,0.527438223361969,-0.0420624613761901
11,0,8,0.6151160001754761,0.537530243396759,-0.0453923344612121
11,0,9,0.6299527883529663,0.5550205111503601,-0.0250621810555458
11,0,10,0.5794740915298462,0.5410403609275818,-0.0347344912588596
11,0,11,0.5881045460700989,0.5554590225219727,-0.0349308177828788
11,0,12,0.6086355447769165,0.5636425018310547,-0.0349950864911079
11,0,13,0.6180310845375061,0.5838995575904846,-0.0303786601871252
11,0,14,0.5756029486656189,0.5716936588287354,-0.0376487895846366
11,0,15,0.5849708914756775,0.5831612348556519,-0.0307581219822168
11,0,16,0.6044383645057678,0.590160608291626,-0.0259544607251882
11,0,17,0.6073101162910461,0.613364040851593,-0.0358213633298873
11,0,18,0.5782318115234375,0.6023244261741638,-0.0394357554614543
11,0,19,0.5890129804611206,0.6098557114601135,-0.0321268811821937
11,0,20,0.605498194694519,0.6164986491203308,-0.0260893180966377
11,0,21,0.5341500639915466,0.319838285446167,-1.261704444885254
11,0,22,0.5689668655395508,0.272494375705719,-1.2031500339508057
11,0,23,0.5640078186988831,0.3628233671188354,-1.093665599822998
11,0,24,0.7173000574111938,0.5271058678627014,-0.473551481962204
11,0,25,0.862708330154419,0.8573822379112244,-1.026199460029602
11,1,0,0.0,0.0,0.0
11,1,1,0.0,0.0,0.0
11,1,2,0.0,0.0,0.0
11,1,3,0.0,0.0,0.0
11,1,4,0.0,0.0,0.0
11,1,5,0.0,0.0,0.0
11,1,6,0.0,0.0,0.0
11,1,7,0.0,0.0,0.0
11,1,8,0.0,0.0,0.0
11,1,9,0.0,0.0,0.0
11,1,10,0.0,0.0,0.0
11,1,11,0.0,0.0,0.0
11,1,12,0.0,0.0,0.0
11,1,13,0.0,0.0,0.0
11,1,14,0.0,0.0,0.0
11,1,15,0.0,0.0,0.0
11,1,16,0.0,0.0,0.0
11,1,17,0.0,0.0,0.0
11,1,18,0.0,0.0,0.0
11,1,19,0.0,0.0,0.0
11,1,20,0.0,0.0,0.0
11,1,21,0.5341500639915466,0.319838285446167,-1.261704444885254
11,1,22,0.4865117073059082,0.2820196747779846,-1.200804352760315
11,1,23,0.5041433572769165,0.3686985373497009,-1.0915069580078125
11,1,24,0.3192553520202636,0.5109180808067322,-0.380036324262619
11,1,25,0.1928204596042633,0.7931342720985413,-0.4692815542221069
12,0,0,0.6607592105865479,0.6514789462089539,-7.396360501843446e-08
12,0,1,0.6563143134117126,0.6039247512817383,-0.0023899734951555
12,0,2,0.6392777562141418,0.5490358471870422,-0.0102775730192661
12,0,3,0.6365749835968018,0.507375955581665,-0.0188177954405546
12,0,4,0.6481760740280151,0.4758881330490112,-0.0283626019954681
12,0,5,0.6174724102020264,0.5524936318397522,-0.0207699760794639
12,0,6,0.5723105669021606,0.5367435216903687,-0.0352961868047714
12,0,7,0.5785427093505859,0.550207257270813,-0.0436602160334587
12,0,8,0.5965940356254578,0.5610957145690918,-0.0475134961307048
12,0,9,0.6032489538192749,0.5800052881240845,-0.0258527994155883
12,0,10,0.5582708716392517,0.5671801567077637,-0.0338200666010379
12,0,11,0.5680942535400391,0.5803881287574768,-0.0339881107211113
12,0,12,0.5861438512802124,0.5892083048820496,-0.0350216887891292
12,0,13,0.5909619331359863,0.6102570295333862,-0.0307910647243261
12,0,14,0.5518671274185181,0.5984429121017456,-0.0369728952646255
12,0,15,0.5618549585342407,0.6088592410087585,-0.0299071166664361
12,0,16,0.5785281658172607,0.6166954636573792,-0.0258846376091241
12,0,17,0.5801184177398682,0.6407002210617065,-0.0356269590556621
12,0,18,0.5505226850509644,0.6284804344177246,-0.0382379107177257
12,0,19,0.5608747005462646,0.6370614171028137,-0.0295832324773073
12,0,20,0.5744538307189941,0.6446725726127625,-0.0231212731450796
12,0,21,0.5384075045585632,0.3251142501831054,-1.1009446382522583
12,0,22,0.5719341039657593,0.2742307782173157,-1.040251612663269
12,0,23,0.5671380758285522,0.3664774894714355,-0.93131685256958
12,0,24,0.7197580337524414,0.5310918092727661,-0.3400806784629822
12,0,25,0.8605821132659912,0.8678566217422485,-0.9086630344390868
12,1,0,0.0,0.0,0.0
12,1,1,0.0,0.0,0.0
12,1,2,0.0,0.0,0.0
12,1,3,0.0,0.0,0.0
12,1,4,0.0,0.0,0.0
12,1,5,0.0,0.0,0.0
12,1,6,0.0,0.0,0.0
12,1,7,0.0,0.0,0.0
12,1,8,0.0,0.0,0.0
12,1,9,0.0,0.0,0.0
12,1,10,0.0,0.0,0.0
12,1,11,0.0,0.0,0.0
12,1,12,0.0,0.0,0.0
12,1,13,0.0,0.0,0.0
12,1,14,0.0,0.0,0.0
12,1,15,0.0,0.0,0.0
12,1,16,0.0,0.0,0.0
12,1,17,0.0,0.0,0.0
12,1,18,0.0,0.0,0.0
12,1,19,0.0,0.0,0.0
12,1,20,0.0,0.0,0.0
12,1,21,0.5384075045585632,0.3251142501831054,-1.1009446382522583
12,1,22,0.4907489120960235,0.2847716808319092,-1.034459948539734
12,1,23,0.509975254535675,0.3737874031066894,-0.9241945743560792
12,1,24,0.3207855522632599,0.5059937834739685,-0.1947328597307205
12,1,25,0.1868865489959716,0.7842477560043335,-0.1495743244886398
14,0,0,0.6178527474403381,0.7585895657539368,-1.08321181357951e-07
14,0,1,0.5991929769515991,0.7078820466995239,-0.0012122518382966
14,0,2,0.5671290159225464,0.6643133163452148,-0.0075074662454426
14,0,3,0.5500928163528442,0.6286193132400513,-0.0160684678703546
14,0,4,0.5470899939537048,0.600059449672699,-0.0242587979882955
14,0,5,0.5337367653846741,0.6717531681060791,-0.0052756727673113
14,0,6,0.4926669895648956,0.6723380088806152,-0.0173523165285587
14,0,7,0.5073491930961609,0.6812320351600647,-0.0266046468168497
14,0,8,0.5288172364234924,0.6852310299873352,-0.0309453681111335
14,0,9,0.5262370109558105,0.7027837634086609,-0.0103206550702452
14,0,10,0.4892596900463104,0.6995734572410583,-0.0173901226371526
14,0,11,0.5043929815292358,0.7062234282493591,-0.0214586891233921
14,0,12,0.5245838165283203,0.7090834975242615,-0.0233498532325029
14,0,13,0.5222142338752747,0.7366337180137634,-0.0157643277198076
14,0,14,0.4925820529460907,0.7295306921005249,-0.0184036940336227
14,0,15,0.5062361359596252,0.7356268763542175,-0.0148484501987695
14,0,16,0.5242857336997986,0.7392299771308899,-0.0124383606016635
14,0,17,0.5211765170097351,0.770096480846405,-0.0217169988900423
14,0,18,0.5005391836166382,0.760611891746521,-0.0194872505962848
14,0,19,0.5144059658050537,0.7647287845611572,-0.011981594376266
14,0,20,0.5295424461364746,0.7672364115715027,-0.0060938065871596
14,0,21,0.5357347726821899,0.3314184546470642,-1.2013037204742432
14,0,22,0.566464364528656,0.2836450934410095,-1.1400818824768066
14,0,23,0.5628673434257507,0.3695161342620849,-1.022591471672058
14,0,24,0.7172733545303345,0.5311787724494934,-0.4046364426612854
14,0,25,0.8466205596923828,0.8849483728408813,-0.8634471297264099
14,1,0,0.0,0.0,0.0
14,1,1,0.0,0.0,0.0
14,1,2,0.0,0.0,0.0
14,1,3,0.0,0.0,0.0
14,1,4,0.0,0.0,0.0
14,1,5,0.0,0.0,0.0
14,1,6,0.0,0.0,0.0
14,1,7,0.0,0.0,0.0
14,1,8,0.0,0.0,0.0
14,1,9,0.0,0.0,0.0
14,1,10,0.0,0.0,0.0
14,1,11,0.0,0.0,0.0
14,1,12,0.0,0.0,0.0
14,1,13,0.0,0.0,0.0
14,1,14,0.0,0.0,0.0
14,1,15,0.0,0.0,0.0
14,1,16,0.0,0.0,0.0
14,1,17,0.0,0.0,0.0
14,1,18,0.0,0.0,0.0
14,1,19,0.0,0.0,0.0
14,1,20,0.0,0.0,0.0
14,1,21,0.5357347726821899,0.3314184546470642,-1.2013037204742432
14,1,22,0.4846054017543793,0.2934139370918274,-1.1367968320846558
14,1,23,0.5021253824234009,0.3755650520324707,-1.0174158811569214
14,1,24,0.3232636153697967,0.5088276863098145,-0.2374089211225509
14,1,25,0.1951611042022705,0.7939441204071045,-0.0626357644796371
15,0,0,0.5960540175437927,0.7922499775886536,-9.387348143263809e-08
15,0,1,0.5780259370803833,0.7389345765113831,-0.000782550254371
15,0,2,0.5497907996177673,0.69498610496521,-0.0076182349584996
15,0,3,0.5322898030281067,0.6614425778388977,-0.0165892671793699
15,0,4,0.5249155759811401,0.6330248117446899,-0.0252610929310321
15,0,5,0.5090055465698242,0.7142643332481384,-0.0046627353876829
15,0,6,0.4754660129547119,0.7165651321411133,-0.0164836533367633
15,0,7,0.491803377866745,0.7203885912895203,-0.0264277346432209
15,0,8,0.5123190879821777,0.7233036160469055,-0.0311857312917709
15,0,9,0.5026627779006958,0.7474133372306824,-0.0096954405307769
15,0,10,0.4733608961105346,0.745113730430603,-0.0153558328747749
15,0,11,0.4892384707927704,0.7486281991004944,-0.0197727046906948
15,0,12,0.5087857246398926,0.7514405846595764,-0.0226231534034013
15,0,13,0.5004696846008301,0.7811896204948425,-0.0149657949805259
15,0,14,0.4757983088493347,0.7744444012641907,-0.0170540064573287
15,0,15,0.4897858500480652,0.7782436609268188,-0.0133487302809953
15,0,16,0.5076922178268433,0.7814601063728333,-0.0110908709466457
15,0,17,0.5011729598045349,0.8124969601631165,-0.0206242837011814
15,0,18,0.4794730246067047,0.8039280772209167,-0.0183143690228462
15,0,19,0.4929022192955017,0.8060628175735474,-0.0098621323704719
15,0,20,0.5078760385513306,0.8083140850067139,-0.0030995735432952
15,0,21,0.5448201298713684,0.3345046043395996,-1.316831350326538
15,0,22,0.5705583095550537,0.2880439758300781,-1.2568941116333008
15,0,23,0.5682184100151062,0.3749287128448486,-1.1313228607177734
15,0,24,0.7189083099365234,0.5329006910324097,-0.4730263948440552
15,0,25,0.8419628143310547,0.881985604763031,-0.8494748473167419
15,1,0,0.0,0.0,0.0
15,1,1,0.0,0.0,0.0
15,1,2,0.0,0.0,0.0
15,1,3,0.0,0.0,0.0
15,1,4,0.0,0.0,0.0
15,1,5,0.0,0.0,0.0
15,1,6,0.0,0.0,0.0
15,1,7,0.0,0.0,0.0
15,1,8,0.0,0.0,0.0
15,1,9,0.0,0.0,0.0
15,1,10,0.0,0.0,0.0
15,1,11,0.0,0.0,0.0
15,1,12,0.0,0.0,0.0
15,1,13,0.0,0.0,0.0
15,1,14,0.0,0.0,0.0
15,1,15,0.0,0.0,0.0
15,1,16,0.0,0.0,0.0
15,1,17,0.0,0.0,0.0
15,1,18,0.0,0.0,0.0
15,1,19,0.0,0.0,0.0
15,1,20,0.0,0.0,0.0
15,1,21,0.5448201298713684,0.3345046043395996,-1.316831350326538
15,1,22,0.4931732714176178,0.2943280935287475,-1.2617040872573853
15,1,23,0.5135734677314758,0.3786801099777221,-1.1368465423583984
15,1,24,0.3206134438514709,0.5110078454017639,-0.3670531511306762
15,1,25,0.1978356838226318,0.7910487055778503,-0.2062814086675644
21,0,0,0.5919867753982544,0.8884112238883972,-7.065244744808298e-08
21,0,1,0.5648296475410461,0.8293770551681519,-0.0052312826737761
21,0,2,0.5317979454994202,0.7872310876846313,-0.0158278029412031
21,0,3,0.5058090686798096,0.7519893646240234,-0.0264239478856325
21,0,4,0.4965558052062988,0.7224410176277161,-0.036079604178667
21,0,5,0.4887767434120178,0.8286895155906677,-0.0263627711683511
21,0,6,0.4416964054107666,0.8090276718139648,-0.0401992425322532
21,0,7,0.4654143154621124,0.8073379397392273,-0.0481518879532814
21,0,8,0.4908436834812164,0.8145897388458252,-0.0513306148350238
21,0,9,0.4840513169765472,0.871442973613739,-0.0286553353071212
21,0,10,0.4472624361515045,0.8489243984222412,-0.0311342217028141
21,0,11,0.4669597148895263,0.8444767594337463,-0.0288924574851989
21,0,12,0.4870237708091736,0.849455714225769,-0.029825372621417
21,0,13,0.4874158203601837,0.9081522822380066,-0.0303025562316179
21,0,14,0.4585020542144775,0.883161187171936,-0.0283236224204301
21,0,15,0.4756283462047577,0.8805029988288879,-0.018839931115508
21,0,16,0.49465411901474,0.8861362338066101,-0.015581376850605
21,0,17,0.4949480593204498,0.9383630752563475,-0.032630942761898
21,0,18,0.4702085554599762,0.9155007600784302,-0.0277178101241588
21,0,19,0.4856192767620086,0.9109513759613036,-0.0157557744532823
21,0,20,0.5020946860313416,0.9151575565338136,-0.0080326627939939
21,0,21,0.5180484652519226,0.3271211981773376,-0.7468715310096741
21,0,22,0.5506587028503418,0.27712082862854,-0.703880250453949
21,0,23,0.5515262484550476,0.3690117001533508,-0.6173070073127747
21,0,24,0.7240931391716003,0.5229820609092712,-0.1863316148519516
21,0,25,0.8516265153884888,0.8740725517272949,-0.3609453439712524
21,1,0,0.0,0.0,0.0
21,1,1,0.0,0.0,0.0
21,1,2,0.0,0.0,0.0
21,1,3,0.0,0.0,0.0
21,1,4,0.0,0.0,0.0
21,1,5,0.0,0.0,0.0
21,1,6,0.0,0.0,0.0
21,1,7,0.0,0.0,0.0
21,1,8,0.0,0.0,0.0
21,1,9,0.0,0.0,0.0
21,1,10,0.0,0.0,0.0
21,1,11,0.0,0.0,0.0
21,1,12,0.0,0.0,0.0
21,1,13,0.0,0.0,0.0
21,1,14,0.0,0.0,0.0
21,1,15,0.0,0.0,0.0
21,1,16,0.0,0.0,0.0
21,1,17,0.0,0.0,0.0
21,1,18,0.0,0.0,0.0
21,1,19,0.0,0.0,0.0
21,1,20,0.0,0.0,0.0
21,1,21,0.5180484652519226,0.3271211981773376,-0.7468715310096741
21,1,22,0.4686920046806335,0.2921759486198425,-0.7038567662239075
21,1,23,0.4923702478408813,0.3791725635528564,-0.6164074540138245
21,1,24,0.3333855867385864,0.508536696434021,-0.1398538798093795
21,1,25,0.2088606655597686,0.7836065292358398,-0.1498191058635711
22,0,0,0.5987245440483093,0.884005606174469,-4.4113274810797534e-08
22,0,1,0.5728467106819153,0.8256126642227173,-0.0058043589815497
22,0,2,0.5396628379821777,0.7821248173713684,-0.0166547689586877
22,0,3,0.5128107666969299,0.7476201057434082,-0.027512764558196
22,0,4,0.5044816136360168,0.7160773277282715,-0.037497341632843
22,0,5,0.4948601722717285,0.8212795257568359,-0.021810220554471
22,0,6,0.4547309279441833,0.8070780038833618,-0.034239612519741
22,0,7,0.475288063287735,0.8049985766410828,-0.0425223372876644
22,0,8,0.4968452453613281,0.8097661137580872,-0.0465395487844944
22,0,9,0.490207314491272,0.8637948036193848,-0.024227850139141
22,0,10,0.4545634388923645,0.841968834400177,-0.0281474012881517
22,0,11,0.4720910787582397,0.8376219272613525,-0.0280871391296386
22,0,12,0.4912668764591217,0.8431429266929626,-0.0296910498291254
22,0,13,0.4928642809391022,0.9007569551467896,-0.0261372663080692
22,0,14,0.4632375836372375,0.8755465149879456,-0.0253550205379724
22,0,15,0.4782783389091491,0.8720110058784485,-0.0182433016598224
22,0,16,0.4965489208698272,0.8771346807479858,-0.0157507695257663
22,0,17,0.4989556074142456,0.9310984015464784,-0.0287227611988782
22,0,18,0.4736103415489197,0.907603085041046,-0.0241877101361751
22,0,19,0.4871535897254944,0.9021788239479064,-0.0136329689994454
22,0,20,0.5026618242263794,0.9055565595626832,-0.0066358326002955
22,0,21,0.5249101519584656,0.3174055814743042,-1.0211549997329712
22,0,22,0.5555031895637512,0.2694477438926697,-0.9670053124427797
22,0,23,0.5574990510940552,0.3588417768478393,-0.8613173365592957
22,0,24,0.7258260250091553,0.5219351053237915,-0.2621853649616241
22,0,25,0.8484770655632019,0.855361819267273,-0.4088321924209595
22,1,0,0.0,0.0,0.0
22,1,1,0.0,0.0,0.0
22,1,2,0.0,0.0,0.0
22,1,3,0.0,0.0,0.0
22,1,4,0.0,0.0,0.0
22,1,5,0.0,0.0,0.0
22,1,6,0.0,0.0,0.0
22,1,7,0.0,0.0,0.0
22,1,8,0.0,0.0,0.0
22,1,9,0.0,0.0,0.0
22,1,10,0.0,0.0,0.0
22,1,11,0.0,0.0,0.0
22,1,12,0.0,0.0,0.0
22,1,13,0.0,0.0,0.0
22,1,14,0.0,0.0,0.0
22,1,15,0.0,0.0,0.0
22,1,16,0.0,0.0,0.0
22,1,17,0.0,0.0,0.0
22,1,18,0.0,0.0,0.0
22,1,19,0.0,0.0,0.0
22,1,20,0.0,0.0,0.0
22,1,21,0.5249101519584656,0.3174055814743042,-1.0211549997329712
22,1,22,0.4736842513084411,0.2818132042884826,-0.9796108603477478
22,1,23,0.4990628063678741,0.3703828454017639,-0.8760554790496826
22,1,24,0.3236694037914276,0.5131000280380249,-0.3156344890594482
22,1,25,0.1993528604507446,0.809266984462738,-0.2817502021789551
25,0,0,0.6062466502189636,0.8676815032958984,-8.706046372708445e-08
25,0,1,0.5807719230651855,0.8068483471870422,-0.004564574919641
25,0,2,0.547362208366394,0.7617859244346619,-0.0150888133794069
25,0,3,0.5213889479637146,0.7253324389457703,-0.0256258137524127
25,0,4,0.5151681900024414,0.6931912302970886,-0.0354870222508907
25,0,5,0.5038264989852905,0.8008164167404175,-0.0241314619779586
25,0,6,0.4639557898044586,0.7872356176376343,-0.0363000370562076
25,0,7,0.486670047044754,0.7848666310310364,-0.0440678521990776
25,0,8,0.5097156763076782,0.7905766367912292,-0.0476294606924057
25,0,9,0.4983344972133636,0.8439041972160339,-0.0272372867912054
25,0,10,0.4621713161468506,0.8240197896957397,-0.0302000343799591
25,0,11,0.4811608493328094,0.8194846510887146,-0.0291892159730196
25,0,12,0.5010987520217896,0.8256863951683044,-0.0305467415601015
25,0,13,0.5004713535308838,0.8816792368888855,-0.0294521991163492
25,0,14,0.4701476693153381,0.8578373789787292,-0.0278277974575757
25,0,15,0.4867782890796661,0.8548566102981567,-0.0198834482580423
25,0,16,0.5059729218482971,0.8610076308250427,-0.0172803215682506
25,0,17,0.5067876577377319,0.9129608273506165,-0.0322108380496501
25,0,18,0.4815881848335266,0.8897770643234253,-0.0274881087243556
25,0,19,0.4971748292446136,0.885159969329834,-0.0161883030086755
25,0,20,0.5141200423240662,0.8898581266403198,-0.0088443793356418
25,0,21,0.5263180732727051,0.3223756551742553,-1.10239577293396
25,0,22,0.5575494766235352,0.2733896374702453,-1.0507068634033203
25,0,23,0.5579137206077576,0.3635354042053222,-0.9395719170570374
25,0,24,0.7258256673812866,0.5244694948196411,-0.3413621783256531
25,0,25,0.8478373289108276,0.8755691051483154,-0.5161411762237549
25,1,0,0.0,0.0,0.0
25,1,1,0.0,0.0,0.0
25,1,2,0.0,0.0,0.0
25,1,3,0.0,0.0,0.0
25,1,4,0.0,0.0,0.0
25,1,5,0.0,0.0,0.0
25,1,6,0.0,0.0,0.0
25,1,7,0.0,0.0,0.0
25,1,8,0.0,0.0,0.0
25,1,9,0.0,0.0,0.0
25,1,10,0.0,0.0,0.0
25,1,11,0.0,0.0,0.0
25,1,12,0.0,0.0,0.0
25,1,13,0.0,0.0,0.0
25,1,14,0.0,0.0,0.0
25,1,15,0.0,0.0,0.0
25,1,16,0.0,0.0,0.0
25,1,17,0.0,0.0,0.0
25,1,18,0.0,0.0,0.0
25,1,19,0.0,0.0,0.0
25,1,20,0.0,0.0,0.0
25,1,21,0.5263180732727051,0.3223756551742553,-1.10239577293396
25,1,22,0.472333550453186,0.287124752998352,-1.058723211288452
25,1,23,0.4990347921848297,0.3723443150520324,-0.9493646621704102
25,1,24,0.3201859593391418,0.5124871134757996,-0.3328547775745392
25,1,25,0.1972522139549255,0.8067681789398193,-0.2449274808168411
26,0,0,0.6107416749000549,0.8657848238945007,-9.564913483472993e-08
26,0,1,0.5837858319282532,0.8041468858718872,-0.0025596225168555
26,0,2,0.55084627866745,0.7601923942565918,-0.0127177108079195
26,0,3,0.5246496796607971,0.7246586680412292,-0.0236433874815702
26,0,4,0.5181097388267517,0.6922948360443115,-0.0339623801410198
26,0,5,0.5042552947998047,0.798803985118866,-0.0201937984675169
26,0,6,0.4649965465068817,0.78549724817276,-0.0324007719755172
26,0,7,0.4875749051570892,0.7829505801200867,-0.0410222709178924
26,0,8,0.5111267566680908,0.7886363863945007,-0.0451596342027187
26,0,9,0.4991708099842071,0.8415003418922424,-0.0243721064180135
26,0,10,0.4647061824798584,0.82044517993927,-0.0269108787178993
26,0,11,0.4837930500507355,0.8161500692367554,-0.0265488047152757
26,0,12,0.504081666469574,0.8225249648094177,-0.0284078195691108
26,0,13,0.5018971562385559,0.8792292475700378,-0.0276379399001598
26,0,14,0.4726585149765014,0.8541527390480042,-0.0256651304662227
26,0,15,0.4887986183166504,0.8506280183792114,-0.0178318619728088
26,0,16,0.508333683013916,0.8564772605895996,-0.0153289968147873
26,0,17,0.5085424184799194,0.9105890989303588,-0.0313450768589973
26,0,18,0.4840550124645233,0.8874387741088867,-0.026167407631874
26,0,19,0.4988374710083008,0.8818628191947937,-0.0145739624276757
26,0,20,0.515663743019104,0.8857852220535278,-0.006973132956773
26,0,21,0.5271104574203491,0.3201035261154175,-1.0513089895248413
26,0,22,0.557141900062561,0.2723593115806579,-1.0024027824401855
26,0,23,0.5587975978851318,0.3611437082290649,-0.8979930877685547
26,0,24,0.7289474010467529,0.5305107831954956,-0.3455634713172912
26,0,25,0.8419275283813477,0.8827691078186035,-0.5549191832542419
26,1,0,0.0,0.0,0.0
26,1,1,0.0,0.0,0.0
26,1,2,0.0,0.0,0.0
26,1,3,0.0,0.0,0.0
26,1,4,0.0,0.0,0.0
26,1,5,0.0,0.0,0.0
26,1,6,0.0,0.0,0.0
26,1,7,0.0,0.0,0.0
26,1,8,0.0,0.0,0.0
26,1,9,0.0,0.0,0.0
26,1,10,0.0,0.0,0.0
26,1,11,0.0,0.0,0.0
26,1,12,0.0,0.0,0.0
26,1,13,0.0,0.0,0.0
26,1,14,0.0,0.0,0.0
26,1,15,0.0,0.0,0.0
26,1,16,0.0,0.0,0.0
26,1,17,0.0,0.0,0.0
26,1,18,0.0,0.0,0.0
26,1,19,0.0,0.0,0.0
26,1,20,0.0,0.0,0.0
26,1,21,0.5271104574203491,0.3201035261154175,-1.0513089895248413
26,1,22,0.4734786748886108,0.2852210998535156,-1.00770902633667
26,1,23,0.5009501576423645,0.370690107345581,-0.9039185643196106
26,1,24,0.3212460279464721,0.5136174559593201,-0.3193642199039459
26,1,25,0.1948503851890564,0.8121415376663208,-0.2756508290767669
27,0,0,0.6097208261489868,0.8676636219024658,-5.564599803165039e-08
27,0,1,0.5841382741928101,0.8068265914916992,-0.0042230361141264
27,0,2,0.5519378185272217,0.7618008852005005,-0.0153723144903779
27,0,3,0.5287438035011292,0.7250850200653076,-0.0264912731945514
27,0,4,0.522390604019165,0.6933038830757141,-0.0367943421006202
27,0,5,0.5055270791053772,0.798943281173706,-0.0245954766869545
27,0,6,0.4670236706733703,0.7839766144752502,-0.0367147512733936
27,0,7,0.4903602600097656,0.7817814350128174,-0.0441987514495849
27,0,8,0.5129793286323547,0.7879703044891357,-0.0475519895553588
27,0,9,0.498565673828125,0.8411148190498352,-0.0274521671235561
27,0,10,0.4647617936134338,0.8185446262359619,-0.0296978168189525
27,0,11,0.4845218360424042,0.8151004314422607,-0.0278413854539394
27,0,12,0.5040404796600342,0.8225017189979553,-0.0286275632679462
27,0,13,0.4996108114719391,0.8786054849624634,-0.0293553210794925
27,0,14,0.4709932208061218,0.8523052334785461,-0.0266920793801546
27,0,15,0.4879423379898071,0.849960446357727,-0.0180900022387504
27,0,16,0.5069246888160706,0.8568985462188721,-0.0151411304250359
27,0,17,0.5051002502441406,0.9098687767982484,-0.0318179614841938
27,0,18,0.4815719425678253,0.8856325149536133,-0.02637629956007
27,0,19,0.4968394935131073,0.8812668919563293,-0.0150576001033186
27,0,20,0.5128746628761292,0.8867128491401672,-0.0076524252071976
27,0,21,0.52390056848526,0.322636067867279,-1.0062826871871948
27,0,22,0.5550890564918518,0.2746515870094299,-0.9590196013450624
27,0,23,0.5564860701560974,0.3628512620925903,-0.8534781336784363
27,0,24,0.7297111749649048,0.5266203284263611,-0.3130295276641845
27,0,25,0.8424403667449951,0.8740047216415405,-0.5352327823638916
27,1,0,0.0,0.0,0.0
27,1,1,0.0,0.0,0.0
27,1,2,0.0,0.0,0.0
27,1,3,0.0,0.0,0.0
27,1,4,0.0,0.0,0.0
27,1,5,0.0,0.0,0.0
27,1,6,0.0,0.0,0.0
27,1,7,0.0,0.0,0.0
27,1,8,0.0,0.0,0.0
27,1,9,0.0,0.0,0.0
27,1,10,0.0,0.0,0.0
27,1,11,0.0,0.0,0.0
27,1,12,0.0,0.0,0.0
27,1,13,0.0,0.0,0.0
27,1,14,0.0,0.0,0.0
27,1,15,0.0,0.0,0.0
27,1,16,0.0,0.0,0.0
27,1,17,0.0,0.0,0.0
27,1,18,0.0,0.0,0.0
27,1,19,0.0,0.0,0.0
27,1,20,0.0,0.0,0.0
27,1,21,0.52390056848526,0.322636067867279,-1.0062826871871948
27,1,22,0.4711140394210815,0.2892643809318542,-0.9632940292358398
27,1,23,0.4959876239299774,0.3720896244049072,-0.8583351373672485
27,1,24,0.3206537961959839,0.513037383556366,-0.2730104923248291
27,1,25,0.1953740119934082,0.8024539351463318,-0.270772248506546
28,0,0,0.6108896136283875,0.8633967638015747,-7.153397518777639e-08
28,0,1,0.5847117304801941,0.8015515804290771,-0.0034064326900988
28,0,2,0.5517735481262207,0.756679356098175,-0.0139914276078343
28,0,3,0.5276745557785034,0.7198734283447266,-0.0251240916550159
28,0,4,0.5198824405670166,0.6880326271057129,-0.0357310026884079
28,0,5,0.5058680772781372,0.7928564548492432,-0.0214201789349317
28,0,6,0.4687502682209015,0.7806651592254639,-0.0332835093140602
28,0,7,0.4903013110160827,0.7780389785766602,-0.04123230651021
28,0,8,0.5116015672683716,0.7827838659286499,-0.0451591536402702
28,0,9,0.5006828308105469,0.8352267742156982,-0.0254330411553382
28,0,10,0.4664181172847748,0.8164376616477966,-0.0279379952698946
28,0,11,0.485404759645462,0.8127375841140747,-0.0270801167935132
28,0,12,0.5049694180488586,0.8190802335739136,-0.0285691395401954
28,0,13,0.5030414462089539,0.8739671111106873,-0.0286606401205062
28,0,14,0.4738085865974426,0.8508362174034119,-0.0270459428429603
28,0,15,0.4901760816574096,0.8477576971054077,-0.0189275760203599
28,0,16,0.5090641975402832,0.8536425828933716,-0.016105193644762
28,0,17,0.5098510980606079,0.9070279598236084,-0.0323292091488838
28,0,18,0.4845068752765655,0.8843218088150024,-0.0275996830314397
28,0,19,0.4998560547828674,0.8791406154632568,-0.015760937705636
28,0,20,0.5164052248001099,0.8836467862129211,-0.0078963171690702
28,0,21,0.5305725932121277,0.3274738192558288,-1.1266858577728271
28,0,22,0.5604681968688965,0.2799587845802307,-1.0717806816101074
28,0,23,0.5593396425247192,0.3665239810943603,-0.951695442199707
28,0,24,0.7276912331581116,0.5259817242622375,-0.3233470320701599
28,0,25,0.8529610633850098,0.87957364320755,-0.6129846572875977
28,1,0,0.0,0.0,0.0
28,1,1,0.0,0.0,0.0
28,1,2,0.0,0.0,0.0
28,1,3,0.0,0.0,0.0
28,1,4,0.0,0.0,0.0
28,1,5,0.0,0.0,0.0
28,1,6,0.0,0.0,0.0
28,1,7,0.0,0.0,0.0
28,1,8,0.0,0.0,0.0
28,1,9,0.0,0.0,0.0
28,1,10,0.0,0.0,0.0
28,1,11,0.0,0.0,0.0
28,1,12,0.0,0.0,0.0
28,1,13,0.0,0.0,0.0
28,1,14,0.0,0.0,0.0
28,1,15,0.0,0.0,0.0
28,1,16,0.0,0.0,0.0
28,1,17,0.0,0.0,0.0
28,1,18,0.0,0.0,0.0
28,1,19,0.0,0.0,0.0
28,1,20,0.0,0.0,0.0
28,1,21,0.5305725932121277,0.3274738192558288,-1.1266858577728271
28,1,22,0.4769131541252136,0.2921523451805115,-1.0752326250076294
28,1,23,0.5009294152259827,0.3750508427619934,-0.9557098746299744
28,1,24,0.3221813440322876,0.5110106468200684,-0.2567017376422882
28,1,25,0.1929115355014801,0.806294858455658,-0.1750923693180084
32,0,0,0.6115755438804626,0.8602178692817688,-6.635963245571477e-08
32,0,1,0.5864648222923279,0.798748791217804,-0.0038388560060411
32,0,2,0.5557727813720703,0.7537279725074768,-0.0150292739272117
32,0,3,0.533018946647644,0.7162001132965088,-0.0264288056641817
32,0,4,0.5262928605079651,0.6844475269317627,-0.037079706788063
32,0,5,0.5106701850891113,0.7905460000038147,-0.024084573611617
32,0,6,0.4700596332550049,0.7759957313537598,-0.0368459373712539
32,0,7,0.4936992526054382,0.7744821906089783,-0.044990312308073
32,0,8,0.5171890258789062,0.7809252142906189,-0.0486234091222286
32,0,9,0.5034339427947998,0.8327798247337341,-0.0274971462786197
32,0,10,0.4680767953395843,0.8111124634742737,-0.030115133151412
32,0,11,0.4877500534057617,0.8076165318489075,-0.0286195408552885
32,0,12,0.5079421401023865,0.8145199418067932,-0.0296334587037563
32,0,13,0.5041930675506592,0.8705494999885559,-0.0300426911562681
32,0,14,0.4748266935348511,0.8441489338874817,-0.0282385796308517
32,0,15,0.4920869767665863,0.8419903516769409,-0.0195096489042043
32,0,16,0.5115460157394409,0.8488032221794128,-0.0163698121905326
32,0,17,0.509719967842102,0.9018230438232422,-0.0330874510109424
32,0,18,0.4866321980953216,0.8773667812347412,-0.0286065060645341
32,0,19,0.5027735233306885,0.8739704489707947,-0.0170561373233795
32,0,20,0.5191428661346436,0.8797043561935425,-0.0093591408804059
32,0,21,0.5290026664733887,0.3284805417060852,-1.2099032402038574
32,0,22,0.5594235062599182,0.2809547185897827,-1.150608777999878
32,0,23,0.5585086941719055,0.3669815063476562,-1.0246814489364624
32,0,24,0.7208703756332397,0.5224325060844421,-0.3831067085266113
32,0,25,0.8517048358917236,0.8850179314613342,-0.7439760565757751
32,1,0,0.0,0.0,0.0
32,1,1,0.0,0.0,0.0
32,1,2,0.0,0.0,0.0
32,1,3,0.0,0.0,0.0
32,1,4,0.0,0.0,0.0
32,1,5,0.0,0.0,0.0
32,1,6,0.0,0.0,0.0
32,1,7,0.0,0.0,0.0
32,1,8,0.0,0.0,0.0
32,1,9,0.0,0.0,0.0
32,1,10,0.0,0.0,0.0
32,1,11,0.0,0.0,0.0
32,1,12,0.0,0.0,0.0
32,1,13,0.0,0.0,0.0
32,1,14,0.0,0.0,0.0
32,1,15,0.0,0.0,0.0
32,1,16,0.0,0.0,0.0
32,1,17,0.0,0.0,0.0
32,1,18,0.0,0.0,0.0
32,1,19,0.0,0.0,0.0
32,1,20,0.0,0.0,0.0
32,1,21,0.5290026664733887,0.3284805417060852,-1.2099032402038574
32,1,22,0.4771734774112701,0.2913974523544311,-1.1475456953048706
32,1,23,0.4966501295566559,0.3752585649490356,-1.0208806991577148
32,1,24,0.3265531659126282,0.5084453821182251,-0.2324570715427398
32,1,25,0.1993716061115265,0.8051639199256897,-0.188696801662445
33,0,0,0.6153364181518555,0.8564670085906982,-6.59166801142419e-08
33,0,1,0.5890953540802002,0.7952072024345398,-0.0027821431867778
33,0,2,0.5558509230613708,0.7498759627342224,-0.0129055408760905
33,0,3,0.5325201153755188,0.7123211622238159,-0.0233857799321413
33,0,4,0.5265069603919983,0.6800153255462646,-0.0333377011120319
33,0,5,0.5101295709609985,0.7843755483627319,-0.0223162621259689
33,0,6,0.4711144864559173,0.7738081216812134,-0.0337195806205272
33,0,7,0.4947409033775329,0.7727515697479248,-0.0411051884293556
33,0,8,0.5166229009628296,0.777381181716919,-0.0446745343506336
33,0,9,0.5040192604064941,0.8265878558158875,-0.0262610521167516
33,0,10,0.4684530198574066,0.8089293241500854,-0.028477368876338
33,0,11,0.4887829124927521,0.8062612414360046,-0.0266706384718418
33,0,12,0.508928120136261,0.8118278384208679,-0.0273583680391311
33,0,13,0.5056030750274658,0.8649410605430603,-0.0293057970702648
33,0,14,0.4751999080181122,0.8429161310195923,-0.0274260304868221
33,0,15,0.4925900101661682,0.8411216139793396,-0.0187670439481735
33,0,16,0.5118325352668762,0.8466066718101501,-0.0154714398086071
33,0,17,0.5118618607521057,0.8970822691917419,-0.0327451787889003
33,0,18,0.4860414862632751,0.876600444316864,-0.0282743275165557
33,0,19,0.5020906329154968,0.8735477924346924,-0.0167199932038784
33,0,20,0.5183655023574829,0.878061830997467,-0.0089441211894154
33,0,21,0.5314074158668518,0.3234198093414306,-1.223702073097229
33,0,22,0.5619807839393616,0.2761880159378052,-1.1627730131149292
33,0,23,0.560348629951477,0.3636741638183594,-1.0381534099578855
33,0,24,0.7269229292869568,0.5286287665367126,-0.3698472380638122
33,0,25,0.8553953170776367,0.8884264826774597,-0.7034584879875183
33,1,0,0.0,0.0,0.0
33,1,1,0.0,0.0,0.0
33,1,2,0.0,0.0,0.0
33,1,3,0.0,0.0,0.0
33,1,4,0.0,0.0,0.0
33,1,5,0.0,0.0,0.0
33,1,6,0.0,0.0,0.0
33,1,7,0.0,0.0,0.0
33,1,8,0.0,0.0,0.0
33,1,9,0.0,0.0,0.0
33,1,10,0.0,0.0,0.0
33,1,11,0.0,0.0,0.0
33,1,12,0.0,0.0,0.0
33,1,13,0.0,0.0,0.0
33,1,14,0.0,0.0,0.0
33,1,15,0.0,0.0,0.0
33,1,16,0.0,0.0,0.0
33,1,17,0.0,0.0,0.0
33,1,18,0.0,0.0,0.0
33,1,19,0.0,0.0,0.0
33,1,20,0.0,0.0,0.0
33,1,21,0.5314074158668518,0.3234198093414306,-1.223702073097229
33,1,22,0.4794630706310272,0.2882241606712341,-1.1653060913085938
33,1,23,0.4994669258594513,0.3712295889854431,-1.0407058000564575
33,1,24,0.3258134722709656,0.5097596645355225,-0.2912872433662414
33,1,25,0.1954129040241241,0.8046727180480957,-0.1719876378774643
34,0,0,0.616489589214325,0.8577744960784912,-8.02045079240088e-08
34,0,1,0.5907201766967773,0.7957056164741516,-0.0031052257400006
34,0,2,0.5574327111244202,0.7496970891952515,-0.013638119213283
34,0,3,0.5338425636291504,0.7111837863922119,-0.0243829637765884
34,0,4,0.5278670191764832,0.6785699129104614,-0.0344864539802074
34,0,5,0.5116052627563477,0.7836050987243652,-0.0242413505911827
34,0,6,0.4712367057800293,0.7705808281898499,-0.0362268611788749
34,0,7,0.4958962500095367,0.7692849636077881,-0.043718546628952
34,0,8,0.5182899236679077,0.7750164270401001,-0.0473004467785358
34,0,9,0.5048737525939941,0.8264504075050354,-0.0281639955937862
34,0,10,0.4691363871097564,0.8065991997718811,-0.0304271150380373
34,0,11,0.4903413951396942,0.8041731715202332,-0.0282896887511014
34,0,12,0.5105287432670593,0.8109261393547058,-0.02889184653759
34,0,13,0.5062791109085083,0.8650448322296143,-0.0311211980879306
34,0,14,0.4769208133220672,0.8408460021018982,-0.028759540989995
34,0,15,0.4944922029972076,0.839674711227417,-0.0196024626493453
34,0,16,0.5132884383201599,0.8463945388793945,-0.0162669159471988
34,0,17,0.512584388256073,0.8972342610359192,-0.0345519967377185
34,0,18,0.4874781370162964,0.8743639588356018,-0.0296133384108543
34,0,19,0.5039557814598083,0.8715792298316956,-0.0176827404648065
34,0,20,0.5202206373214722,0.8775067329406738,-0.0098039675503969
34,0,21,0.5319280028343201,0.3364084959030151,-1.2954649925231934
34,0,22,0.5604967474937439,0.2856011390686035,-1.2321428060531616
34,0,23,0.5606096982955933,0.3726613521575928,-1.101523756980896
34,0,24,0.724412202835083,0.52789705991745,-0.4009101092815399
34,0,25,0.852867841720581,0.8840063810348511,-0.7419029474258423
34,1,0,0.0,0.0,0.0
34,1,1,0.0,0.0,0.0
34,1,2,0.0,0.0,0.0
34,1,3,0.0,0.0,0.0
34,1,4,0.0,0.0,0.0
34,1,5,0.0,0.0,0.0
34,1,6,0.0,0.0,0.0
34,1,7,0.0,0.0,0.0
34,1,8,0.0,0.0,0.0
34,1,9,0.0,0.0,0.0
34,1,10,0.0,0.0,0.0
34,1,11,0.0,0.0,0.0
34,1,12,0.0,0.0,0.0
34,1,13,0.0,0.0,0.0
34,1,14,0.0,0.0,0.0
34,1,15,0.0,0.0,0.0
34,1,16,0.0,0.0,0.0
34,1,17,0.0,0.0,0.0
34,1,18,0.0,0.0,0.0
34,1,19,0.0,0.0,0.0
34,1,20,0.0,0.0,0.0
34,1,21,0.5319280028343201,0.3364084959030151,-1.2954649925231934
34,1,22,0.4801894128322601,0.2985508441925049,-1.2341316938400269
34,1,23,0.5003709197044373,0.3818750977516174,-1.1029889583587646
34,1,24,0.3291888833045959,0.5096509456634521,-0.2985190153121948
34,1,25,0.1987695395946502,0.8022816181182861,-0.099919207394123
36,0,0,0.6172736883163452,0.8557029366493225,-7.109110811143182e-08
36,0,1,0.5926659107208252,0.7928605079650879,-0.0027266559191048
36,0,2,0.5570843815803528,0.7457730770111084,-0.0120588699355721
36,0,3,0.5324426889419556,0.7074127793312073,-0.0218196418136358
36,0,4,0.5291752219200134,0.674210250377655,-0.0311501007527112
36,0,5,0.5118302702903748,0.7779865264892578,-0.0205861460417509
36,0,6,0.4725579023361206,0.7668347954750061,-0.0316677764058113
36,0,7,0.4973332285881042,0.7675380110740662,-0.0393027365207672
36,0,8,0.5197265148162842,0.772835373878479,-0.0433209836483001
36,0,9,0.5051694512367249,0.8202142119407654,-0.0249958466738462
36,0,10,0.4693168401718139,0.8023967146873474,-0.0278524570167064
36,0,11,0.4913825094699859,0.8015986084938049,-0.0267122089862823
36,0,12,0.512418270111084,0.8073703646659851,-0.0274872258305549
36,0,13,0.5061838626861572,0.8588727712631226,-0.0286120828241109
36,0,14,0.4764880239963531,0.8374449014663696,-0.0272439140826463
36,0,15,0.4952226281166076,0.8370674252510071,-0.0187189690768718
36,0,16,0.5145569443702698,0.8424636125564575,-0.0153019241988658
36,0,17,0.5122373104095459,0.891295850276947,-0.0326613746583461
36,0,18,0.4873553812503814,0.869681179523468,-0.0286423116922378
36,0,19,0.504655659198761,0.867495596408844,-0.016992213204503
36,0,20,0.5208892822265625,0.8721816539764404,-0.0090672085061669
36,0,21,0.5301420092582703,0.3339012861251831,-1.250603199005127
36,0,22,0.5596559643745422,0.2850123047828674,-1.1931365728378296
36,0,23,0.5598462224006653,0.369918942451477,-1.068155288696289
36,0,24,0.722260057926178,0.5257325768470764,-0.4379025399684906
36,0,25,0.8526695966720581,0.8813455700874329,-0.7942512035369873
36,1,0,0.0,0.0,0.0
36,1,1,0.0,0.0,0.0
36,1,2,0.0,0.0,0.0
36,1,3,0.0,0.0,0.0
36,1,4,0.0,0.0,0.0
36,1,5,0.0,0.0,0.0
36,1,6,0.0,0.0,0.0
36,1,7,0.0,0.0,0.0
36,1,8,0.0,0.0,0.0
36,1,9,0.0,0.0,0.0
36,1,10,0.0,0.0,0.0
36,1,11,0.0,0.0,0.0
36,1,12,0.0,0.0,0.0
36,1,13,0.0,0.0,0.0
36,1,14,0.0,0.0,0.0
36,1,15,0.0,0.0,0.0
36,1,16,0.0,0.0,0.0
36,1,17,0.0,0.0,0.0
36,1,18,0.0,0.0,0.0
36,1,19,0.0,0.0,0.0
36,1,20,0.0,0.0,0.0
36,1,21,0.5301420092582703,0.3339012861251831,-1.250603199005127
36,1,22,0.4784632623195648,0.2954398989677429,-1.1869319677352903
36,1,23,0.4973908364772796,0.3792686462402344,-1.0603028535842896
36,1,24,0.3228300809860229,0.5094234943389893,-0.2455464899539947
36,1,25,0.1948897242546081,0.8006359338760376,-0.1520013660192489
