Frame,Hand,Landmark,X,Y,Z
1,0,0,0.8136973977088928,0.5220173001289368,2.307266413481557e-07
1,0,1,0.8395872116088867,0.4807458221912384,0.0049704085104167
1,0,2,0.8417511582374573,0.4345080256462097,0.004519160836935
1,0,3,0.8380869030952454,0.3983921706676483,0.0020403619855642
1,0,4,0.8413368463516235,0.3696722686290741,-0.0014346142997965
1,0,5,0.8128347396850586,0.3967713415622711,-0.0067920801229774
1,0,6,0.8014726042747498,0.3387467265129089,-0.0170583203434944
1,0,7,0.7946710586547852,0.302767813205719,-0.0228930637240409
1,0,8,0.7891603708267212,0.2753056287765503,-0.0263718906790018
1,0,9,0.7910426259040833,0.3994037806987762,-0.015870526432991
1,0,10,0.7749174237251282,0.334867000579834,-0.0259081907570362
1,0,11,0.7643329501152039,0.294289618730545,-0.0319832265377044
1,0,12,0.75502610206604,0.2633590698242187,-0.0356489829719066
1,0,13,0.7682953476905823,0.4113810360431671,-0.0241213086992502
1,0,14,0.7461531162261963,0.3517932891845703,-0.0334021300077438
1,0,15,0.732488214969635,0.3153700828552246,-0.0399293266236782
1,0,16,0.7224880456924438,0.2875259518623352,-0.0441342778503894
1,0,17,0.7455565929412842,0.4320425987243652,-0.0313514545559883
1,0,18,0.7217687964439392,0.3953198194503784,-0.0409466028213501
1,0,19,0.7057467103004456,0.3695777058601379,-0.045057725161314
1,0,20,0.6924787163734436,0.3479751348495483,-0.046694029122591
1,0,21,0.5210533142089844,0.2962460517883301,-0.7075127959251404
1,0,22,0.5482190847396851,0.2521283626556396,-0.6432353854179382
1,0,23,0.542426347732544,0.3422088027000427,-0.5607664585113525
1,0,24,0.6763467788696289,0.5240747928619385,-0.0063036270439624
1,0,25,0.8574652075767517,0.8221244812011719,-0.405592143535614
1,1,0,0.0,0.0,0.0
1,1,1,0.0,0.0,0.0
1,1,2,0.0,0.0,0.0
1,1,3,0.0,0.0,0.0
1,1,4,0.0,0.0,0.0
1,1,5,0.0,0.0,0.0
1,1,6,0.0,0.0,0.0
1,1,7,0.0,0.0,0.0
1,1,8,0.0,0.0,0.0
1,1,9,0.0,0.0,0.0
1,1,10,0.0,0.0,0.0
1,1,11,0.0,0.0,0.0
1,1,12,0.0,0.0,0.0
1,1,13,0.0,0.0,0.0
1,1,14,0.0,0.0,0.0
1,1,15,0.0,0.0,0.0
1,1,16,0.0,0.0,0.0
1,1,17,0.0,0.0,0.0
1,1,18,0.0,0.0,0.0
1,1,19,0.0,0.0,0.0
1,1,20,0.0,0.0,0.0
1,1,21,0.5210533142089844,0.2962460517883301,-0.7075127959251404
1,1,22,0.4735058546066284,0.2593410611152649,-0.6730684041976929
1,1,23,0.4901050627231598,0.3449136614799499,-0.6014018654823303
1,1,24,0.2869524359703064,0.4978514909744262,-0.2441562861204147
1,1,25,0.1856358349323272,0.8290365934371948,-0.4101405739784241
2,0,0,0.814749002456665,0.5238215327262878,2.2062093307795294e-07
2,0,1,0.8393844962120056,0.4815074801445007,0.0051387506537139
2,0,2,0.8409440517425537,0.4338803291320801,0.0050208140164613
2,0,3,0.8375314474105835,0.3971903324127197,0.0027724313549697
2,0,4,0.8416125178337097,0.3686265647411346,-0.0004369622329249
2,0,5,0.811067521572113,0.3960845470428467,-0.0053169392049312
2,0,6,0.8005724549293518,0.3378353416919708,-0.0152930598706007
2,0,7,0.7942931652069092,0.3016983270645141,-0.0212217755615711
2,0,8,0.7897571921348572,0.2741239666938782,-0.0247420817613601
2,0,9,0.7894354462623596,0.3984577059745788,-0.0144149689003825
2,0,10,0.7730098366737366,0.3342580497264862,-0.0235070679336786
2,0,11,0.7627090215682983,0.2939566373825073,-0.0289961975067853
2,0,12,0.7542712092399597,0.2632269859313965,-0.0323508828878402
2,0,13,0.7671395540237427,0.4103748500347137,-0.0228415299206972
2,0,14,0.7448731064796448,0.3503749668598175,-0.0310536287724971
2,0,15,0.7317414283752441,0.3140879869461059,-0.0370000712573528
2,0,16,0.7226002812385559,0.2862103581428528,-0.0410467088222503
2,0,17,0.7451324462890625,0.4315410256385803,-0.0303482711315155
2,0,18,0.7209269404411316,0.3953464329242706,-0.0388872697949409
2,0,19,0.7054752111434937,0.3696343004703522,-0.0423572324216365
2,0,20,0.693173348903656,0.3482471108436584,-0.043713666498661
2,0,21,0.5203779339790344,0.2926541566848755,-0.7329743504524231
2,0,22,0.548194169998169,0.249812364578247,-0.6672568917274475
2,0,23,0.5437914133071899,0.3406301140785217,-0.5842546224594116
2,0,24,0.6816895008087158,0.5244989991188049,-0.0096572609618306
2,0,25,0.855715274810791,0.8205121755599976,-0.4007538557052612
2,1,0,0.0,0.0,0.0
2,1,1,0.0,0.0,0.0
2,1,2,0.0,0.0,0.0
2,1,3,0.0,0.0,0.0
2,1,4,0.0,0.0,0.0
2,1,5,0.0,0.0,0.0
2,1,6,0.0,0.0,0.0
2,1,7,0.0,0.0,0.0
2,1,8,0.0,0.0,0.0
2,1,9,0.0,0.0,0.0
2,1,10,0.0,0.0,0.0
2,1,11,0.0,0.0,0.0
2,1,12,0.0,0.0,0.0
2,1,13,0.0,0.0,0.0
2,1,14,0.0,0.0,0.0
2,1,15,0.0,0.0,0.0
2,1,16,0.0,0.0,0.0
2,1,17,0.0,0.0,0.0
2,1,18,0.0,0.0,0.0
2,1,19,0.0,0.0,0.0
2,1,20,0.0,0.0,0.0
2,1,21,0.5203779339790344,0.2926541566848755,-0.7329743504524231
2,1,22,0.470584362745285,0.2573824524879455,-0.7010665535926819
2,1,23,0.4906549453735351,0.3444487452507019,-0.6301611661911011
2,1,24,0.2862012982368469,0.5020853281021118,-0.2829341292381286
2,1,25,0.1872871220111847,0.8278527855873108,-0.4605555236339569
3,0,0,0.8145392537117004,0.5239377021789551,2.331930915033809e-07
3,0,1,0.839250385761261,0.4821774065494537,0.0042005209252238
3,0,2,0.8410307765007019,0.4351441264152527,0.0034733184147626
3,0,3,0.8376030921936035,0.3984931409358978,0.0008362744702026
3,0,4,0.8411309719085693,0.3697694838047027,-0.0027261232025921
3,0,5,0.8120132088661194,0.3977566361427307,-0.0072575653903186
3,0,6,0.8015400767326355,0.3394733965396881,-0.0180156417191028
3,0,7,0.7950173020362854,0.3030247092247009,-0.0242796074599027
3,0,8,0.7898787260055542,0.2750198245048523,-0.0280467495322227
3,0,9,0.7904725074768066,0.3998839557170868,-0.0161991398781538
3,0,10,0.7746279239654541,0.3353026807308197,-0.0265326090157032
3,0,11,0.763777494430542,0.2943814992904663,-0.0326557867228984
3,0,12,0.754474937915802,0.2632367014884949,-0.0362915471196174
3,0,13,0.7678680419921875,0.4116045236587524,-0.0244418140500783
3,0,14,0.7457965612411499,0.3514414727687835,-0.0338790081441402
3,0,15,0.7322098612785339,0.3147545158863067,-0.0403293743729591
3,0,16,0.7224667072296143,0.2865881323814392,-0.0444957129657268
3,0,17,0.7452512383460999,0.4326976537704468,-0.0317770801484584
3,0,18,0.7213838696479797,0.3963215947151184,-0.0415238812565803
3,0,19,0.7055807113647461,0.3705291450023651,-0.045610636472702
3,0,20,0.6927886605262756,0.3489564061164856,-0.0472288988530635
3,0,21,0.5217669010162354,0.2979055047035217,-0.6597136855125427
3,0,22,0.549270510673523,0.2562227845191955,-0.5954066514968872
3,0,23,0.5437467098236084,0.3428993821144104,-0.5129031538963318
3,0,24,0.6753745079040527,0.5278193950653076,0.063630923628807
3,0,25,0.8504428863525391,0.8182862997055054,-0.3326150774955749
3,1,0,0.0,0.0,0.0
3,1,1,0.0,0.0,0.0
3,1,2,0.0,0.0,0.0
3,1,3,0.0,0.0,0.0
3,1,4,0.0,0.0,0.0
3,1,5,0.0,0.0,0.0
3,1,6,0.0,0.0,0.0
3,1,7,0.0,0.0,0.0
3,1,8,0.0,0.0,0.0
3,1,9,0.0,0.0,0.0
3,1,10,0.0,0.0,0.0
3,1,11,0.0,0.0,0.0
3,1,12,0.0,0.0,0.0
3,1,13,0.0,0.0,0.0
3,1,14,0.0,0.0,0.0
3,1,15,0.0,0.0,0.0
3,1,16,0.0,0.0,0.0
3,1,17,0.0,0.0,0.0
3,1,18,0.0,0.0,0.0
3,1,19,0.0,0.0,0.0
3,1,20,0.0,0.0,0.0
3,1,21,0.5217669010162354,0.2979055047035217,-0.6597136855125427
3,1,22,0.4733768403530121,0.2613928318023681,-0.6322324872016907
3,1,23,0.4912669956684112,0.3449652194976806,-0.5628278255462646
3,1,24,0.2866520881652832,0.4980650544166565,-0.2482293546199798
3,1,25,0.186821162700653,0.820341944694519,-0.4100734293460846
4,0,0,0.8154516220092773,0.5253217816352844,2.203617839313665e-07
4,0,1,0.8398380279541016,0.4818557500839233,0.00519241951406
4,0,2,0.8406155109405518,0.4349783062934875,0.0046091233380138
4,0,3,0.836570143699646,0.3983900249004364,0.0018546525388956
4,0,4,0.8410797119140625,0.369633287191391,-0.0018870386993512
4,0,5,0.8106649518013,0.398093432188034,-0.0060272910632193
4,0,6,0.7998196482658386,0.3399182260036468,-0.0165761355310678
4,0,7,0.7934269309043884,0.303460419178009,-0.0230634082108736
4,0,8,0.7890019416809082,0.2752685546875,-0.0270107761025428
4,0,9,0.7894608974456787,0.4007421731948852,-0.0155062787234783
4,0,10,0.7724713087081909,0.3365418910980224,-0.0249666925519704
4,0,11,0.7617243528366089,0.2960004508495331,-0.0309493076056242
4,0,12,0.7530907392501831,0.2645602524280548,-0.0348364450037479
4,0,13,0.767344057559967,0.4128987193107605,-0.0242705792188644
4,0,14,0.7455466985702515,0.3522835373878479,-0.0328578576445579
4,0,15,0.7325522303581238,0.3154833018779754,-0.0393633358180522
4,0,16,0.7234476804733276,0.2871348559856415,-0.0439269691705703
4,0,17,0.7452449798583984,0.4344338476657867,-0.0320643410086631
4,0,18,0.7214496731758118,0.3980758488178253,-0.0408809371292591
4,0,19,0.7060175538063049,0.3720556199550628,-0.0446553006768226
4,0,20,0.6935698390007019,0.3503676056861877,-0.0463584661483764
4,0,21,0.519013524055481,0.2942818403244018,-0.7082576751708984
4,0,22,0.5475814342498779,0.2526948451995849,-0.6449978351593018
4,0,23,0.5429078936576843,0.3394166827201843,-0.5597239136695862
4,0,24,0.6807979941368103,0.5225009322166443,0.0127230156213045
4,0,25,0.8566930294036865,0.8160878419876099,-0.3961790800094604
4,1,0,0.0,0.0,0.0
4,1,1,0.0,0.0,0.0
4,1,2,0.0,0.0,0.0
4,1,3,0.0,0.0,0.0
4,1,4,0.0,0.0,0.0
4,1,5,0.0,0.0,0.0
4,1,6,0.0,0.0,0.0
4,1,7,0.0,0.0,0.0
4,1,8,0.0,0.0,0.0
4,1,9,0.0,0.0,0.0
4,1,10,0.0,0.0,0.0
4,1,11,0.0,0.0,0.0
4,1,12,0.0,0.0,0.0
4,1,13,0.0,0.0,0.0
4,1,14,0.0,0.0,0.0
4,1,15,0.0,0.0,0.0
4,1,16,0.0,0.0,0.0
4,1,17,0.0,0.0,0.0
4,1,18,0.0,0.0,0.0
4,1,19,0.0,0.0,0.0
4,1,20,0.0,0.0,0.0
4,1,21,0.519013524055481,0.2942818403244018,-0.7082576751708984
4,1,22,0.4703947305679321,0.2593309283256531,-0.6783719062805176
4,1,23,0.4892238974571228,0.3429698944091797,-0.6053174734115601
4,1,24,0.2884975373744964,0.4963317513465881,-0.2507465779781341
4,1,25,0.1869983673095703,0.8093297481536865,-0.4017456769943237
6,0,0,0.8134976625442505,0.5231301188468933,2.338717024485959e-07
6,0,1,0.8382763862609863,0.4803671538829803,0.0047103511169552
6,0,2,0.8403192162513733,0.4343853294849396,0.0036358137149363
6,0,3,0.8365437388420105,0.3984501361846924,0.0006685052649118
6,0,4,0.8401623964309692,0.3699866831302643,-0.0032691224478185
6,0,5,0.810799777507782,0.3971546292304992,-0.0080583114176988
6,0,6,0.7994685769081116,0.3394336104393005,-0.0188849195837974
6,0,7,0.7931519746780396,0.3035829663276672,-0.0251614712178707
6,0,8,0.7887219786643982,0.2757785320281982,-0.0288987047970294
6,0,9,0.7888306379318237,0.4001897275447845,-0.0171844214200973
6,0,10,0.7722135782241821,0.3360348045825958,-0.0273219887167215
6,0,11,0.7622448205947876,0.2955402731895447,-0.0331801362335681
6,0,12,0.7542316913604736,0.2643475532531738,-0.0368307307362556
6,0,13,0.766179621219635,0.4127328991889953,-0.0255048610270023
6,0,14,0.7450158596038818,0.3519007861614227,-0.0348790176212787
6,0,15,0.7322695851325989,0.3152934610843658,-0.0412910245358943
6,0,16,0.7233759164810181,0.2874145209789276,-0.0455161146819591
6,0,17,0.7439748644828796,0.4341359138488769,-0.0327947922050952
6,0,18,0.7210811972618103,0.3962448239326477,-0.0424963161349296
6,0,19,0.7057062983512878,0.370012491941452,-0.0464832633733749
6,0,20,0.6930105686187744,0.3484728932380676,-0.0480811856687068
6,0,21,0.5207120776176453,0.2935073971748352,-0.7579270601272583
6,0,22,0.5495420098304749,0.2506802082061767,-0.6910788416862488
6,0,23,0.5431497693061829,0.3408263325691223,-0.6030345559120178
6,0,24,0.6814495325088501,0.5247352719306946,-0.0028387573547661
6,0,25,0.8497024774551392,0.8232300281524658,-0.419255793094635
6,1,0,0.0,0.0,0.0
6,1,1,0.0,0.0,0.0
6,1,2,0.0,0.0,0.0
6,1,3,0.0,0.0,0.0
6,1,4,0.0,0.0,0.0
6,1,5,0.0,0.0,0.0
6,1,6,0.0,0.0,0.0
6,1,7,0.0,0.0,0.0
6,1,8,0.0,0.0,0.0
6,1,9,0.0,0.0,0.0
6,1,10,0.0,0.0,0.0
6,1,11,0.0,0.0,0.0
6,1,12,0.0,0.0,0.0
6,1,13,0.0,0.0,0.0
6,1,14,0.0,0.0,0.0
6,1,15,0.0,0.0,0.0
6,1,16,0.0,0.0,0.0
6,1,17,0.0,0.0,0.0
6,1,18,0.0,0.0,0.0
6,1,19,0.0,0.0,0.0
6,1,20,0.0,0.0,0.0
6,1,21,0.5207120776176453,0.2935073971748352,-0.7579270601272583
6,1,22,0.4717476367950439,0.2571836709976196,-0.7224520444869995
6,1,23,0.4908085763454437,0.3450806736946106,-0.6451006531715393
6,1,24,0.2888367772102356,0.496946632862091,-0.2534042000770569
6,1,25,0.1820191144943237,0.8169339895248413,-0.3609837591648102
8,0,0,0.8145695924758911,0.5229979157447815,2.3770408574819165e-07
8,0,1,0.8388431072235107,0.4805448949337005,0.0051448917947709
8,0,2,0.8403900265693665,0.4345520138740539,0.0041773407720029
8,0,3,0.8367477655410767,0.3984145522117615,0.001301278360188
8,0,4,0.8407071232795715,0.3696483373641968,-0.0025586793199181
8,0,5,0.8110625743865967,0.3970874845981598,-0.0079916566610336
8,0,6,0.8001928925514221,0.3393174111843109,-0.0187461655586957
8,0,7,0.7939628958702087,0.3033113479614258,-0.0248022582381963
8,0,8,0.7895705103874207,0.2757131457328796,-0.02837535738945
8,0,9,0.7892507314682007,0.4001308977603912,-0.0173046328127384
8,0,10,0.773065984249115,0.3358418345451355,-0.0276600308716297
8,0,11,0.7628968358039856,0.2952486872673034,-0.0334390476346015
8,0,12,0.7546140551567078,0.2642270922660827,-0.0369289070367813
8,0,13,0.7665629982948303,0.4128812253475189,-0.0257294345647096
8,0,14,0.7452684640884399,0.3519076406955719,-0.0352230258285999
8,0,15,0.7322512269020081,0.3151944875717163,-0.0415660552680492
8,0,16,0.7231038212776184,0.2871515154838562,-0.0457131154835224
8,0,17,0.7443267107009888,0.4347976446151733,-0.033039391040802
8,0,18,0.7211408019065857,0.3976488411426544,-0.0428176261484622
8,0,19,0.705689013004303,0.371564507484436,-0.046825785189867
8,0,20,0.692940890789032,0.3499106168746948,-0.0484191589057445
8,0,21,0.5176029205322266,0.2936806678771972,-0.7408275008201599
8,0,22,0.5474432706832886,0.2502189874649048,-0.6773903965950012
8,0,23,0.5406333208084106,0.3407157063484192,-0.5881243348121643
8,0,24,0.6824049949645996,0.5222651958465576,0.0017284235218539
8,0,25,0.8443679809570312,0.8140469789505005,-0.3869248032569885
8,1,0,0.0,0.0,0.0
8,1,1,0.0,0.0,0.0
8,1,2,0.0,0.0,0.0
8,1,3,0.0,0.0,0.0
8,1,4,0.0,0.0,0.0
8,1,5,0.0,0.0,0.0
8,1,6,0.0,0.0,0.0
8,1,7,0.0,0.0,0.0
8,1,8,0.0,0.0,0.0
8,1,9,0.0,0.0,0.0
8,1,10,0.0,0.0,0.0
8,1,11,0.0,0.0,0.0
8,1,12,0.0,0.0,0.0
8,1,13,0.0,0.0,0.0
8,1,14,0.0,0.0,0.0
8,1,15,0.0,0.0,0.0
8,1,16,0.0,0.0,0.0
8,1,17,0.0,0.0,0.0
8,1,18,0.0,0.0,0.0
8,1,19,0.0,0.0,0.0
8,1,20,0.0,0.0,0.0
8,1,21,0.5176029205322266,0.2936806678771972,-0.7408275008201599
8,1,22,0.4696343243122101,0.2560548186302185,-0.7088199257850647
8,1,23,0.4875953793525696,0.3446727395057678,-0.6307479739189148
8,1,24,0.2875367105007171,0.5001664161682129,-0.256140649318695
8,1,25,0.1876004934310913,0.820340633392334,-0.4351202547550201
9,0,0,0.8144010305404663,0.5243220925331116,2.328011134977715e-07
9,0,1,0.838994562625885,0.4808482527732849,0.004953374620527
9,0,2,0.8402057886123657,0.4343367218971252,0.0044273473322391
9,0,3,0.8360454440116882,0.3982047736644745,0.0018423835281282
9,0,4,0.8405225276947021,0.3697311878204345,-0.0017242340836673
9,0,5,0.8110589385032654,0.3975247740745544,-0.0062047229148447
9,0,6,0.7999352812767029,0.3398370742797851,-0.0165025424212217
9,0,7,0.7937684059143066,0.3038516044616699,-0.0226377081125974
9,0,8,0.7896163463592529,0.2762598991394043,-0.0262844953685998
9,0,9,0.7891393899917603,0.4003362357616424,-0.0154204992577433
9,0,10,0.7728424668312073,0.3361950814723968,-0.0247920900583267
9,0,11,0.7627416849136353,0.2955000102519989,-0.0305479075759649
9,0,12,0.7546767592430115,0.2642959654331207,-0.0341479666531086
9,0,13,0.7667810916900635,0.4127966165542602,-0.0239514652639627
9,0,14,0.7459385991096497,0.3517870008945465,-0.032615378499031
9,0,15,0.7328411936759949,0.3150558173656463,-0.0391836427152156
9,0,16,0.723681628704071,0.2868883907794952,-0.0436533540487289
9,0,17,0.7446984648704529,0.4347336888313293,-0.0314707532525062
9,0,18,0.721760630607605,0.3973943889141083,-0.0405022390186786
9,0,19,0.7065955400466919,0.3714718818664551,-0.044312834739685
9,0,20,0.6943433880805969,0.3500506579875946,-0.045904129743576
9,0,21,0.5192633867263794,0.2955549955368042,-0.7181653380393982
9,0,22,0.5478936433792114,0.2511389851570129,-0.6558781862258911
9,0,23,0.5412420034408569,0.3417367935180664,-0.5689556002616882
9,0,24,0.6829145550727844,0.5205322504043579,-0.0070081269368529
9,0,25,0.8527106046676636,0.8201562762260437,-0.4174922406673431
9,1,0,0.0,0.0,0.0
9,1,1,0.0,0.0,0.0
9,1,2,0.0,0.0,0.0
9,1,3,0.0,0.0,0.0
9,1,4,0.0,0.0,0.0
9,1,5,0.0,0.0,0.0
9,1,6,0.0,0.0,0.0
9,1,7,0.0,0.0,0.0
9,1,8,0.0,0.0,0.0
9,1,9,0.0,0.0,0.0
9,1,10,0.0,0.0,0.0
9,1,11,0.0,0.0,0.0
9,1,12,0.0,0.0,0.0
9,1,13,0.0,0.0,0.0
9,1,14,0.0,0.0,0.0
9,1,15,0.0,0.0,0.0
9,1,16,0.0,0.0,0.0
9,1,17,0.0,0.0,0.0
9,1,18,0.0,0.0,0.0
9,1,19,0.0,0.0,0.0
9,1,20,0.0,0.0,0.0
9,1,21,0.5192633867263794,0.2955549955368042,-0.7181653380393982
9,1,22,0.4711658358573913,0.2573087811470032,-0.6863071322441101
9,1,23,0.489829272031784,0.3461770415306091,-0.6104065775871277
9,1,24,0.2896288931369781,0.498026967048645,-0.2485751509666443
9,1,25,0.1875794529914856,0.8141708374023438,-0.4307515621185303
12,0,0,0.8136438131332397,0.5211516618728638,2.339544380447478e-07
12,0,1,0.8385922312736511,0.4802978038787842,0.0039960625581443
12,0,2,0.8407711386680603,0.4334568977355957,0.0034529792610555
12,0,3,0.8371743559837341,0.3976352214813232,0.0009753369376994
12,0,4,0.840880274772644,0.3693516254425049,-0.0023959698155522
12,0,5,0.8118674159049988,0.3961175382137298,-0.006877421401441
12,0,6,0.8015413880348206,0.3381832242012024,-0.0171101558953523
12,0,7,0.7953234910964966,0.3021638393402099,-0.0228520333766937
12,0,8,0.7904464602470398,0.274936705827713,-0.0261949952691793
12,0,9,0.7897273302078247,0.3984372019767761,-0.0156302526593208
12,0,10,0.7738072872161865,0.3344147801399231,-0.0254648402333259
12,0,11,0.7631751894950867,0.2939088940620422,-0.0312112998217344
12,0,12,0.7540028691291809,0.2632412910461426,-0.0344875790178775
12,0,13,0.7672240138053894,0.4102806150913238,-0.0237484239041805
12,0,14,0.7458507418632507,0.3505823612213135,-0.03276202455163
12,0,15,0.732530951499939,0.3146989643573761,-0.0389899685978889
12,0,16,0.7229056358337402,0.2872417569160461,-0.0429557003080844
12,0,17,0.7452789545059204,0.4313472509384155,-0.0309694875031709
12,0,18,0.7216815948486328,0.3954478204250335,-0.0403232462704181
12,0,19,0.7059478163719177,0.3703140616416931,-0.0441214814782142
12,0,20,0.6931071281433105,0.3494725525379181,-0.0454918108880519
12,0,21,0.5185827612876892,0.2917231321334839,-0.6722673177719116
12,0,22,0.5502933263778687,0.2487513422966003,-0.6089547872543335
12,0,23,0.5433024168014526,0.3386003971099853,-0.5300819277763367
12,0,24,0.6834844350814819,0.5230811238288879,-0.000749310478568
12,0,25,0.8559353351593018,0.8191752433776855,-0.4273128509521484
12,1,0,0.0,0.0,0.0
12,1,1,0.0,0.0,0.0
12,1,2,0.0,0.0,0.0
12,1,3,0.0,0.0,0.0
12,1,4,0.0,0.0,0.0
12,1,5,0.0,0.0,0.0
12,1,6,0.0,0.0,0.0
12,1,7,0.0,0.0,0.0
12,1,8,0.0,0.0,0.0
12,1,9,0.0,0.0,0.0
12,1,10,0.0,0.0,0.0
12,1,11,0.0,0.0,0.0
12,1,12,0.0,0.0,0.0
12,1,13,0.0,0.0,0.0
12,1,14,0.0,0.0,0.0
12,1,15,0.0,0.0,0.0
12,1,16,0.0,0.0,0.0
12,1,17,0.0,0.0,0.0
12,1,18,0.0,0.0,0.0
12,1,19,0.0,0.0,0.0
12,1,20,0.0,0.0,0.0
12,1,21,0.5185827612876892,0.2917231321334839,-0.6722673177719116
12,1,22,0.469243437051773,0.2553881406784057,-0.6396217346191406
12,1,23,0.4895494878292084,0.3435342907905578,-0.5721306800842285
12,1,24,0.2908625900745392,0.4968142509460449,-0.2363640815019607
12,1,25,0.1836675405502319,0.817357063293457,-0.4123238921165466
13,0,0,0.813929557800293,0.521207332611084,2.318878102869349e-07
13,0,1,0.8386916518211365,0.4799543023109436,0.0037527321837842
13,0,2,0.8405313491821289,0.4326119124889374,0.0033763851970434
13,0,3,0.8376506567001343,0.397229939699173,0.0010549103608354
13,0,4,0.8415164351463318,0.3696420788764953,-0.0021686060354113
13,0,5,0.811821699142456,0.3957635760307312,-0.0068400339223444
13,0,6,0.8017607927322388,0.3380074501037597,-0.0173439215868711
13,0,7,0.795343816280365,0.3020997643470764,-0.0234698485583066
13,0,8,0.7903063893318176,0.2747668623924255,-0.0271000284701585
13,0,9,0.7894729375839233,0.3984467387199402,-0.0157170053571462
13,0,10,0.7737851142883301,0.3349296450614929,-0.0257722306996583
13,0,11,0.7631985545158386,0.2943069338798523,-0.0318732112646102
13,0,12,0.754021406173706,0.2635940015316009,-0.0354104451835155
13,0,13,0.7671818733215332,0.4105600118637085,-0.0240302048623561
13,0,14,0.7457767724990845,0.3511283695697784,-0.0331892408430576
13,0,15,0.7327812910079956,0.3152556717395782,-0.0394246652722358
13,0,16,0.7233644723892212,0.2877933979034424,-0.0433619692921638
13,0,17,0.7457637786865234,0.4319007098674774,-0.0315307527780532
13,0,18,0.7224201560020447,0.3954150676727295,-0.0410271845757961
13,0,19,0.7072499394416809,0.3696597814559936,-0.0448033027350902
13,0,20,0.6949067711830139,0.3482472002506256,-0.0461586937308311
13,0,21,0.5221128463745117,0.3007382154464721,-0.7093141674995422
13,0,22,0.550360918045044,0.258256196975708,-0.6447926163673401
13,0,23,0.5443087220191956,0.3444440364837646,-0.5575348138809204
13,0,24,0.6805140972137451,0.5291299819946289,0.0238116811960935
13,0,25,0.8573060035705566,0.8289562463760376,-0.3896785080432892
13,1,0,0.0,0.0,0.0
13,1,1,0.0,0.0,0.0
13,1,2,0.0,0.0,0.0
13,1,3,0.0,0.0,0.0
13,1,4,0.0,0.0,0.0
13,1,5,0.0,0.0,0.0
13,1,6,0.0,0.0,0.0
13,1,7,0.0,0.0,0.0
13,1,8,0.0,0.0,0.0
13,1,9,0.0,0.0,0.0
13,1,10,0.0,0.0,0.0
13,1,11,0.0,0.0,0.0
13,1,12,0.0,0.0,0.0
13,1,13,0.0,0.0,0.0
13,1,14,0.0,0.0,0.0
13,1,15,0.0,0.0,0.0
13,1,16,0.0,0.0,0.0
13,1,17,0.0,0.0,0.0
13,1,18,0.0,0.0,0.0
13,1,19,0.0,0.0,0.0
13,1,20,0.0,0.0,0.0
13,1,21,0.5221128463745117,0.3007382154464721,-0.7093141674995422
13,1,22,0.4739822149276733,0.263985276222229,-0.6767786145210266
13,1,23,0.4915174543857574,0.346244752407074,-0.6011788845062256
13,1,24,0.2879379391670227,0.4961691498756408,-0.2254085689783096
13,1,25,0.1838420331478119,0.8148624300956726,-0.3300923109054565
14,0,0,0.8139144778251648,0.5231031775474548,2.427861716114421e-07
14,0,1,0.8393300771713257,0.4831169843673706,0.0032619088888168
14,0,2,0.8416723012924194,0.43557208776474,0.0021043072920292
14,0,3,0.838478684425354,0.3987666070461273,-0.0005793273448944
14,0,4,0.8423957824707031,0.3698668777942657,-0.0041466080583631
14,0,5,0.8146390318870544,0.3984728157520294,-0.0093863299116492
14,0,6,0.8033914566040039,0.3400953710079193,-0.0203270092606544
14,0,7,0.7961998581886292,0.3032471537590027,-0.026533119380474
14,0,8,0.7903749346733093,0.2755089104175567,-0.0301849823445081
14,0,9,0.7926200032234192,0.4008397758007049,-0.0179413724690675
14,0,10,0.7759073972702026,0.3361980617046356,-0.028588343411684
14,0,11,0.7650608420372009,0.2948182821273803,-0.0348188765347003
14,0,12,0.7557612061500549,0.2634036839008331,-0.0384705364704132
14,0,13,0.7693501710891724,0.4122686386108398,-0.0257104393094778
14,0,14,0.7471239566802979,0.3513467907905578,-0.035492654889822
14,0,15,0.7331662178039551,0.314935028553009,-0.04176751896739
14,0,16,0.7230674624443054,0.2872664928436279,-0.0456136427819728
14,0,17,0.7461116313934326,0.4328077137470245,-0.032603096216917
14,0,18,0.7218599915504456,0.3946416676044464,-0.0425516627728939
14,0,19,0.7059097290039062,0.3682872056961059,-0.0464680232107639
14,0,20,0.6930691003799438,0.3464524447917938,-0.0478159263730049
14,0,21,0.5222322344779968,0.2910899519920349,-0.6771435737609863
14,0,22,0.5513682961463928,0.2486375570297241,-0.6126875281333923
14,0,23,0.5462710857391357,0.3377569317817688,-0.5293964743614197
14,0,24,0.6807851195335388,0.5306996703147888,0.0299744270741939
14,0,25,0.8525317907333374,0.8290435075759888,-0.4012043178081512
14,1,0,0.0,0.0,0.0
14,1,1,0.0,0.0,0.0
14,1,2,0.0,0.0,0.0
14,1,3,0.0,0.0,0.0
14,1,4,0.0,0.0,0.0
14,1,5,0.0,0.0,0.0
14,1,6,0.0,0.0,0.0
14,1,7,0.0,0.0,0.0
14,1,8,0.0,0.0,0.0
14,1,9,0.0,0.0,0.0
14,1,10,0.0,0.0,0.0
14,1,11,0.0,0.0,0.0
14,1,12,0.0,0.0,0.0
14,1,13,0.0,0.0,0.0
14,1,14,0.0,0.0,0.0
14,1,15,0.0,0.0,0.0
14,1,16,0.0,0.0,0.0
14,1,17,0.0,0.0,0.0
14,1,18,0.0,0.0,0.0
14,1,19,0.0,0.0,0.0
14,1,20,0.0,0.0,0.0
14,1,21,0.5222322344779968,0.2910899519920349,-0.6771435737609863
14,1,22,0.4731908440589905,0.2563594579696655,-0.6474418640136719
14,1,23,0.4925316274166107,0.3420136570930481,-0.5764791965484619
14,1,24,0.288726270198822,0.4940589666366577,-0.2323507964611053
14,1,25,0.182937204837799,0.8142012357711792,-0.3694983124732971
15,0,0,0.8158068656921387,0.5214255452156067,2.420772489131196e-07
15,0,1,0.8404852747917175,0.4816434681415558,0.0036294728051871
15,0,2,0.8422519564628601,0.4341493844985962,0.0025244057178497
15,0,3,0.8382845520973206,0.3981752395629883,-9.328158921562137e-05
15,0,4,0.8420523405075073,0.3700645864009857,-0.0036212333943694
15,0,5,0.8166090846061707,0.397634893655777,-0.0101996436715126
15,0,6,0.8041234016418457,0.3392835855484009,-0.0211303457617759
15,0,7,0.7962329983711243,0.3025339245796203,-0.0270889215171337
15,0,8,0.7900865077972412,0.2751761078834533,-0.030472470447421
15,0,9,0.7944053411483765,0.4001713991165161,-0.0188371855765581
15,0,10,0.7765346169471741,0.3356035947799682,-0.0297088362276554
15,0,11,0.7651803493499756,0.2942848205566406,-0.0360909439623355
15,0,12,0.7558683753013611,0.2631016373634338,-0.0397569611668586
15,0,13,0.7708626389503479,0.4116232097148895,-0.0264937821775674
15,0,14,0.7479575276374817,0.3504591882228851,-0.0363379642367363
15,0,15,0.7338982224464417,0.3141697645187378,-0.0427615493535995
15,0,16,0.7238202095031738,0.2863986790180206,-0.0466980710625648
15,0,17,0.7473936676979065,0.4321511089801788,-0.033158179372549
15,0,18,0.7231526374816895,0.3941603004932403,-0.0431702509522438
15,0,19,0.7071198225021362,0.3683459162712097,-0.0470883026719093
15,0,20,0.694094717502594,0.346743106842041,-0.048395849764347
15,0,21,0.5189601182937622,0.2994856238365173,-0.7226508855819702
15,0,22,0.5484668016433716,0.2580180168151855,-0.6593064069747925
15,0,23,0.5408122539520264,0.3433057069778442,-0.5721176862716675
15,0,24,0.6739749908447266,0.5265262126922607,0.0065259719267487
15,0,25,0.8274750709533691,0.8128937482833862,-0.3573589026927948
15,1,0,0.0,0.0,0.0
15,1,1,0.0,0.0,0.0
15,1,2,0.0,0.0,0.0
15,1,3,0.0,0.0,0.0
15,1,4,0.0,0.0,0.0
15,1,5,0.0,0.0,0.0
15,1,6,0.0,0.0,0.0
15,1,7,0.0,0.0,0.0
15,1,8,0.0,0.0,0.0
15,1,9,0.0,0.0,0.0
15,1,10,0.0,0.0,0.0
15,1,11,0.0,0.0,0.0
15,1,12,0.0,0.0,0.0
15,1,13,0.0,0.0,0.0
15,1,14,0.0,0.0,0.0
15,1,15,0.0,0.0,0.0
15,1,16,0.0,0.0,0.0
15,1,17,0.0,0.0,0.0
15,1,18,0.0,0.0,0.0
15,1,19,0.0,0.0,0.0
15,1,20,0.0,0.0,0.0
15,1,21,0.5189601182937622,0.2994856238365173,-0.7226508855819702
15,1,22,0.4731756448745727,0.2623702883720398,-0.6867486834526062
15,1,23,0.4870080053806305,0.3447141647338867,-0.6097939610481262
15,1,24,0.2874246835708618,0.496365487575531,-0.2104883641004562
15,1,25,0.1844043731689453,0.8218313455581665,-0.3033301830291748
16,0,0,0.8126946091651917,0.5163537263870239,2.619557335492573e-07
16,0,1,0.8390772342681885,0.4797943830490112,-0.0006171425338834
16,0,2,0.8413425087928772,0.4336866438388824,-0.0028187234420329
16,0,3,0.8378934860229492,0.3977138102054596,-0.006069750059396
16,0,4,0.8416042327880859,0.3692952692508697,-0.0100518651306629
16,0,5,0.811662495136261,0.3928849995136261,-0.0106609985232353
16,0,6,0.8013654351234436,0.3377988338470459,-0.0225927531719207
16,0,7,0.7952995300292969,0.3019567430019378,-0.0301580000668764
16,0,8,0.789905309677124,0.2748010158538818,-0.0349555797874927
16,0,9,0.7895135879516602,0.3958303034305572,-0.0181900300085544
16,0,10,0.7735364437103271,0.3347366452217102,-0.0298189632594585
16,0,11,0.7638866305351257,0.2948683202266693,-0.0372932478785514
16,0,12,0.7550331950187683,0.2635292410850525,-0.0419526733458042
16,0,13,0.7675548195838928,0.4081601798534393,-0.025586424395442
16,0,14,0.7476601004600525,0.3507411479949951,-0.0367731861770153
16,0,15,0.7355266809463501,0.3155438005924225,-0.043936938047409
16,0,16,0.7263295650482178,0.287333220243454,-0.0483148209750652
16,0,17,0.7464532256126404,0.4294410943984985,-0.0325654558837413
16,0,18,0.7223827242851257,0.3929981589317322,-0.0439175069332122
16,0,19,0.7068467140197754,0.3678080141544342,-0.0486301481723785
16,0,20,0.6938026547431946,0.3459074795246124,-0.0506113991141319
16,0,21,0.5211151838302612,0.2929715514183044,-0.6917581558227539
16,0,22,0.5503974556922913,0.2512379884719848,-0.6268041729927063
16,0,23,0.5447182655334473,0.339151382446289,-0.5437915921211243
16,0,24,0.6803244352340698,0.5270046591758728,0.013276900164783
16,0,25,0.8572025299072266,0.8320906162261963,-0.4044150710105896
16,1,0,0.0,0.0,0.0
16,1,1,0.0,0.0,0.0
16,1,2,0.0,0.0,0.0
16,1,3,0.0,0.0,0.0
16,1,4,0.0,0.0,0.0
16,1,5,0.0,0.0,0.0
16,1,6,0.0,0.0,0.0
16,1,7,0.0,0.0,0.0
16,1,8,0.0,0.0,0.0
16,1,9,0.0,0.0,0.0
16,1,10,0.0,0.0,0.0
16,1,11,0.0,0.0,0.0
16,1,12,0.0,0.0,0.0
16,1,13,0.0,0.0,0.0
16,1,14,0.0,0.0,0.0
16,1,15,0.0,0.0,0.0
16,1,16,0.0,0.0,0.0
16,1,17,0.0,0.0,0.0
16,1,18,0.0,0.0,0.0
16,1,19,0.0,0.0,0.0
16,1,20,0.0,0.0,0.0
16,1,21,0.5211151838302612,0.2929715514183044,-0.6917581558227539
16,1,22,0.4734091758728027,0.2575209140777588,-0.654818594455719
16,1,23,0.4902772307395935,0.3417674899101257,-0.5825014114379883
16,1,24,0.290128231048584,0.4967978000640869,-0.2115023732185363
16,1,25,0.1829466521739959,0.8168132901191711,-0.3594456315040588
17,0,0,0.8134953379631042,0.5189834237098694,2.473867937169416e-07
17,0,1,0.8385525345802307,0.4794796705245971,0.0036977222189307
17,0,2,0.8409607410430908,0.4326569437980652,0.0028202461544424
17,0,3,0.8375205993652344,0.3977495729923248,0.0004453867732081
17,0,4,0.8415507674217224,0.3698464334011078,-0.002816570457071
17,0,5,0.8151319026947021,0.396133154630661,-0.0097028352320194
17,0,6,0.8033971190452576,0.3394306302070617,-0.0205926168709993
17,0,7,0.7960200309753418,0.303055077791214,-0.0266744922846555
17,0,8,0.790103018283844,0.2756127119064331,-0.0302626565098762
17,0,9,0.7926889061927795,0.3986504375934601,-0.0184640157967805
17,0,10,0.7751508355140686,0.3353358507156372,-0.0293809808790683
17,0,11,0.7643049955368042,0.2941909432411194,-0.035803560167551
17,0,12,0.7552676200866699,0.2624023854732513,-0.039551056921482
17,0,13,0.7691939473152161,0.4104205667972564,-0.0262948796153068
17,0,14,0.7473132610321045,0.3504363298416137,-0.0364683680236339
17,0,15,0.7339382767677307,0.3146112263202667,-0.0429427549242973
17,0,16,0.724315345287323,0.2865611314773559,-0.0468449108302593
17,0,17,0.7460016012191772,0.4312764704227447,-0.0331415943801403
17,0,18,0.72248375415802,0.3941660225391388,-0.0437237955629825
17,0,19,0.7065064311027527,0.3687335550785064,-0.0478632785379886
17,0,20,0.6932030320167542,0.3470539152622223,-0.0492614023387432
17,0,21,0.5209210515022278,0.2958561182022095,-0.7150287628173828
17,0,22,0.5509234666824341,0.2533698678016662,-0.649010956287384
17,0,23,0.5442699193954468,0.3422408699989319,-0.5608439445495605
17,0,24,0.6825550198554993,0.527996301651001,0.0410354882478714
17,0,25,0.8575887084007263,0.8304279446601868,-0.3963463902473449
17,1,0,0.0,0.0,0.0
17,1,1,0.0,0.0,0.0
17,1,2,0.0,0.0,0.0
17,1,3,0.0,0.0,0.0
17,1,4,0.0,0.0,0.0
17,1,5,0.0,0.0,0.0
17,1,6,0.0,0.0,0.0
17,1,7,0.0,0.0,0.0
17,1,8,0.0,0.0,0.0
17,1,9,0.0,0.0,0.0
17,1,10,0.0,0.0,0.0
17,1,11,0.0,0.0,0.0
17,1,12,0.0,0.0,0.0
17,1,13,0.0,0.0,0.0
17,1,14,0.0,0.0,0.0
17,1,15,0.0,0.0,0.0
17,1,16,0.0,0.0,0.0
17,1,17,0.0,0.0,0.0
17,1,18,0.0,0.0,0.0
17,1,19,0.0,0.0,0.0
17,1,20,0.0,0.0,0.0
17,1,21,0.5209210515022278,0.2958561182022095,-0.7150287628173828
17,1,22,0.4733020067214966,0.2592034339904785,-0.6827698945999146
17,1,23,0.4898334741592407,0.3444763422012329,-0.6061645150184631
17,1,24,0.2886062562465668,0.4969628453254699,-0.2390317171812057
17,1,25,0.185235857963562,0.8189762830734253,-0.3557269871234894
19,0,0,0.8138013482093811,0.5188037157058716,2.427084666578594e-07
19,0,1,0.8398539423942566,0.4794372320175171,0.0017435438930988
19,0,2,0.8415417075157166,0.432378739118576,0.0010194136993959
19,0,3,0.8377915620803833,0.3976877629756927,-0.0013760005822405
19,0,4,0.842057466506958,0.3701988756656647,-0.004582964349538
19,0,5,0.8129020929336548,0.3934797346591949,-0.0066728019155561
19,0,6,0.8025375604629517,0.3384626805782318,-0.0173935573548078
19,0,7,0.7958762645721436,0.3031924664974212,-0.0243651960045099
19,0,8,0.7899661660194397,0.2762771844863891,-0.0287738218903541
19,0,9,0.7907999753952026,0.3961147964000702,-0.0150810172781348
19,0,10,0.7748507261276245,0.3344573378562927,-0.0251875296235084
19,0,11,0.7646527290344238,0.2945995032787323,-0.0320051498711109
19,0,12,0.7553884983062744,0.2637884020805359,-0.0362567640841007
19,0,13,0.7684634923934937,0.408033549785614,-0.0233028810471296
19,0,14,0.74733567237854,0.3501854240894317,-0.0329173915088176
19,0,15,0.7345426678657532,0.3150939047336578,-0.0394854694604873
19,0,16,0.7248463034629822,0.287322461605072,-0.043661992996931
19,0,17,0.7464321255683899,0.4290704429149627,-0.031010452657938
19,0,18,0.7218820452690125,0.3927443921566009,-0.0408978685736656
19,0,19,0.706522524356842,0.3671461939811706,-0.0448336564004421
19,0,20,0.693885326385498,0.3450098037719726,-0.0464095510542392
19,0,21,0.5219609141349792,0.2926647663116455,-0.6691606640815735
19,0,22,0.5517960786819458,0.2484845519065857,-0.6095227003097534
19,0,23,0.5451003313064575,0.337545096874237,-0.529735267162323
19,0,24,0.6850776076316833,0.523878812789917,-0.0089116571471095
19,0,25,0.853066086769104,0.8264477849006653,-0.4107779860496521
19,1,0,0.0,0.0,0.0
19,1,1,0.0,0.0,0.0
19,1,2,0.0,0.0,0.0
19,1,3,0.0,0.0,0.0
19,1,4,0.0,0.0,0.0
19,1,5,0.0,0.0,0.0
19,1,6,0.0,0.0,0.0
19,1,7,0.0,0.0,0.0
19,1,8,0.0,0.0,0.0
19,1,9,0.0,0.0,0.0
19,1,10,0.0,0.0,0.0
19,1,11,0.0,0.0,0.0
19,1,12,0.0,0.0,0.0
19,1,13,0.0,0.0,0.0
19,1,14,0.0,0.0,0.0
19,1,15,0.0,0.0,0.0
19,1,16,0.0,0.0,0.0
19,1,17,0.0,0.0,0.0
19,1,18,0.0,0.0,0.0
19,1,19,0.0,0.0,0.0
19,1,20,0.0,0.0,0.0
19,1,21,0.5219609141349792,0.2926647663116455,-0.6691606640815735
19,1,22,0.474196046590805,0.2549440860748291,-0.6359521150588989
19,1,23,0.4920541942119598,0.342797577381134,-0.5661500096321106
19,1,24,0.2912642061710357,0.4976837038993835,-0.2252139151096344
19,1,25,0.1835328042507171,0.8169804215431213,-0.3925672471523285
21,0,0,0.815647542476654,0.518559455871582,2.5865463726404414e-07
21,0,1,0.8396584987640381,0.4792275130748749,0.003086102893576
21,0,2,0.8418367505073547,0.4335988163948059,0.0016692612553015
21,0,3,0.838969349861145,0.3988884091377258,-0.0013047946849837
21,0,4,0.8427055478096008,0.37082439661026,-0.0050774365663528
21,0,5,0.815326452255249,0.3946958184242248,-0.0094260172918438
21,0,6,0.8037786483764648,0.3387727737426758,-0.0206286553293466
21,0,7,0.7962140440940857,0.3028100728988647,-0.0272227730602026
21,0,8,0.7899388074874878,0.2757133245468139,-0.0310951191931962
21,0,9,0.7929056286811829,0.3979206383228302,-0.0181897338479757
21,0,10,0.7757182717323303,0.3353853225708008,-0.0291946604847908
21,0,11,0.7649695873260498,0.2942574620246887,-0.0358623787760734
21,0,12,0.7559022307395935,0.262684166431427,-0.0397300720214843
21,0,13,0.7696413993835449,0.4105935990810394,-0.0261916853487491
21,0,14,0.7475178837776184,0.350933700799942,-0.0364275574684143
21,0,15,0.7343752384185791,0.3148976266384125,-0.0427639074623584
21,0,16,0.7253172993659973,0.2868264019489288,-0.0464328043162822
21,0,17,0.7470020055770874,0.4322894513607025,-0.0333390645682811
21,0,18,0.7229599952697754,0.3946644365787506,-0.0438213013112545
21,0,19,0.7068461179733276,0.3688147664070129,-0.0477445870637893
21,0,20,0.6937509775161743,0.3470819294452667,-0.0488782189786434
21,0,21,0.522120475769043,0.2930627465248108,-0.7009878158569336
21,0,22,0.5513220429420471,0.2496949434280395,-0.6385391354560852
21,0,23,0.5442885160446167,0.3391681313514709,-0.5520517230033875
21,0,24,0.6801555156707764,0.522658109664917,0.0099564492702484
21,0,25,0.8525998592376709,0.8120765686035156,-0.4032661616802215
21,1,0,0.0,0.0,0.0
21,1,1,0.0,0.0,0.0
21,1,2,0.0,0.0,0.0
21,1,3,0.0,0.0,0.0
21,1,4,0.0,0.0,0.0
21,1,5,0.0,0.0,0.0
21,1,6,0.0,0.0,0.0
21,1,7,0.0,0.0,0.0
21,1,8,0.0,0.0,0.0
21,1,9,0.0,0.0,0.0
21,1,10,0.0,0.0,0.0
21,1,11,0.0,0.0,0.0
21,1,12,0.0,0.0,0.0
21,1,13,0.0,0.0,0.0
21,1,14,0.0,0.0,0.0
21,1,15,0.0,0.0,0.0
21,1,16,0.0,0.0,0.0
21,1,17,0.0,0.0,0.0
21,1,18,0.0,0.0,0.0
21,1,19,0.0,0.0,0.0
21,1,20,0.0,0.0,0.0
21,1,21,0.522120475769043,0.2930627465248108,-0.7009878158569336
21,1,22,0.4738990366458893,0.2542514204978943,-0.6735066771507263
21,1,23,0.4924015402793884,0.3432248830795288,-0.5996177792549133
21,1,24,0.289226233959198,0.4973702430725097,-0.2529178261756897
21,1,25,0.1921554505825042,0.8179172277450562,-0.4121302962303161
22,0,0,0.8148464560508728,0.518898606300354,2.5113791934927576e-07
22,0,1,0.8400437831878662,0.4797136187553406,0.0012364719295874
22,0,2,0.84199059009552,0.4329070448875427,-0.0003107151715084
22,0,3,0.8386433124542236,0.397100567817688,-0.0033697413746267
22,0,4,0.8423152565956116,0.3689973950386047,-0.0072656795382499
22,0,5,0.8124643564224243,0.3934889435768127,-0.0081581622362136
22,0,6,0.8017943501472473,0.3380439579486847,-0.0194578059017658
22,0,7,0.7956408262252808,0.3026330471038818,-0.0267274640500545
22,0,8,0.7905225157737732,0.2754376232624054,-0.0312718823552131
22,0,9,0.7904791235923767,0.3966416716575622,-0.0164880268275737
22,0,10,0.7736886739730835,0.3347996771335602,-0.0269985292106866
22,0,11,0.7635823488235474,0.2948454618453979,-0.033839862793684
22,0,12,0.7547100782394409,0.2635182738304138,-0.0382216684520244
22,0,13,0.7681213617324829,0.4090411067008972,-0.0246488135308027
22,0,14,0.7473832368850708,0.3509313762187958,-0.0347893498837947
22,0,15,0.7350954413414001,0.3155550062656402,-0.0413554795086383
22,0,16,0.7260450720787048,0.2877780795097351,-0.0454868637025356
22,0,17,0.74610435962677,0.4303038120269775,-0.032306220382452
22,0,18,0.7216931581497192,0.3929197490215301,-0.0425499714910984
22,0,19,0.7061222195625305,0.367363840341568,-0.0465106666088104
22,0,20,0.6930574178695679,0.3456712365150451,-0.0480859987437725
22,0,21,0.5195336937904358,0.2953604459762573,-0.692767858505249
22,0,22,0.5501104593276978,0.2519691586494446,-0.6301794052124023
22,0,23,0.5433982610702515,0.3422579765319824,-0.5492858290672302
22,0,24,0.6802698969841003,0.5273193717002869,-0.0262654274702072
22,0,25,0.8585530519485474,0.8252187967300415,-0.448772519826889
22,1,0,0.0,0.0,0.0
22,1,1,0.0,0.0,0.0
22,1,2,0.0,0.0,0.0
22,1,3,0.0,0.0,0.0
22,1,4,0.0,0.0,0.0
22,1,5,0.0,0.0,0.0
22,1,6,0.0,0.0,0.0
22,1,7,0.0,0.0,0.0
22,1,8,0.0,0.0,0.0
22,1,9,0.0,0.0,0.0
22,1,10,0.0,0.0,0.0
22,1,11,0.0,0.0,0.0
22,1,12,0.0,0.0,0.0
22,1,13,0.0,0.0,0.0
22,1,14,0.0,0.0,0.0
22,1,15,0.0,0.0,0.0
22,1,16,0.0,0.0,0.0
22,1,17,0.0,0.0,0.0
22,1,18,0.0,0.0,0.0
22,1,19,0.0,0.0,0.0
22,1,20,0.0,0.0,0.0
22,1,21,0.5195336937904358,0.2953604459762573,-0.692767858505249
22,1,22,0.4718672335147857,0.2573211789131164,-0.6543398499488831
22,1,23,0.4898509383201599,0.3451132774353027,-0.5828453898429871
22,1,24,0.2893410921096802,0.4991599321365356,-0.186309814453125
22,1,25,0.1866078376770019,0.8192470073699951,-0.3425724506378174
24,0,0,0.8129841685295105,0.5171989798545837,2.4927933850449335e-07
24,0,1,0.8388690948486328,0.4761759638786316,0.0033131288364529
24,0,2,0.841113269329071,0.4303987324237823,0.0032655717805027
24,0,3,0.8382360339164734,0.3964391350746155,0.0013022386701777
24,0,4,0.842295229434967,0.3696031868457794,-0.0014178887940943
24,0,5,0.8107480406761169,0.3922456502914428,-0.0051598967984318
24,0,6,0.8012370467185974,0.3371339440345764,-0.0150558520108461
24,0,7,0.7952368855476379,0.302567183971405,-0.0211732555180788
24,0,8,0.7904707193374634,0.2760817408561706,-0.0248751193284988
24,0,9,0.7881750464439392,0.3951388001441955,-0.0136617589741945
24,0,10,0.7735000252723694,0.3337358832359314,-0.0236423965543508
24,0,11,0.7639862895011902,0.2935380339622497,-0.0302946716547012
24,0,12,0.7557873725891113,0.2627175748348236,-0.0342345610260963
24,0,13,0.766070544719696,0.4074639081954956,-0.0217636246234178
24,0,14,0.7456892728805542,0.3498232364654541,-0.0308708064258098
24,0,15,0.7332845330238342,0.3141632080078125,-0.0374013185501098
24,0,16,0.724353015422821,0.2864553034305572,-0.0414099618792533
24,0,17,0.7447471022605896,0.4287100434303283,-0.0291327349841594
24,0,18,0.7212470769882202,0.3921932876110077,-0.0383285991847515
24,0,19,0.7062519788742065,0.3665153086185455,-0.0420417785644531
24,0,20,0.6938868761062622,0.3449344038963318,-0.0433185845613479
24,0,21,0.5188534259796143,0.2961509227752685,-0.6859397888183594
24,0,22,0.5486243367195129,0.2528124451637268,-0.6272067427635193
24,0,23,0.5422494411468506,0.3426422476768493,-0.5433865189552307
24,0,24,0.6803383827209473,0.5238756537437439,-0.013866476714611
24,0,25,0.8514634370803833,0.8311581611633301,-0.4008523225784302
24,1,0,0.0,0.0,0.0
24,1,1,0.0,0.0,0.0
24,1,2,0.0,0.0,0.0
24,1,3,0.0,0.0,0.0
24,1,4,0.0,0.0,0.0
24,1,5,0.0,0.0,0.0
24,1,6,0.0,0.0,0.0
24,1,7,0.0,0.0,0.0
24,1,8,0.0,0.0,0.0
24,1,9,0.0,0.0,0.0
24,1,10,0.0,0.0,0.0
24,1,11,0.0,0.0,0.0
24,1,12,0.0,0.0,0.0
24,1,13,0.0,0.0,0.0
24,1,14,0.0,0.0,0.0
24,1,15,0.0,0.0,0.0
24,1,16,0.0,0.0,0.0
24,1,17,0.0,0.0,0.0
24,1,18,0.0,0.0,0.0
24,1,19,0.0,0.0,0.0
24,1,20,0.0,0.0,0.0
24,1,21,0.5188534259796143,0.2961509227752685,-0.6859397888183594
24,1,22,0.471632719039917,0.2604987621307373,-0.6524408459663391
24,1,23,0.4883623719215393,0.3463965654373169,-0.5784702301025391
24,1,24,0.2883609533309936,0.49744313955307,-0.2090470194816589
24,1,25,0.1849007606506347,0.8190544843673706,-0.3676998019218445
26,0,0,0.8129013776779175,0.5213445425033569,2.2719005698945693e-07
26,0,1,0.8380835056304932,0.4786410331726074,0.0060796327888965
26,0,2,0.8403052687644958,0.4321991801261902,0.0063494266942143
26,0,3,0.8375583291053772,0.3967428803443908,0.0043755401857197
26,0,4,0.8420528173446655,0.3686068654060364,0.0014299574540928
26,0,5,0.8111269474029541,0.3948952853679657,-0.004311379045248
26,0,6,0.8005006313323975,0.3375806808471679,-0.0138165969401597
26,0,7,0.7942941188812256,0.3022829294204712,-0.0193073544651269
26,0,8,0.7899157404899597,0.2753723859786987,-0.0224491823464632
26,0,9,0.789775550365448,0.3976813554763794,-0.0138140581548213
26,0,10,0.773847758769989,0.334183931350708,-0.0229265466332435
26,0,11,0.7633710503578186,0.2940132021903991,-0.0286372285336256
26,0,12,0.7546738386154175,0.2634538412094116,-0.0320898182690143
26,0,13,0.7675202488899231,0.4099297821521759,-0.0225237607955932
26,0,14,0.746506929397583,0.3499074578285217,-0.030996011570096
26,0,15,0.7335689067840576,0.3139879703521728,-0.0370910018682479
26,0,16,0.7243561148643494,0.2863407433032989,-0.0410417728126049
26,0,17,0.7451334595680237,0.431267499923706,-0.0301313400268554
26,0,18,0.7217572331428528,0.3938379883766174,-0.038956981152296
26,0,19,0.7067997455596924,0.3680016994476318,-0.0423378683626651
26,0,20,0.6943823099136353,0.3463760316371918,-0.0434726849198341
26,0,21,0.5181033611297607,0.291914701461792,-0.7020334601402283
26,0,22,0.5493590235710144,0.2493367791175842,-0.6401282548904419
26,0,23,0.5429493188858032,0.3401169180870056,-0.5569849014282227
26,0,24,0.6862667202949524,0.526328980922699,0.0010869898833334
26,0,25,0.8530797958374023,0.8293760418891907,-0.3763477504253387
26,1,0,0.0,0.0,0.0
26,1,1,0.0,0.0,0.0
26,1,2,0.0,0.0,0.0
26,1,3,0.0,0.0,0.0
26,1,4,0.0,0.0,0.0
26,1,5,0.0,0.0,0.0
26,1,6,0.0,0.0,0.0
26,1,7,0.0,0.0,0.0
26,1,8,0.0,0.0,0.0
26,1,9,0.0,0.0,0.0
26,1,10,0.0,0.0,0.0
26,1,11,0.0,0.0,0.0
26,1,12,0.0,0.0,0.0
26,1,13,0.0,0.0,0.0
26,1,14,0.0,0.0,0.0
26,1,15,0.0,0.0,0.0
26,1,16,0.0,0.0,0.0
26,1,17,0.0,0.0,0.0
26,1,18,0.0,0.0,0.0
26,1,19,0.0,0.0,0.0
26,1,20,0.0,0.0,0.0
26,1,21,0.5181033611297607,0.291914701461792,-0.7020334601402283
26,1,22,0.469615638256073,0.2579270005226135,-0.6679204106330872
26,1,23,0.4872020781040191,0.3446669578552246,-0.5948799252510071
26,1,24,0.2905687093734741,0.4995758533477783,-0.2428319454193115
26,1,25,0.1814442276954651,0.8200726509094238,-0.4064305126667022
27,0,0,0.8113337755203247,0.518496572971344,2.328777952698147e-07
27,0,1,0.8375698924064636,0.4775888919830322,0.004688408691436
27,0,2,0.8411092758178711,0.4322587251663208,0.0040643736720085
27,0,3,0.837906539440155,0.3968094289302826,0.0017201625742018
27,0,4,0.8422979712486267,0.3689702153205871,-0.0016066222451627
27,0,5,0.8126071095466614,0.3952523469924927,-0.0079498430714011
27,0,6,0.8015713691711426,0.3380630612373352,-0.0179635230451822
27,0,7,0.7946844100952148,0.3025931417942047,-0.0233344249427318
27,0,8,0.7895610332489014,0.2758599817752838,-0.0263461340218782
27,0,9,0.7904863357543945,0.397953599691391,-0.0166571531444787
27,0,10,0.7742599248886108,0.3341792821884155,-0.0268410444259643
27,0,11,0.7635682225227356,0.2935223877429962,-0.0326853208243846
27,0,12,0.75467848777771,0.2629026770591736,-0.0360027812421321
27,0,13,0.7677575945854187,0.4100371897220611,-0.0243775676935911
27,0,14,0.746433675289154,0.3500575721263885,-0.033760417252779
27,0,15,0.7330588698387146,0.3140653967857361,-0.0399010814726352
27,0,16,0.7237533926963806,0.286962628364563,-0.0435833819210529
27,0,17,0.7452206611633301,0.4308745563030243,-0.0309951528906822
27,0,18,0.7213622331619263,0.3934629559516907,-0.04055767506361
27,0,19,0.7060008645057678,0.3675172626972198,-0.0442085787653923
27,0,20,0.6937246918678284,0.3460478782653808,-0.0452995970845222
27,0,21,0.5188630819320679,0.2964763045310974,-0.6963655948638916
27,0,22,0.5487100481987,0.2524001598358154,-0.637039840221405
27,0,23,0.5429335832595825,0.341311514377594,-0.5508849024772644
27,0,24,0.6840330362319946,0.5249588489532471,0.0051772519946098
27,0,25,0.849835216999054,0.8313441276550293,-0.3891056478023529
27,1,0,0.0,0.0,0.0
27,1,1,0.0,0.0,0.0
27,1,2,0.0,0.0,0.0
27,1,3,0.0,0.0,0.0
27,1,4,0.0,0.0,0.0
27,1,5,0.0,0.0,0.0
27,1,6,0.0,0.0,0.0
27,1,7,0.0,0.0,0.0
27,1,8,0.0,0.0,0.0
27,1,9,0.0,0.0,0.0
27,1,10,0.0,0.0,0.0
27,1,11,0.0,0.0,0.0
27,1,12,0.0,0.0,0.0
27,1,13,0.0,0.0,0.0
27,1,14,0.0,0.0,0.0
27,1,15,0.0,0.0,0.0
27,1,16,0.0,0.0,0.0
27,1,17,0.0,0.0,0.0
27,1,18,0.0,0.0,0.0
27,1,19,0.0,0.0,0.0
27,1,20,0.0,0.0,0.0
27,1,21,0.5188630819320679,0.2964763045310974,-0.6963655948638916
27,1,22,0.4713036715984344,0.2596244812011719,-0.6636942625045776
27,1,23,0.4883611798286438,0.3470231890678406,-0.5872648358345032
27,1,24,0.2902268767356872,0.499392569065094,-0.2286851108074188
27,1,25,0.1863892376422882,0.8178459405899048,-0.3971695303916931
28,0,0,0.8109315633773804,0.5163971185684204,2.39811157598524e-07
28,0,1,0.8374075293540955,0.4769798517227173,0.0037481510080397
28,0,2,0.8409863710403442,0.4316106140613556,0.0032831111457198
28,0,3,0.8376684784889221,0.397394448518753,0.0009976472938433
28,0,4,0.8412816524505615,0.3700133264064789,-0.0023044999688863
28,0,5,0.8119306564331055,0.3935721814632416,-0.0072168428450822
28,0,6,0.8021465539932251,0.3367535173892975,-0.017506193369627
28,0,7,0.7955217361450195,0.30155810713768,-0.0233355052769184
28,0,8,0.7901076674461365,0.2749636173248291,-0.0266920700669288
28,0,9,0.7899845838546753,0.3964733183383941,-0.0158501788973808
28,0,10,0.7736708521842957,0.3337534368038177,-0.0259043257683515
28,0,11,0.7630532383918762,0.2937442660331726,-0.0320374704897403
28,0,12,0.7540534734725952,0.2632206678390503,-0.0355843044817447
28,0,13,0.7674562931060791,0.4085412919521332,-0.0238188821822404
28,0,14,0.7454065084457397,0.3498875498771667,-0.0331013984978199
28,0,15,0.7316068410873413,0.314473956823349,-0.0392718538641929
28,0,16,0.721706748008728,0.2871513366699219,-0.0429862402379512
28,0,17,0.7452220320701599,0.4293990135192871,-0.0308995340019464
28,0,18,0.7213155031204224,0.3929286003112793,-0.0402953624725341
28,0,19,0.7059785723686218,0.3672912418842315,-0.0438771396875381
28,0,20,0.6935970783233643,0.3457287847995758,-0.0449553206562995
28,0,21,0.5227317214012146,0.2955108284950256,-0.707908570766449
28,0,22,0.5513406991958618,0.2525942921638489,-0.6465492844581604
28,0,23,0.5451577305793762,0.3416099548339844,-0.5585119128227234
28,0,24,0.678973913192749,0.5273412466049194,0.0190751515328884
28,0,25,0.8511158227920532,0.8239929676055908,-0.3576803505420685
28,1,0,0.0,0.0,0.0
28,1,1,0.0,0.0,0.0
28,1,2,0.0,0.0,0.0
28,1,3,0.0,0.0,0.0
28,1,4,0.0,0.0,0.0
28,1,5,0.0,0.0,0.0
28,1,6,0.0,0.0,0.0
28,1,7,0.0,0.0,0.0
28,1,8,0.0,0.0,0.0
28,1,9,0.0,0.0,0.0
28,1,10,0.0,0.0,0.0
28,1,11,0.0,0.0,0.0
28,1,12,0.0,0.0,0.0
28,1,13,0.0,0.0,0.0
28,1,14,0.0,0.0,0.0
28,1,15,0.0,0.0,0.0
28,1,16,0.0,0.0,0.0
28,1,17,0.0,0.0,0.0
28,1,18,0.0,0.0,0.0
28,1,19,0.0,0.0,0.0
28,1,20,0.0,0.0,0.0
28,1,21,0.5227317214012146,0.2955108284950256,-0.707908570766449
28,1,22,0.4744969606399536,0.2582941651344299,-0.6777423024177551
28,1,23,0.4924301505088806,0.3464879989624023,-0.600884735584259
28,1,24,0.2900886535644531,0.4943040609359741,-0.2379966527223587
28,1,25,0.1862100660800933,0.8153087496757507,-0.3655685186386108
