Frame,Hand,Landmark,X,Y,Z
1,0,0,0.3348681926727295,0.6757043600082397,-1.0536147243556117e-07
1,0,1,0.3525301516056061,0.6459246277809143,-0.0088460966944694
1,0,2,0.3711184561252594,0.6226500868797302,-0.0154403960332274
1,0,3,0.3808676302433014,0.6001572608947754,-0.0211471151560544
1,0,4,0.3770946264266968,0.579073429107666,-0.0274450257420539
1,0,5,0.3498383164405823,0.6451327204704285,-0.0254372470080852
1,0,6,0.3553639650344848,0.6421981453895569,-0.0385466702282428
1,0,7,0.3616478741168976,0.640365719795227,-0.0489984713494777
1,0,8,0.3651235401630401,0.6394940614700317,-0.0565947704017162
1,0,9,0.342718094587326,0.6682708263397217,-0.028414849191904
1,0,10,0.3491940200328827,0.6675367951393127,-0.0380377769470214
1,0,11,0.3602901399135589,0.669744074344635,-0.0431093648076057
1,0,12,0.3669252693653106,0.6725764870643616,-0.0499028600752353
1,0,13,0.3388388156890869,0.6883919835090637,-0.0314138978719711
1,0,14,0.3465606272220611,0.6934888958930969,-0.0421290472149848
1,0,15,0.3567001521587372,0.697613537311554,-0.042604424059391
1,0,16,0.3625918924808502,0.6998652219772339,-0.0446763075888156
1,0,17,0.3377435207366943,0.7059242129325867,-0.035168383270502
1,0,18,0.3476900160312652,0.7141636610031128,-0.0425373241305351
1,0,19,0.3542830348014831,0.7184344530105591,-0.0406758934259414
1,0,20,0.3573420941829681,0.7221337556838989,-0.0408414788544178
1,0,21,0.5209525227546692,0.3790289163589477,-1.1796727180480957
1,0,22,0.5500370860099792,0.3397995829582214,-1.1454099416732788
1,0,23,0.5441269874572754,0.4141217470169067,-1.0252124071121216
1,0,24,0.6773967146873474,0.5448122024536133,-0.3971753418445587
1,0,25,0.7367874979972839,0.8171542286872864,-0.6068425178527832
1,1,0,0.0,0.0,0.0
1,1,1,0.0,0.0,0.0
1,1,2,0.0,0.0,0.0
1,1,3,0.0,0.0,0.0
1,1,4,0.0,0.0,0.0
1,1,5,0.0,0.0,0.0
1,1,6,0.0,0.0,0.0
1,1,7,0.0,0.0,0.0
1,1,8,0.0,0.0,0.0
1,1,9,0.0,0.0,0.0
1,1,10,0.0,0.0,0.0
1,1,11,0.0,0.0,0.0
1,1,12,0.0,0.0,0.0
1,1,13,0.0,0.0,0.0
1,1,14,0.0,0.0,0.0
1,1,15,0.0,0.0,0.0
1,1,16,0.0,0.0,0.0
1,1,17,0.0,0.0,0.0
1,1,18,0.0,0.0,0.0
1,1,19,0.0,0.0,0.0
1,1,20,0.0,0.0,0.0
1,1,21,0.5209525227546692,0.3790289163589477,-1.1796727180480957
1,1,22,0.4816837906837463,0.3422066569328308,-1.1491801738739014
1,1,23,0.4943049550056457,0.4181154370307922,-1.02868914604187
1,1,24,0.3552357256412506,0.5306670665740967,-0.4539161622524261
1,1,25,0.2715085744857788,0.7947523593902588,-0.7720919251441956
2,0,0,0.3380821049213409,0.6709796190261841,-1.2106852409488056e-07
2,0,1,0.3545034825801849,0.6420897245407104,-0.0078805088996887
2,0,2,0.3712024390697479,0.6195690631866455,-0.0139181800186634
2,0,3,0.3803808689117431,0.5979965925216675,-0.0192260686308145
2,0,4,0.3769814074039459,0.5775408148765564,-0.0251367799937725
2,0,5,0.3519929945468902,0.6438243985176086,-0.0238753445446491
2,0,6,0.3545095920562744,0.645992636680603,-0.0350940898060798
2,0,7,0.360196590423584,0.6456946730613708,-0.044534645974636
2,0,8,0.3619596362113952,0.6450779438018799,-0.0517235696315765
2,0,9,0.3448061347007751,0.667485773563385,-0.0272311475127935
2,0,10,0.347779244184494,0.6702359318733215,-0.0357022285461425
2,0,11,0.358585923910141,0.672368049621582,-0.040903378278017
2,0,12,0.3642223179340362,0.674846887588501,-0.0479279458522796
2,0,13,0.340450257062912,0.6869688034057617,-0.0302920266985893
2,0,14,0.3448894023895263,0.6942036747932434,-0.0395740307867527
2,0,15,0.3544705808162689,0.6984577178955078,-0.0395564250648021
2,0,16,0.3597509562969208,0.7008442878723145,-0.0414314977824687
2,0,17,0.3379146456718445,0.7032368183135986,-0.03407484292984
2,0,18,0.3448465466499328,0.713586151599884,-0.0403325669467449
2,0,19,0.3512541353702545,0.7176714539527893,-0.0378004424273967
2,0,20,0.3542064130306244,0.7210995554924011,-0.0375450737774372
2,0,21,0.5220643281936646,0.3828020095825195,-1.109568476676941
2,0,22,0.5503695011138916,0.3429522514343261,-1.0814110040664673
2,0,23,0.5448424220085144,0.4175432920455932,-0.9604594111442566
2,0,24,0.6747787594795227,0.5428519248962402,-0.3521573543548584
2,0,25,0.736059844493866,0.8149749040603638,-0.5392703413963318
2,1,0,0.0,0.0,0.0
2,1,1,0.0,0.0,0.0
2,1,2,0.0,0.0,0.0
2,1,3,0.0,0.0,0.0
2,1,4,0.0,0.0,0.0
2,1,5,0.0,0.0,0.0
2,1,6,0.0,0.0,0.0
2,1,7,0.0,0.0,0.0
2,1,8,0.0,0.0,0.0
2,1,9,0.0,0.0,0.0
2,1,10,0.0,0.0,0.0
2,1,11,0.0,0.0,0.0
2,1,12,0.0,0.0,0.0
2,1,13,0.0,0.0,0.0
2,1,14,0.0,0.0,0.0
2,1,15,0.0,0.0,0.0
2,1,16,0.0,0.0,0.0
2,1,17,0.0,0.0,0.0
2,1,18,0.0,0.0,0.0
2,1,19,0.0,0.0,0.0
2,1,20,0.0,0.0,0.0
2,1,21,0.5220643281936646,0.3828020095825195,-1.109568476676941
2,1,22,0.4822397232055664,0.3465516567230224,-1.0870919227600098
2,1,23,0.4960584938526153,0.4226141571998596,-0.9663471579551696
2,1,24,0.3562059998512268,0.5320849418640137,-0.4360751211643219
2,1,25,0.2719922065734863,0.794884979724884,-0.7497075796127319
4,0,0,0.3327114880084991,0.6782225370407104,-1.470807688974674e-07
4,0,1,0.3515515625476837,0.6484192609786987,-0.0048210527747869
4,0,2,0.3704120218753814,0.6226056814193726,-0.0088143805041909
4,0,3,0.3804824352264404,0.5999466776847839,-0.0126498388126492
4,0,4,0.3776026368141174,0.5800178050994873,-0.0173065811395645
4,0,5,0.3491540849208832,0.6422242522239685,-0.0149774998426437
4,0,6,0.355746328830719,0.6416250467300415,-0.0237362962216138
4,0,7,0.362249493598938,0.6401309370994568,-0.0322976186871528
4,0,8,0.3673608899116516,0.6393442749977112,-0.0392385944724082
4,0,9,0.3411997854709625,0.6631494760513306,-0.0190406590700149
4,0,10,0.3483926057815552,0.6603342890739441,-0.0233286451548337
4,0,11,0.3585503101348877,0.6607974171638489,-0.0269993934780359
4,0,12,0.3656408786773681,0.660520613193512,-0.0333533622324466
4,0,13,0.3364235162734985,0.6822444200515747,-0.0232234504073858
4,0,14,0.3461535573005676,0.6816874146461487,-0.0299393534660339
4,0,15,0.3558440208435058,0.681633472442627,-0.0301379207521677
4,0,16,0.3627382218837738,0.6797370910644531,-0.0328558906912803
4,0,17,0.334986925125122,0.699833333492279,-0.0278763901442289
4,0,18,0.3456013798713684,0.704677164554596,-0.0326896905899047
4,0,19,0.3528375625610351,0.7073202729225159,-0.0302645470947027
4,0,20,0.3567220866680145,0.709074854850769,-0.0305017828941345
4,0,21,0.5219231843948364,0.3789445161819458,-1.2119051218032837
4,0,22,0.5514399409294128,0.3390783667564392,-1.17657208442688
4,0,23,0.5453850030899048,0.4139801859855652,-1.0541001558303833
4,0,24,0.6779861450195312,0.5442830324172974,-0.4070590436458587
4,0,25,0.7400329113006592,0.8180695176124573,-0.6066693067550659
4,1,0,0.0,0.0,0.0
4,1,1,0.0,0.0,0.0
4,1,2,0.0,0.0,0.0
4,1,3,0.0,0.0,0.0
4,1,4,0.0,0.0,0.0
4,1,5,0.0,0.0,0.0
4,1,6,0.0,0.0,0.0
4,1,7,0.0,0.0,0.0
4,1,8,0.0,0.0,0.0
4,1,9,0.0,0.0,0.0
4,1,10,0.0,0.0,0.0
4,1,11,0.0,0.0,0.0
4,1,12,0.0,0.0,0.0
4,1,13,0.0,0.0,0.0
4,1,14,0.0,0.0,0.0
4,1,15,0.0,0.0,0.0
4,1,16,0.0,0.0,0.0
4,1,17,0.0,0.0,0.0
4,1,18,0.0,0.0,0.0
4,1,19,0.0,0.0,0.0
4,1,20,0.0,0.0,0.0
4,1,21,0.5219231843948364,0.3789445161819458,-1.2119051218032837
4,1,22,0.4819274246692657,0.3414577841758728,-1.1837979555130005
4,1,23,0.4945828914642334,0.4190294146537781,-1.0621293783187866
4,1,24,0.3558051288127899,0.5304524302482605,-0.4965085983276367
4,1,25,0.2709831595420837,0.792740523815155,-0.8302277326583862
5,0,0,0.3304299116134643,0.6867612600326538,-1.1263624344337589e-07
5,0,1,0.3499327898025512,0.6535323262214661,-0.0046835145913064
5,0,2,0.36904177069664,0.6253397464752197,-0.0093546453863382
5,0,3,0.3801325857639313,0.6008815169334412,-0.0140689825639128
5,0,4,0.379828929901123,0.5785707235336304,-0.019418429583311
5,0,5,0.348749577999115,0.6444287300109863,-0.0163709018379449
5,0,6,0.3566355407238006,0.6396000385284424,-0.026308262720704
5,0,7,0.3655703067779541,0.6399693489074707,-0.0352555178105831
5,0,8,0.3722273409366607,0.6416073441505432,-0.0424397215247154
5,0,9,0.3415064513683319,0.6665173172950745,-0.0210191644728183
5,0,10,0.3493690192699432,0.661902129650116,-0.0281700361520051
5,0,11,0.3613983392715454,0.6643476486206055,-0.0335372015833854
5,0,12,0.3691827952861786,0.6671571731567383,-0.0407285504043102
5,0,13,0.3377780318260193,0.686420202255249,-0.0255732461810112
5,0,14,0.3473847806453705,0.6861754655838013,-0.034503549337387
5,0,15,0.359193742275238,0.6886049509048462,-0.0360915586352348
5,0,16,0.3671392798423767,0.6897462010383606,-0.039352610707283
5,0,17,0.3374943733215332,0.7050631046295166,-0.0305087883025407
5,0,18,0.3496870100498199,0.7097117900848389,-0.0373782627284526
5,0,19,0.3576745986938476,0.7143571972846985,-0.0361708775162696
5,0,20,0.3619041740894317,0.7182614803314209,-0.0368894934654235
5,0,21,0.5223209857940674,0.3832840323448181,-1.0773959159851074
5,0,22,0.5506380200386047,0.3435363173484802,-1.0549191236495972
5,0,23,0.5446469783782959,0.4179832935333252,-0.9373398423194884
5,0,24,0.6719261407852173,0.5404068231582642,-0.369596779346466
5,0,25,0.7364307641983032,0.8149495720863342,-0.5229993462562561
5,1,0,0.6840910315513611,0.7243737578392029,-3.4827834838324634e-08
5,1,1,0.6785175800323486,0.6858674883842468,-0.0063110515475273
5,1,2,0.6831778287887573,0.6571886539459229,-0.0120103545486927
5,1,3,0.6945351958274841,0.6308645606040955,-0.0187745168805122
5,1,4,0.7072727084159851,0.6090864539146423,-0.0268733128905296
5,1,5,0.6843624114990234,0.6850414276123047,-0.0149802360683679
5,1,6,0.6981281638145447,0.6825099587440491,-0.0269673373550176
5,1,7,0.7046017646789551,0.6806057095527649,-0.0377663075923919
5,1,8,0.7062666416168213,0.6784407496452332,-0.0458167567849159
5,1,9,0.6896167397499084,0.712477445602417,-0.0213236808776855
5,1,10,0.7076112627983093,0.7080311179161072,-0.0303529109805822
5,1,11,0.7089818716049194,0.7062665820121765,-0.0377994552254676
5,1,12,0.7038633823394775,0.7084862589836121,-0.0461788140237331
5,1,13,0.6921474933624268,0.7351041436195374,-0.0282095968723297
5,1,14,0.7023450136184692,0.7372894287109375,-0.0401500537991523
5,1,15,0.7015215754508972,0.7358599901199341,-0.044263444840908
5,1,16,0.6980701684951782,0.7355960607528687,-0.048851154744625
5,1,17,0.6892543435096741,0.7543819546699524,-0.0355044230818748
5,1,18,0.691543459892273,0.7630659341812134,-0.046306662261486
5,1,19,0.6887347102165222,0.766047477722168,-0.0472357459366321
5,1,20,0.6849368810653687,0.7696701884269714,-0.0491152517497539
5,1,21,0.5223209857940674,0.3832840323448181,-1.0773959159851074
5,1,22,0.4831981658935547,0.3462380766868591,-1.0579487085342407
5,1,23,0.4959734380245209,0.4220038652420044,-0.9398188591003418
5,1,24,0.3556805253028869,0.5308464765548706,-0.4213964641094208
5,1,25,0.2686623036861419,0.7969036102294922,-0.709358274936676
8,0,0,0.6883016228675842,0.7306133508682251,-1.1015966094873877e-07
8,0,1,0.6784308552742004,0.689905047416687,-0.0048578586429357
8,0,2,0.6828603148460388,0.6587704420089722,-0.0088709238916635
8,0,3,0.6915320754051208,0.6346843838691711,-0.0142908953130245
8,0,4,0.7038779258728027,0.6145715117454529,-0.0207809936255216
8,0,5,0.6932519674301147,0.6808351874351501,-0.0073803202249109
8,0,6,0.7011922001838684,0.6774088144302368,-0.0178615022450685
8,0,7,0.7007245421409607,0.676841139793396,-0.0287554282695055
8,0,8,0.6998069882392883,0.6755499243736267,-0.0373591072857379
8,0,9,0.6963890790939331,0.7054509520530701,-0.013449165970087
8,0,10,0.7061615586280823,0.7007817029953003,-0.0195429772138595
8,0,11,0.7057802081108093,0.7015353441238403,-0.025773799046874
8,0,12,0.7035291790962219,0.7011211514472961,-0.0340781733393669
8,0,13,0.6965996623039246,0.7273293733596802,-0.0204380862414836
8,0,14,0.7037719488143921,0.727573812007904,-0.0295795314013957
8,0,15,0.7009866237640381,0.7283351421356201,-0.031259823590517
8,0,16,0.6966458559036255,0.7268138527870178,-0.0350387692451477
8,0,17,0.6921519637107849,0.7468512058258057,-0.0281328987330198
8,0,18,0.6960030198097229,0.7543225884437561,-0.0362248532474041
8,0,19,0.6930124759674072,0.7574150562286377,-0.0352268666028976
8,0,20,0.6885569095611572,0.7587863206863403,-0.0361395850777626
8,0,21,0.5214978456497192,0.3841881155967712,-1.1637839078903198
8,0,22,0.5497372150421143,0.3433229327201843,-1.1367141008377075
8,0,23,0.5441056489944458,0.4184057116508484,-1.0112910270690918
8,0,24,0.6760797500610352,0.5414277911186218,-0.3897961676120758
8,0,25,0.7352019548416138,0.8099614977836609,-0.5595663189888
8,1,0,0.0,0.0,0.0
8,1,1,0.0,0.0,0.0
8,1,2,0.0,0.0,0.0
8,1,3,0.0,0.0,0.0
8,1,4,0.0,0.0,0.0
8,1,5,0.0,0.0,0.0
8,1,6,0.0,0.0,0.0
8,1,7,0.0,0.0,0.0
8,1,8,0.0,0.0,0.0
8,1,9,0.0,0.0,0.0
8,1,10,0.0,0.0,0.0
8,1,11,0.0,0.0,0.0
8,1,12,0.0,0.0,0.0
8,1,13,0.0,0.0,0.0
8,1,14,0.0,0.0,0.0
8,1,15,0.0,0.0,0.0
8,1,16,0.0,0.0,0.0
8,1,17,0.0,0.0,0.0
8,1,18,0.0,0.0,0.0
8,1,19,0.0,0.0,0.0
8,1,20,0.0,0.0,0.0
8,1,21,0.5214978456497192,0.3841881155967712,-1.1637839078903198
8,1,22,0.4823729395866394,0.3466113209724426,-1.14042067527771
8,1,23,0.4953802824020386,0.4232455492019653,-1.0143711566925049
8,1,24,0.356837660074234,0.5274238586425781,-0.4586751461029053
8,1,25,0.2701104283332824,0.7923918962478638,-0.769858717918396
9,0,0,0.0,0.0,0.0
9,0,1,0.0,0.0,0.0
9,0,2,0.0,0.0,0.0
9,0,3,0.0,0.0,0.0
9,0,4,0.0,0.0,0.0
9,0,5,0.0,0.0,0.0
9,0,6,0.0,0.0,0.0
9,0,7,0.0,0.0,0.0
9,0,8,0.0,0.0,0.0
9,0,9,0.0,0.0,0.0
9,0,10,0.0,0.0,0.0
9,0,11,0.0,0.0,0.0
9,0,12,0.0,0.0,0.0
9,0,13,0.0,0.0,0.0
9,0,14,0.0,0.0,0.0
9,0,15,0.0,0.0,0.0
9,0,16,0.0,0.0,0.0
9,0,17,0.0,0.0,0.0
9,0,18,0.0,0.0,0.0
9,0,19,0.0,0.0,0.0
9,0,20,0.0,0.0,0.0
9,0,21,0.5205304026603699,0.3798472285270691,-1.164785623550415
9,0,22,0.5512440204620361,0.3394733071327209,-1.1356607675552368
9,0,23,0.5451425313949585,0.4147856831550598,-1.009201169013977
9,0,24,0.6771743893623352,0.5408689975738525,-0.3616965711116791
9,0,25,0.7410216927528381,0.814792275428772,-0.5248479247093201
9,1,0,0.0,0.0,0.0
9,1,1,0.0,0.0,0.0
9,1,2,0.0,0.0,0.0
9,1,3,0.0,0.0,0.0
9,1,4,0.0,0.0,0.0
9,1,5,0.0,0.0,0.0
9,1,6,0.0,0.0,0.0
9,1,7,0.0,0.0,0.0
9,1,8,0.0,0.0,0.0
9,1,9,0.0,0.0,0.0
9,1,10,0.0,0.0,0.0
9,1,11,0.0,0.0,0.0
9,1,12,0.0,0.0,0.0
9,1,13,0.0,0.0,0.0
9,1,14,0.0,0.0,0.0
9,1,15,0.0,0.0,0.0
9,1,16,0.0,0.0,0.0
9,1,17,0.0,0.0,0.0
9,1,18,0.0,0.0,0.0
9,1,19,0.0,0.0,0.0
9,1,20,0.0,0.0,0.0
9,1,21,0.5205304026603699,0.3798472285270691,-1.164785623550415
9,1,22,0.4808785021305084,0.342277467250824,-1.1420978307724
9,1,23,0.4935086667537689,0.4199244976043701,-1.0159112215042114
9,1,24,0.3586313724517822,0.5265717506408691,-0.4619965255260467
9,1,25,0.2691255211830139,0.7927102446556091,-0.7553521394729614
10,0,0,0.7085073590278625,0.7433545589447021,-2.4017165856093925e-07
10,0,1,0.6955377459526062,0.6981501579284668,-0.0085417591035366
10,0,2,0.6917735934257507,0.6618432402610779,-0.0142766600474715
10,0,3,0.6950609087944031,0.633573591709137,-0.0201199632138013
10,0,4,0.7025685906410217,0.6116731762886047,-0.0263381656259298
10,0,5,0.7112430334091187,0.6759636998176575,-0.0141528695821762
10,0,6,0.69752037525177,0.6726794838905334,-0.029503071680665
10,0,7,0.689110279083252,0.6762791872024536,-0.042289450764656
10,0,8,0.6824285387992859,0.6774681806564331,-0.0506414994597435
10,0,9,0.7163088917732239,0.7006059885025024,-0.0177446343004703
10,0,10,0.6959100365638733,0.6993259787559509,-0.0287541896104812
10,0,11,0.6860120296478271,0.7022995948791504,-0.035461887717247
10,0,12,0.6788183450698853,0.7040625214576721,-0.0420842766761779
10,0,13,0.7164349555969238,0.7240322232246399,-0.0227102953940629
10,0,14,0.696265459060669,0.7268970012664795,-0.0341200232505798
10,0,15,0.6857735514640808,0.7274325489997864,-0.0360236540436744
10,0,16,0.6772449016571045,0.7261607646942139,-0.0381414182484149
10,0,17,0.7123905420303345,0.7463099360466003,-0.0285966787487268
10,0,18,0.695608377456665,0.752441942691803,-0.0378615148365497
10,0,19,0.6840444803237915,0.75321364402771,-0.0384293310344219
10,0,20,0.6730512380599976,0.7523841857910156,-0.0389486029744148
10,0,21,0.5220374464988708,0.3796609044075012,-1.1992748975753784
10,0,22,0.5514363646507263,0.3384442925453186,-1.1655144691467283
10,0,23,0.5459219813346863,0.4139456152915954,-1.038499355316162
10,0,24,0.6783955097198486,0.5415611267089844,-0.3740015029907226
10,0,25,0.7386264204978943,0.8144680261611938,-0.5510201454162598
10,1,0,0.0,0.0,0.0
10,1,1,0.0,0.0,0.0
10,1,2,0.0,0.0,0.0
10,1,3,0.0,0.0,0.0
10,1,4,0.0,0.0,0.0
10,1,5,0.0,0.0,0.0
10,1,6,0.0,0.0,0.0
10,1,7,0.0,0.0,0.0
10,1,8,0.0,0.0,0.0
10,1,9,0.0,0.0,0.0
10,1,10,0.0,0.0,0.0
10,1,11,0.0,0.0,0.0
10,1,12,0.0,0.0,0.0
10,1,13,0.0,0.0,0.0
10,1,14,0.0,0.0,0.0
10,1,15,0.0,0.0,0.0
10,1,16,0.0,0.0,0.0
10,1,17,0.0,0.0,0.0
10,1,18,0.0,0.0,0.0
10,1,19,0.0,0.0,0.0
10,1,20,0.0,0.0,0.0
10,1,21,0.5220374464988708,0.3796609044075012,-1.1992748975753784
10,1,22,0.4825842678546905,0.3421092629432678,-1.174091339111328
10,1,23,0.4955417513847351,0.4188712239265442,-1.0484291315078735
10,1,24,0.3586204051971435,0.5265260934829712,-0.4850344955921173
10,1,25,0.2700836658477783,0.7914377450942993,-0.8003225326538086
11,0,0,0.7259594202041626,0.7399436831474304,-9.694004177163153e-08
11,0,1,0.7056724429130554,0.7022252082824707,-0.0094950553029775
11,0,2,0.6945889592170715,0.665261447429657,-0.0166556667536497
11,0,3,0.6965128779411316,0.63435959815979,-0.0231049209833145
11,0,4,0.7048678398132324,0.6115782260894775,-0.0307126864790916
11,0,5,0.7139871120452881,0.6880099773406982,-0.0244857352226972
11,0,6,0.7033538818359375,0.6802062392234802,-0.0391325876116752
11,0,7,0.6939071416854858,0.6789174675941467,-0.0509214960038661
11,0,8,0.6830961108207703,0.6764640212059021,-0.0590709410607814
11,0,9,0.7163822650909424,0.7139051556587219,-0.0275813750922679
11,0,10,0.6991773247718811,0.7117471098899841,-0.038578875362873
11,0,11,0.683527410030365,0.708962619304657,-0.0462504588067531
11,0,12,0.6679745316505432,0.7061395645141602,-0.0548008494079113
11,0,13,0.7127671241760254,0.7382331490516663,-0.0309073384851217
11,0,14,0.6916220784187317,0.7412196397781372,-0.0413901396095752
11,0,15,0.6753363013267517,0.7388110160827637,-0.0429685786366462
11,0,16,0.6606501936912537,0.7343809008598328,-0.0459507405757904
11,0,17,0.7035430669784546,0.7605807781219482,-0.0350577980279922
11,0,18,0.6843669414520264,0.7645492553710938,-0.0429645366966724
11,0,19,0.6720288991928101,0.7626551985740662,-0.0425000227987766
11,0,20,0.6608598828315735,0.760017454624176,-0.0432109534740448
11,0,21,0.521263062953949,0.3829434514045715,-1.208532452583313
11,0,22,0.55215984582901,0.3428813219070434,-1.1779847145080566
11,0,23,0.5457109212875366,0.4163120985031128,-1.0509580373764038
11,0,24,0.6763111352920532,0.5418634414672852,-0.3919739425182342
11,0,25,0.7424992322921753,0.8204010725021362,-0.5349759459495544
11,1,0,0.3211389780044555,0.697806715965271,5.625849297530294e-08
11,1,1,0.3358221650123596,0.6657862067222595,-0.009705907665193
11,1,2,0.3582412898540497,0.6319287419319153,-0.0181060675531625
11,1,3,0.37227264046669,0.6050626635551453,-0.0248560775071382
11,1,4,0.3763050138950348,0.5814986228942871,-0.031025955453515
11,1,5,0.3498492538928985,0.6468339562416077,-0.0272335987538099
11,1,6,0.3619648814201355,0.6427504420280457,-0.0414730831980705
11,1,7,0.3773621320724487,0.6449060440063477,-0.0498978048563003
11,1,8,0.389162927865982,0.6484528183937073,-0.0548251308500766
11,1,9,0.3470733165740967,0.6715129613876343,-0.0290701426565647
11,1,10,0.358627438545227,0.6707467436790466,-0.04091252759099
11,1,11,0.3771328628063202,0.6744548678398132,-0.0447502806782722
11,1,12,0.3902377188205719,0.6784965395927429,-0.0477534346282482
11,1,13,0.3444821238517761,0.6967973113059998,-0.0309530682861804
11,1,14,0.3582073450088501,0.6975875496864319,-0.0433633811771869
11,1,15,0.3769315779209137,0.7013610005378723,-0.0439914688467979
11,1,16,0.3912304043769836,0.7041311264038086,-0.0431830212473869
11,1,17,0.3436423242092132,0.7202341556549072,-0.0331854932010173
11,1,18,0.362373799085617,0.7230396270751953,-0.0427277609705925
11,1,19,0.3779919743537903,0.7243831157684326,-0.042588073760271
11,1,20,0.3919422924518585,0.7253984212875366,-0.0414323136210441
11,1,21,0.521263062953949,0.3829434514045715,-1.208532452583313
11,1,22,0.4820711314678192,0.3457127213478088,-1.1883646249771118
11,1,23,0.4946927726268768,0.4206570982933044,-1.063877820968628
11,1,24,0.3565003275871277,0.5303499102592468,-0.5140246152877808
11,1,25,0.2657022476196289,0.7991640567779541,-0.805770218372345
12,0,0,0.7317749857902527,0.7421728372573853,-1.794966806301091e-07
12,0,1,0.7083057761192322,0.7033235430717468,-0.0068496004678308
12,0,2,0.6953402757644653,0.666818380355835,-0.0120406243950128
12,0,3,0.695061981678009,0.6380722522735596,-0.0169768594205379
12,0,4,0.7014988660812378,0.6157187819480896,-0.0232835058122873
12,0,5,0.7140530347824097,0.6828613877296448,-0.0203111506998538
12,0,6,0.6977571845054626,0.6765815019607544,-0.0326190590858459
12,0,7,0.6817013621330261,0.6792216300964355,-0.0422096811234951
12,0,8,0.6677807569503784,0.6799754500389099,-0.0490640364587307
12,0,9,0.715932309627533,0.7084642052650452,-0.0236329864710569
12,0,10,0.690622091293335,0.7081308960914612,-0.0323434546589851
12,0,11,0.6711208820343018,0.7066967487335205,-0.0386222153902053
12,0,12,0.6541476845741272,0.7055527567863464,-0.0464028343558311
12,0,13,0.7135406136512756,0.7332509756088257,-0.0271780639886856
12,0,14,0.6872168183326721,0.7366498112678528,-0.0361417680978775
12,0,15,0.6682804822921753,0.7346820831298828,-0.0385643020272254
12,0,16,0.6522890329360962,0.731579065322876,-0.0422959551215171
12,0,17,0.7076042890548706,0.7558547854423523,-0.0312066935002803
12,0,18,0.6846086382865906,0.7592317461967468,-0.0391577705740928
12,0,19,0.6681594848632812,0.757487416267395,-0.0404660627245903
12,0,20,0.6531360745429993,0.7564195394515991,-0.0423794761300087
12,0,21,0.5211849808692932,0.3825118541717529,-1.2729036808013916
12,0,22,0.5521283745765686,0.3428231477737427,-1.239944338798523
12,0,23,0.5453695058822632,0.4158622622489929,-1.1129671335220337
12,0,24,0.6758174896240234,0.5428870916366577,-0.4465121328830719
12,0,25,0.7458101511001587,0.8192355632781982,-0.6239721179008484
12,1,0,0.315788984298706,0.6933878064155579,2.086570134451904e-07
12,1,1,0.3319539725780487,0.662826418876648,-0.0121630765497684
12,1,2,0.3550516366958618,0.6290633082389832,-0.0219073332846164
12,1,3,0.3683232069015503,0.6027660965919495,-0.0291028022766113
12,1,4,0.3731027841567993,0.5795676112174988,-0.0358886085450649
12,1,5,0.3535741567611694,0.643410861492157,-0.0308144278824329
12,1,6,0.3760572969913482,0.6485922932624817,-0.0446317568421363
12,1,7,0.3932573497295379,0.6546459197998047,-0.0522730909287929
12,1,8,0.4084079265594482,0.6606560349464417,-0.0569321401417255
12,1,9,0.351236343383789,0.6690517067909241,-0.0316263847053051
12,1,10,0.378616452217102,0.6738234162330627,-0.0432360842823982
12,1,11,0.400016725063324,0.6787606477737427,-0.0473972484469413
12,1,12,0.4168282151222229,0.684161365032196,-0.0508748032152652
12,1,13,0.3485301733016968,0.6952301859855652,-0.0324136540293693
12,1,14,0.376516729593277,0.7016066312789917,-0.0442911945283412
12,1,15,0.3990417718887329,0.7059889435768127,-0.0457774214446544
12,1,16,0.4166105687618255,0.7098004817962646,-0.0459856428205966
12,1,17,0.3472470343112945,0.718220055103302,-0.033503733575344
12,1,18,0.3736279308795929,0.7239707112312317,-0.0420340858399868
12,1,19,0.3930480480194092,0.7256505489349365,-0.0420879796147346
12,1,20,0.4110655188560486,0.7267439961433411,-0.0415680296719074
12,1,21,0.5211849808692932,0.3825118541717529,-1.2729036808013916
12,1,22,0.4823262095451355,0.3456566929817199,-1.2510321140289309
12,1,23,0.4950514733791351,0.4192894697189331,-1.1269128322601318
12,1,24,0.3535516560077667,0.530766487121582,-0.5643091201782227
12,1,25,0.2621052861213684,0.7976200580596924,-0.8423677682876587
16,0,0,0.3127326369285583,0.7008042335510254,3.226426770197577e-07
16,0,1,0.3280307650566101,0.6644906401634216,-0.0086792754009366
16,0,2,0.353791207075119,0.630023717880249,-0.0177798699587583
16,0,3,0.369396448135376,0.6046346426010132,-0.0247274916619062
16,0,4,0.3753179907798767,0.5810794234275818,-0.031861875206232
16,0,5,0.3594678342342376,0.6448333263397217,-0.034376785159111
16,0,6,0.4052451252937317,0.6465440392494202,-0.0474865809082984
16,0,7,0.4308887422084808,0.6508496999740601,-0.0531317815184593
16,0,8,0.4504876136779785,0.6562703251838684,-0.055755391716957
16,0,9,0.3616918325424194,0.6745241284370422,-0.0364416986703872
16,0,10,0.4106598198413849,0.674156665802002,-0.0473850034177303
16,0,11,0.44009530544281,0.6755340695381165,-0.0507109202444553
16,0,12,0.4616107046604156,0.6775143146514893,-0.0532784163951873
16,0,13,0.3638320863246918,0.7022463083267212,-0.0375197827816009
16,0,14,0.4095379412174225,0.7021728157997131,-0.0460720658302307
16,0,15,0.4383048117160797,0.7031033635139465,-0.0469357147812843
16,0,16,0.4597024321556091,0.7035675048828125,-0.0475036241114139
16,0,17,0.3660444319248199,0.7240950465202332,-0.0386077053844928
16,0,18,0.4025706648826599,0.7246239185333252,-0.0437806472182273
16,0,19,0.4248219132423401,0.7248619198799133,-0.0426212549209594
16,0,20,0.4437332153320312,0.7250009775161743,-0.0417771115899086
16,0,21,0.524962306022644,0.3817640542984009,-1.2293174266815186
16,0,22,0.5545867681503296,0.3404514789581299,-1.1907460689544678
16,0,23,0.5478500723838806,0.4145122766494751,-1.06682550907135
16,0,24,0.6773098111152649,0.5414235591888428,-0.3857111036777496
16,0,25,0.7552894949913025,0.82297682762146,-0.5974811911582947
16,1,0,0.7294068336486816,0.7468739748001099,-6.044211353639639e-09
16,1,1,0.7173171639442444,0.7053931355476379,-0.0039774314500391
16,1,2,0.6943612098693848,0.6660279631614685,-0.0121992630884051
16,1,3,0.6828688979148865,0.635364294052124,-0.0194194670766592
16,1,4,0.6802558302879333,0.610731840133667,-0.028390098363161
16,1,5,0.6864954233169556,0.6762339472770691,-0.0299387127161026
16,1,6,0.6435078978538513,0.6717923283576965,-0.0423902757465839
16,1,7,0.6178240180015564,0.6743611097335815,-0.0499584265053272
16,1,8,0.5968674421310425,0.677849292755127,-0.0552945733070373
16,1,9,0.6819977760314941,0.7060326337814331,-0.0349980294704437
16,1,10,0.6344432234764099,0.7018570899963379,-0.045111633837223
16,1,11,0.6056792736053467,0.7004917860031128,-0.051193356513977
16,1,12,0.5835922956466675,0.7001697421073914,-0.0577133111655712
16,1,13,0.6783909201622009,0.7345564365386963,-0.0388771034777164
16,1,14,0.6344864964485168,0.7328605651855469,-0.0474595166742801
16,1,15,0.6085811853408813,0.7293708324432373,-0.0511552803218364
16,1,16,0.5888135433197021,0.7257630825042725,-0.055268071591854
16,1,17,0.6759567260742188,0.7578998804092407,-0.0423528999090194
16,1,18,0.6414414644241333,0.7566007971763611,-0.0500743500888347
16,1,19,0.6184495687484741,0.7548666000366211,-0.0523556880652904
16,1,20,0.5992053747177124,0.7518376111984253,-0.0544688887894153
16,1,21,0.524962306022644,0.3817640542984009,-1.2293174266815186
16,1,22,0.4854301810264587,0.3442459106445312,-1.206742286682129
16,1,23,0.4979742765426636,0.4201952219009399,-1.0867786407470703
16,1,24,0.3522213995456695,0.5311866998672485,-0.5428011417388916
16,1,25,0.2567287087440491,0.804476797580719,-0.8087666630744934
19,0,0,0.3158175647258758,0.697959303855896,3.368200225395413e-07
19,0,1,0.333635926246643,0.6594864130020142,-0.0075698173604905
19,0,2,0.3637659549713135,0.6272164583206177,-0.0160456206649541
19,0,3,0.385325938463211,0.6037511825561523,-0.022683436051011
19,0,4,0.3957645297050476,0.5812081694602966,-0.0297378972172737
19,0,5,0.3784752190113067,0.64457106590271,-0.0303351543843746
19,0,6,0.4268188774585724,0.6472497582435608,-0.0426015257835388
19,0,7,0.4553582966327667,0.6523836255073547,-0.0483369305729866
19,0,8,0.4760844707489013,0.6587964296340942,-0.0507395677268505
19,0,9,0.380868136882782,0.6738136410713196,-0.0326813943684101
19,0,10,0.4329376518726349,0.6761912703514099,-0.0421874485909938
19,0,11,0.4656811058521271,0.6795819401741028,-0.0457807406783103
19,0,12,0.4890268445014953,0.6841287612915039,-0.0484021715819835
19,0,13,0.381416916847229,0.7016674280166626,-0.0341225564479827
19,0,14,0.431686520576477,0.7041212320327759,-0.041361641138792
19,0,15,0.4618209600448608,0.7057847380638123,-0.0427823662757873
19,0,16,0.4836302995681762,0.7080748677253723,-0.0437171682715415
19,0,17,0.3804269433021545,0.7244886159896851,-0.0355107150971889
19,0,18,0.4193134605884552,0.7257670164108276,-0.0396917462348938
19,0,19,0.4423066079616546,0.725692868232727,-0.0384425856173038
19,0,20,0.4607852399349212,0.7263509035110474,-0.03729959577322
19,0,21,0.5240218639373779,0.3804726004600525,-1.1773953437805176
19,0,22,0.5526790618896484,0.3431280255317688,-1.1444393396377563
19,0,23,0.5464773774147034,0.4139862060546875,-1.0316112041473389
19,0,24,0.6734159588813782,0.5365843772888184,-0.443646639585495
19,0,25,0.758974552154541,0.809920608997345,-0.6570137739181519
19,1,0,0.7220849990844727,0.742331326007843,5.3981604963837526e-08
19,1,1,0.7089662551879883,0.6985939741134644,-0.0028708816971629
19,1,2,0.6809094548225403,0.6612464189529419,-0.0104924412444233
19,1,3,0.664150595664978,0.6329529285430908,-0.0176394209265708
19,1,4,0.65920490026474,0.6070371866226196,-0.0268056914210319
19,1,5,0.6672026515007019,0.6753956079483032,-0.0284410361200571
19,1,6,0.6190941333770752,0.6737829446792603,-0.0413343273103237
19,1,7,0.5888627767562866,0.6751936674118042,-0.0488046519458293
19,1,8,0.564971387386322,0.6777330040931702,-0.0539857037365436
19,1,9,0.6625111103057861,0.703811764717102,-0.0347945801913738
19,1,10,0.6077902913093567,0.6999639272689819,-0.0458268225193023
19,1,11,0.5726094245910645,0.6989726424217224,-0.0525520145893096
19,1,12,0.5460809469223022,0.6992160081863403,-0.0587209686636924
19,1,13,0.6600167155265808,0.7323374152183533,-0.0398095585405826
19,1,14,0.6087244749069214,0.729347288608551,-0.0486954748630523
19,1,15,0.5759177803993225,0.7271036505699158,-0.0530914925038814
19,1,16,0.551390528678894,0.7248495817184448,-0.0572181642055511
19,1,17,0.6592990756034851,0.7572778463363647,-0.0443630442023277
19,1,18,0.6199241876602173,0.7564046382904053,-0.0522536486387252
19,1,19,0.5936521291732788,0.7539308667182922,-0.0548481568694114
19,1,20,0.5723865032196045,0.7506218552589417,-0.0567967593669891
19,1,21,0.5240218639373779,0.3804726004600525,-1.1773953437805176
19,1,22,0.486198753118515,0.3457081913948059,-1.1493245363235474
19,1,23,0.4990918338298797,0.4185287952423095,-1.037081956863403
19,1,24,0.3536569476127624,0.5298762321472168,-0.4879143238067627
19,1,25,0.2581443190574646,0.7972121238708496,-0.7240690588951111
20,0,0,0.319996029138565,0.6952987909317017,3.2019664786275825e-07
20,0,1,0.3377525508403778,0.6567384004592896,-0.006160716060549
20,0,2,0.3665560185909271,0.6269855499267578,-0.0143082775175571
20,0,3,0.388578712940216,0.6063429117202759,-0.0210803393274545
20,0,4,0.3996453583240509,0.5851073265075684,-0.0283964481204748
20,0,5,0.3838585913181305,0.6448087096214294,-0.0279403608292341
20,0,6,0.4317117929458618,0.6476165056228638,-0.0401375666260719
20,0,7,0.4593639373779297,0.6530880928039551,-0.0458821505308151
20,0,8,0.479289174079895,0.659913957118988,-0.0483162552118301
20,0,9,0.3863949477672577,0.6738797426223755,-0.0313206017017364
20,0,10,0.4382502436637878,0.6765678524971008,-0.0407169833779335
20,0,11,0.4699911475181579,0.680206298828125,-0.0446880087256431
20,0,12,0.4928694665431976,0.6847670674324036,-0.0474799983203411
20,0,13,0.3864488303661346,0.701340913772583,-0.0338862612843513
20,0,14,0.4361906051635742,0.7044230103492737,-0.0416181460022926
20,0,15,0.4659174084663391,0.7059797644615173,-0.0439911894500255
20,0,16,0.4881321787834167,0.7076313495635986,-0.0455497056245803
20,0,17,0.3847477734088897,0.7243553400039673,-0.0362037867307662
20,0,18,0.4227890074253082,0.7269011735916138,-0.0412293449044227
20,0,19,0.4458102583885193,0.7263354659080505,-0.0406186617910862
20,0,20,0.4649856984615326,0.7258431315422058,-0.0398495346307754
20,0,21,0.524398922920227,0.3825188279151916,-1.16253399848938
20,0,22,0.5518503785133362,0.3442632555961609,-1.129319429397583
20,0,23,0.5465565323829651,0.4165804982185364,-1.0183634757995603
20,0,24,0.6738972067832947,0.5391895771026611,-0.4356168210506439
20,0,25,0.7586451768875122,0.8185651302337646,-0.6487975716590881
20,1,0,0.7179969549179077,0.7400821447372437,8.131637230235358e-08
20,1,1,0.7059617042541504,0.6953535079956055,-0.0028363585006445
20,1,2,0.6781060099601746,0.6589760780334473,-0.0101017346605658
20,1,3,0.6601524949073792,0.632229745388031,-0.0167425777763128
20,1,4,0.6520189046859741,0.608411431312561,-0.0252408739179372
20,1,5,0.6603633165359497,0.6728821992874146,-0.0283192079514265
20,1,6,0.6130251884460449,0.6717676520347595,-0.0411678254604339
20,1,7,0.583163857460022,0.6741601228713989,-0.0483726933598518
20,1,8,0.5598065853118896,0.6779494285583496,-0.0530665665864944
20,1,9,0.6553746461868286,0.7021479606628418,-0.0344136469066143
20,1,10,0.6002159714698792,0.6995262503623962,-0.04558627307415
20,1,11,0.5664603114128113,0.7000486850738525,-0.0519496276974678
20,1,12,0.5414862036705017,0.7007448077201843,-0.0572714693844318
20,1,13,0.6530936360359192,0.7310915589332581,-0.0391090847551822
20,1,14,0.6023247241973877,0.7297133207321167,-0.0476684309542179
20,1,15,0.5702978372573853,0.7283275723457336,-0.0512858517467975
20,1,16,0.5469146966934204,0.7264348268508911,-0.0544685274362564
20,1,17,0.6531972289085388,0.7565250992774963,-0.0433383658528327
20,1,18,0.6143574118614197,0.756314218044281,-0.0501783490180969
20,1,19,0.5883961915969849,0.7541742324829102,-0.0516218654811382
20,1,20,0.5679874420166016,0.7509170770645142,-0.0524685196578502
20,1,21,0.524398922920227,0.3825188279151916,-1.16253399848938
20,1,22,0.4852987229824066,0.3475951552391052,-1.1343930959701538
20,1,23,0.4994898736476898,0.4224357008934021,-1.0237350463867188
20,1,24,0.3536742925643921,0.5322747230529785,-0.4858725666999817
20,1,25,0.2576163411140442,0.7995160818099976,-0.7208220362663269
22,0,0,0.7122925519943237,0.7384893298149109,1.2719227981961012e-07
22,0,1,0.6988900303840637,0.693671464920044,-0.0032789125107228
22,0,2,0.6695460081100464,0.6584017276763916,-0.0103741399943828
22,0,3,0.6498326063156128,0.631528913974762,-0.0170421302318573
22,0,4,0.641982913017273,0.6070314645767212,-0.0254217032343149
22,0,5,0.6467888355255127,0.673575222492218,-0.0249238200485706
22,0,6,0.5998291969299316,0.6740638017654419,-0.0367788188159465
22,0,7,0.5710802674293518,0.675290584564209,-0.0438938438892364
22,0,8,0.5487620830535889,0.677745521068573,-0.0485208630561828
22,0,9,0.6417476534843445,0.7025652527809143,-0.0301725473254919
22,0,10,0.5894410014152527,0.7011075615882874,-0.040494579821825
22,0,11,0.5566537380218506,0.7007367610931396,-0.0470529049634933
22,0,12,0.531929075717926,0.701403796672821,-0.0523322783410549
22,0,13,0.6396869421005249,0.7309128642082214,-0.0343573503196239
22,0,14,0.5904884934425354,0.7291096448898315,-0.0420301593840122
22,0,15,0.5593624711036682,0.7273333668708801,-0.0463894084095954
22,0,16,0.5368464589118958,0.7261969447135925,-0.049954418092966
22,0,17,0.6400769352912903,0.7562977075576782,-0.0382354073226451
22,0,18,0.6023942232131958,0.7538549900054932,-0.0443692915141582
22,0,19,0.5780631303787231,0.7515679597854614,-0.0461832173168659
22,0,20,0.5589812397956848,0.7491539716720581,-0.047185618430376
22,0,21,0.5258387327194214,0.3824948668479919,-1.2470483779907229
22,0,22,0.5539197325706482,0.3436529636383056,-1.2083576917648315
22,0,23,0.5464094877243042,0.4151114225387573,-1.0869497060775757
22,0,24,0.6737216711044312,0.5372002124786377,-0.435387372970581
22,0,25,0.7598356008529663,0.8141328692436218,-0.6574301719665527
22,1,0,0.3213339149951935,0.7005689144134521,3.3361880014126655e-07
22,1,1,0.3418847024440765,0.6585426330566406,-0.0065992102026939
22,1,2,0.3751298487186432,0.6281420588493347,-0.0141106862574815
22,1,3,0.3996150195598602,0.6059473752975464,-0.0205011125653982
22,1,4,0.4110444486141205,0.5829916596412659,-0.0273070465773344
22,1,5,0.3928254842758178,0.6484358906745911,-0.0244754087179899
22,1,6,0.4411053657531738,0.6535156965255737,-0.0364548079669475
22,1,7,0.4691736698150635,0.6607257723808289,-0.0430164597928524
22,1,8,0.4899658858776092,0.6687005758285522,-0.0461563654243946
22,1,9,0.3936981558799743,0.6781209111213684,-0.0277122315019369
22,1,10,0.44496750831604,0.6830370426177979,-0.0371946468949317
22,1,11,0.4771178066730499,0.6880038380622864,-0.0418429002165794
22,1,12,0.5007573962211609,0.6934518814086914,-0.045140516012907
22,1,13,0.392233669757843,0.7057361602783203,-0.0304220858961343
22,1,14,0.4417521059513092,0.71147620677948,-0.0379318706691265
22,1,15,0.4717684686183929,0.7150461077690125,-0.040020152926445
22,1,16,0.4939980208873749,0.7179226279258728,-0.041278701275587
22,1,17,0.3890860080718994,0.7278187870979309,-0.0331486947834491
22,1,18,0.4285789132118225,0.732518196105957,-0.0372885651886463
22,1,19,0.4520560801029205,0.7340283393859863,-0.036018967628479
22,1,20,0.4713912606239319,0.7353667616844177,-0.034802783280611
22,1,21,0.5258387327194214,0.3824948668479919,-1.2470483779907229
22,1,22,0.486994057893753,0.3461335301399231,-1.220488429069519
22,1,23,0.4993798434734344,0.4205359220504761,-1.101958394050598
22,1,24,0.3523512184619903,0.5323526859283447,-0.5362523794174194
22,1,25,0.2601017355918884,0.7962050437927246,-0.7802627086639404
23,0,0,0.3239549696445465,0.6988891959190369,3.242633113131888e-07
23,0,1,0.3433842360973358,0.6594038009643555,-0.005967219825834
23,0,2,0.3755218684673309,0.6307801008224487,-0.0130635276436805
23,0,3,0.399314671754837,0.6095691919326782,-0.0189466942101717
23,0,4,0.4114957749843597,0.5879660248756409,-0.0251234378665685
23,0,5,0.39465993642807,0.6499690413475037,-0.0229751244187355
23,0,6,0.4416741728782654,0.6555553078651428,-0.0334237329661846
23,0,7,0.4697339832782745,0.66180819272995,-0.0386845283210277
23,0,8,0.4899488687515259,0.6687582731246948,-0.0409057922661304
23,0,9,0.3961535692214966,0.678982675075531,-0.0257292557507753
23,0,10,0.4464435577392578,0.6842242479324341,-0.0332232192158699
23,0,11,0.4779958128929138,0.6891462802886963,-0.036410205066204
23,0,12,0.5009910464286804,0.6944291591644287,-0.0387168675661087
23,0,13,0.3949726223945617,0.7061936855316162,-0.0279021859169006
23,0,14,0.4436798095703125,0.7113957405090332,-0.0339168459177017
23,0,15,0.4725548923015594,0.7149596810340881,-0.0348824299871921
23,0,16,0.493792712688446,0.7181012034416199,-0.0354564636945724
23,0,17,0.3920665979385376,0.7286055684089661,-0.0299999937415123
23,0,18,0.4303949475288391,0.7325694561004639,-0.033212523907423
23,0,19,0.4527807533740997,0.7343794107437134,-0.0311790592968463
23,0,20,0.4710451364517212,0.7358443737030029,-0.029365787282586
23,0,21,0.524595320224762,0.3829380869865417,-1.2420997619628906
23,0,22,0.5526442527770996,0.3436562418937683,-1.204553246498108
23,0,23,0.546013593673706,0.4165533185005188,-1.088098168373108
23,0,24,0.6744680404663086,0.5398356914520264,-0.4657418727874756
23,0,25,0.7595896124839783,0.8194421529769897,-0.7058056592941284
23,1,0,0.7117844820022583,0.7365770936012268,1.268300309220649e-07
23,1,1,0.6969262361526489,0.6920193433761597,-0.0032825514208525
23,1,2,0.6670562028884888,0.6576970815658569,-0.0101960515603423
23,1,3,0.647767961025238,0.6302016973495483,-0.0169261079281568
23,1,4,0.6405181884765625,0.6052372455596924,-0.0252068936824798
23,1,5,0.642913818359375,0.671680212020874,-0.0227143596857786
23,1,6,0.5980437994003296,0.6722168922424316,-0.0342163704335689
23,1,7,0.5701812505722046,0.6743210554122925,-0.0417821891605854
23,1,8,0.5471802949905396,0.6778022646903992,-0.0471344329416751
23,1,9,0.6381998658180237,0.7015675902366638,-0.0283055696636438
23,1,10,0.5877522826194763,0.7000064849853516,-0.0386201106011867
23,1,11,0.5551421046257019,0.6995901465415955,-0.0461161732673645
23,1,12,0.5288074016571045,0.7007237076759338,-0.0524211712181568
23,1,13,0.6371033787727356,0.7303915619850159,-0.0329808555543422
23,1,14,0.5899935364723206,0.7291126847267151,-0.0409534238278865
23,1,15,0.5588222146034241,0.7274751663208008,-0.0463841371238231
23,1,16,0.5348256826400757,0.726763129234314,-0.0509232617914676
23,1,17,0.638463020324707,0.7556376457214355,-0.0374367795884609
23,1,18,0.6016569137573242,0.7536855340003967,-0.0437874346971511
23,1,19,0.5774040818214417,0.7518759369850159,-0.0462995581328868
23,1,20,0.5578545928001404,0.7500346302986145,-0.0481160059571266
23,1,21,0.524595320224762,0.3829380869865417,-1.2420997619628906
23,1,22,0.4852307438850403,0.3477534055709839,-1.213281273841858
23,1,23,0.4979682266712188,0.4223266243934631,-1.0985732078552246
23,1,24,0.3493807911872864,0.5330491065979004,-0.5386544466018677
23,1,25,0.2591284811496734,0.8019593358039856,-0.7843522429466248
24,0,0,0.3219348192214966,0.6941500902175903,3.324309147956228e-07
24,0,1,0.3442613482475281,0.656597375869751,-0.0061421860009431
24,0,2,0.3773517906665802,0.6286354660987854,-0.0131470588967204
24,0,3,0.4015651345252991,0.6068740487098694,-0.0190632864832878
24,0,4,0.4149239659309387,0.5858247876167297,-0.0252260230481624
24,0,5,0.3977243304252624,0.6496990323066711,-0.0214182939380407
24,0,6,0.443687379360199,0.6562076807022095,-0.0323356240987777
24,0,7,0.4712373912334442,0.6634049415588379,-0.0384418554604053
24,0,8,0.4912584125995636,0.6711893677711487,-0.0414078272879123
24,0,9,0.398375004529953,0.6781715750694275,-0.0243360660970211
24,0,10,0.4475475251674652,0.6846926808357239,-0.0322971157729625
24,0,11,0.478544682264328,0.6904988288879395,-0.0362306050956249
24,0,12,0.5016958117485046,0.6965187191963196,-0.0391088612377643
24,0,13,0.3956043124198913,0.705497145652771,-0.0268787797540426
24,0,14,0.4430247545242309,0.712151050567627,-0.0335233062505722
24,0,15,0.4714523553848266,0.7167943716049194,-0.0349101349711418
24,0,16,0.4925737977027893,0.7206982374191284,-0.0357073247432708
24,0,17,0.3905132412910461,0.7282059192657471,-0.029412405565381
24,0,18,0.4279411733150482,0.7338408827781677,-0.0333459414541721
24,0,19,0.450310617685318,0.7367073893547058,-0.0317443050444126
24,0,20,0.4688925743103027,0.7390546798706055,-0.0301331728696823
24,0,21,0.5215620398521423,0.3815062642097473,-1.1904408931732178
24,0,22,0.5508027672767639,0.344220221042633,-1.1563056707382202
24,0,23,0.5439034104347229,0.4152970314025879,-1.0501115322113037
24,0,24,0.6726499795913696,0.5375181436538696,-0.4839613139629364
24,0,25,0.7604458332061768,0.8200377225875854,-0.7167055010795593
24,1,0,0.7141776084899902,0.7379153966903687,1.4165591721848616e-07
24,1,1,0.6973252296447754,0.6932083964347839,-0.0022144727408885
24,1,2,0.6649431586265564,0.6588923931121826,-0.0088663743808865
24,1,3,0.6440610289573669,0.632365345954895,-0.0151958633214235
24,1,4,0.6360615491867065,0.6080158352851868,-0.0230583529919385
24,1,5,0.643379271030426,0.6726033091545105,-0.023802189156413
24,1,6,0.5941168069839478,0.6716532111167908,-0.0344888642430305
24,1,7,0.5662972927093506,0.6731932163238525,-0.0404107719659805
24,1,8,0.545285165309906,0.6756880283355713,-0.0441475920379161
24,1,9,0.6387442350387573,0.7032119035720825,-0.0289417244493961
24,1,10,0.5843748450279236,0.7003070116043091,-0.0382527895271778
24,1,11,0.5524552464485168,0.6990877985954285,-0.0439074337482452
24,1,12,0.5288472771644592,0.6989515423774719,-0.0484719313681125
24,1,13,0.6374533176422119,0.732124924659729,-0.0328910052776336
24,1,14,0.586983859539032,0.7302834987640381,-0.0392427258193492
24,1,15,0.5561343431472778,0.7282423973083496,-0.0433288440108299
24,1,16,0.5336881279945374,0.7263689041137695,-0.0469427146017551
24,1,17,0.6384660005569458,0.7569420337677002,-0.0364728681743145
24,1,18,0.5994871854782104,0.753755509853363,-0.0411346405744552
24,1,19,0.5754732489585876,0.7509574294090271,-0.0424968712031841
24,1,20,0.5566259622573853,0.7478527426719666,-0.0435524024069309
24,1,21,0.5215620398521423,0.3815062642097473,-1.1904408931732178
24,1,22,0.4829106330871582,0.3468162417411804,-1.1570874452590942
24,1,23,0.495833545923233,0.4204516410827636,-1.0497757196426392
24,1,24,0.3532080054283142,0.5320292115211487,-0.4923083782196045
24,1,25,0.257009208202362,0.802149772644043,-0.7170271277427673
25,0,0,0.32331582903862,0.6980400085449219,3.04094072589578e-07
25,0,1,0.3450354933738708,0.6575722694396973,-0.0067247319966554
25,0,2,0.378155767917633,0.6285585761070251,-0.0136770289391279
25,0,3,0.4038827121257782,0.6077747941017151,-0.0194488484412431
25,0,4,0.4164837002754211,0.5865108370780945,-0.0256777964532375
25,0,5,0.3999516665935516,0.6495772004127502,-0.0221679620444774
25,0,6,0.4448924660682678,0.6556370258331299,-0.0337175801396369
25,0,7,0.4725418090820312,0.6635071635246277,-0.0408287234604358
25,0,8,0.4935905039310455,0.6719987392425537,-0.0445828214287757
25,0,9,0.4014596343040466,0.6793210506439209,-0.0249690078198909
25,0,10,0.4496926665306091,0.6843792796134949,-0.0334543474018573
25,0,11,0.4812295436859131,0.6894789934158325,-0.0383100062608718
25,0,12,0.5052217841148376,0.6946099996566772,-0.0421655736863613
25,0,13,0.3996124565601349,0.7067254185676575,-0.0274749435484409
25,0,14,0.4457975029945373,0.7123180031776428,-0.0347577519714832
25,0,15,0.4750407040119171,0.7164337635040283,-0.0371403507888317
25,0,16,0.4969791769981384,0.7197413444519043,-0.0387070216238498
25,0,17,0.3951442241668701,0.7287795543670654,-0.0300537850707769
25,0,18,0.4335014224052429,0.7337003946304321,-0.0343460701406002
25,0,19,0.4562901854515075,0.7361725568771362,-0.0334037840366363
25,0,20,0.474934846162796,0.7381157875061035,-0.0324739255011081
25,0,21,0.5236334204673767,0.380760133266449,-1.2638330459594729
25,0,22,0.5519641041755676,0.342629611492157,-1.225138545036316
25,0,23,0.5457428693771362,0.4133026599884033,-1.110302448272705
25,0,24,0.6734760999679565,0.5379925966262817,-0.4937289655208587
25,0,25,0.7629002332687378,0.8221219778060913,-0.7520862221717834
25,1,0,0.7125204801559448,0.7370229363441467,1.4872489373374265e-07
25,1,1,0.6967535018920898,0.6921343803405762,-0.0029035785701125
25,1,2,0.664976179599762,0.6573411226272583,-0.0096299434080719
25,1,3,0.6434774994850159,0.6310176849365234,-0.0162580292671918
25,1,4,0.635589599609375,0.6069551110267639,-0.0244333669543266
25,1,5,0.6406282782554626,0.6720317006111145,-0.0217908192425966
25,1,6,0.5934461951255798,0.6715606451034546,-0.032892171293497
25,1,7,0.5661575198173523,0.6738203763961792,-0.0396027341485023
25,1,8,0.5453732013702393,0.6769245266914368,-0.0438711531460285
25,1,9,0.6359258890151978,0.7016785144805908,-0.0272269453853368
25,1,10,0.5820581316947937,0.7002376914024353,-0.0370731689035892
25,1,11,0.5495309233665466,0.700448215007782,-0.0434977374970912
25,1,12,0.5240944027900696,0.7016787528991699,-0.048381894826889
25,1,13,0.6352192759513855,0.7307351231575012,-0.0316800028085708
25,1,14,0.5858394503593445,0.7298805713653564,-0.0388832427561283
25,1,15,0.5558935403823853,0.7286714911460876,-0.042779866605997
25,1,16,0.5334379076957703,0.7278527617454529,-0.045851070433855
25,1,17,0.6371030211448669,0.7565001845359802,-0.0359275639057159
25,1,18,0.5982638597488403,0.7535847425460815,-0.0410258919000625
25,1,19,0.5754082798957825,0.7513249516487122,-0.0417223572731018
25,1,20,0.557386040687561,0.7491981983184814,-0.0420113131403923
25,1,21,0.5236334204673767,0.380760133266449,-1.2638330459594729
25,1,22,0.4841780662536621,0.3457676768302917,-1.231619954109192
25,1,23,0.4969969689846039,0.4192063808441162,-1.1182191371917725
25,1,24,0.3519557118415832,0.5302350521087646,-0.5427671074867249
25,1,25,0.2588639855384826,0.7989478707313538,-0.7891683578491211
27,0,0,0.3229593932628631,0.6932482123374939,3.159061350288539e-07
27,0,1,0.3458725214004516,0.6553009748458862,-0.0068497071042656
27,0,2,0.3800376355648041,0.6284793019294739,-0.0143469488248229
27,0,3,0.405215859413147,0.6078106760978699,-0.0208829771727323
27,0,4,0.4186178743839264,0.5858582258224487,-0.0277192052453756
27,0,5,0.402579516172409,0.6468492746353149,-0.0201709028333425
27,0,6,0.4471069276332855,0.6543023586273193,-0.0314437188208103
27,0,7,0.4737985730171203,0.6622084379196167,-0.0383149981498718
27,0,8,0.4937946200370788,0.6703051924705505,-0.0420455522835254
27,0,9,0.402811735868454,0.6763585805892944,-0.0235864464193582
27,0,10,0.4512362778186798,0.6835066676139832,-0.0315628349781036
27,0,11,0.4821820855140686,0.6890829801559448,-0.0364478789269924
27,0,12,0.5062544941902161,0.6944281458854675,-0.0402049794793129
27,0,13,0.3991822898387909,0.7040144205093384,-0.0269244667142629
27,0,14,0.4462760686874389,0.7112556099891663,-0.0341849289834499
27,0,15,0.4756352305412292,0.7146165370941162,-0.0368314310908317
27,0,16,0.4986612796783447,0.7171432375907898,-0.03861865401268
27,0,17,0.3931754529476166,0.7272566556930542,-0.0303570125252008
27,0,18,0.429617315530777,0.733296275138855,-0.0352719128131866
27,0,19,0.452371746301651,0.7352303862571716,-0.0346705392003059
27,0,20,0.4718834161758423,0.736808180809021,-0.0338270291686058
27,0,21,0.5216720700263977,0.3848472237586975,-1.2089523077011108
27,0,22,0.5510904788970947,0.3468072414398193,-1.1751418113708496
27,0,23,0.5433666110038757,0.4181779623031616,-1.06212317943573
27,0,24,0.6714800596237183,0.5357376337051392,-0.476121574640274
27,0,25,0.7598379850387573,0.8171853423118591,-0.701943039894104
27,1,0,0.7111769914627075,0.7345213294029236,1.651674352842747e-07
27,1,1,0.6945130228996277,0.6899896860122681,-0.0033032821957021
27,1,2,0.6629559397697449,0.6562891602516174,-0.0105874864384531
27,1,3,0.6414840817451477,0.6307806968688965,-0.0174263752996921
27,1,4,0.6329059600830078,0.6068070530891418,-0.0256311856210231
27,1,5,0.6390798091888428,0.6717413067817688,-0.0237492229789495
27,1,6,0.59013432264328,0.670647919178009,-0.0350741781294345
27,1,7,0.5618358850479126,0.6722802519798279,-0.0415949299931526
27,1,8,0.5397436618804932,0.6750594973564148,-0.0456942804157733
27,1,9,0.634739339351654,0.7022651433944702,-0.0288860406726598
27,1,10,0.578342080116272,0.6993542909622192,-0.0394386351108551
27,1,11,0.5454753637313843,0.6985850930213928,-0.04543312266469
27,1,12,0.5202707052230835,0.6990622282028198,-0.0496769063174724
27,1,13,0.6337820887565613,0.7312455773353577,-0.0328629687428474
27,1,14,0.5809388160705566,0.7292319536209106,-0.0407516807317733
27,1,15,0.5495661497116089,0.7273218631744385,-0.043971199542284
27,1,16,0.5268682837486267,0.7260059714317322,-0.0462040938436985
27,1,17,0.6350517868995667,0.756324291229248,-0.0365552380681037
27,1,18,0.5933216214179993,0.7522205710411072,-0.042024441063404
27,1,19,0.5702585577964783,0.7486991286277771,-0.0420231968164444
27,1,20,0.5531410574913025,0.7454663515090942,-0.0415033362805843
27,1,21,0.5216720700263977,0.3848472237586975,-1.2089523077011108
27,1,22,0.483482301235199,0.3495293259620666,-1.1790838241577148
27,1,23,0.4946574568748474,0.4239339232444763,-1.06633198261261
27,1,24,0.3526120781898498,0.5319792032241821,-0.5064210295677185
27,1,25,0.2576918601989746,0.7980562448501587,-0.7394945621490479
28,0,0,0.3202042281627655,0.6942827105522156,2.7801428359452984e-07
28,0,1,0.3429502844810486,0.6564069986343384,-0.0058356523513793
28,0,2,0.3783378899097442,0.6288373470306396,-0.012179453857243
28,0,3,0.4038729071617126,0.6079321503639221,-0.0176741015166044
28,0,4,0.4173875749111175,0.5865147113800049,-0.0233627185225486
28,0,5,0.399789422750473,0.6463929414749146,-0.018571563065052
28,0,6,0.4465275406837463,0.6525327563285828,-0.0287624187767505
28,0,7,0.4736698865890503,0.660399317741394,-0.0344899743795394
28,0,8,0.4933920800685882,0.6683268547058105,-0.0371683165431022
28,0,9,0.4005530178546905,0.6765339374542236,-0.0214750189334154
28,0,10,0.4510029256343841,0.6833142042160034,-0.0283729769289493
28,0,11,0.4815284311771393,0.6888898015022278,-0.0318366289138793
28,0,12,0.5040690898895264,0.6940250396728516,-0.0344325043261051
28,0,13,0.3982736468315124,0.704644501209259,-0.0242917388677597
28,0,14,0.4472623467445373,0.7114093899726868,-0.0301091000437736
28,0,15,0.4772591590881347,0.715049147605896,-0.031568270176649
28,0,16,0.4994813203811645,0.718081533908844,-0.0324558541178703
28,0,17,0.3942509293556213,0.7275468707084656,-0.0271826311945915
28,0,18,0.4334037005901336,0.7323062419891357,-0.030635692179203
28,0,19,0.4575680494308471,0.7341532707214355,-0.0293195992708206
28,0,20,0.4774057567119598,0.7358038425445557,-0.0279913526028394
28,0,21,0.5234227776527405,0.3820726871490478,-1.265069842338562
28,0,22,0.5526314377784729,0.34168142080307,-1.2250347137451172
28,0,23,0.5459767580032349,0.4143118262290954,-1.108703851699829
28,0,24,0.6718451976776123,0.536812424659729,-0.475902646780014
28,0,25,0.7557384967803955,0.8136756420135498,-0.7065876722335815
28,1,0,0.7094993591308594,0.7352563738822937,1.7066798818632378e-07
28,1,1,0.6931890249252319,0.6905717253684998,-0.0045690019614994
28,1,2,0.6625420451164246,0.6560747027397156,-0.0128458421677351
28,1,3,0.6421967148780823,0.6293854713439941,-0.0203024968504905
28,1,4,0.6335267424583435,0.6049061417579651,-0.0290792062878608
28,1,5,0.6390983462333679,0.6717125773429871,-0.0261774882674217
28,1,6,0.5904191136360168,0.6707136631011963,-0.0380441322922706
28,1,7,0.5619982481002808,0.6727191209793091,-0.0448400266468524
28,1,8,0.5406879782676697,0.6760055422782898,-0.048900406807661
28,1,9,0.6344614028930664,0.7025048136711121,-0.0305822230875492
28,1,10,0.5794368386268616,0.6999260783195496,-0.0412946380674839
28,1,11,0.5470976233482361,0.6987544894218445,-0.0470211170613765
28,1,12,0.5233473777770996,0.699122965335846,-0.0509940087795257
28,1,13,0.6331462264060974,0.7313486337661743,-0.0338779836893081
28,1,14,0.5805516242980957,0.7287201881408691,-0.0415381342172622
28,1,15,0.5502046942710876,0.7257885932922363,-0.0444110929965972
28,1,16,0.5290423631668091,0.7236065864562988,-0.0463672317564487
28,1,17,0.6343001127243042,0.7556904554367065,-0.0369986332952976
28,1,18,0.5924661755561829,0.7519837021827698,-0.0422753393650054
28,1,19,0.5692625641822815,0.7485233545303345,-0.0421740263700485
28,1,20,0.5523999333381653,0.7452152967453003,-0.0414352007210254
28,1,21,0.5234227776527405,0.3820726871490478,-1.265069842338562
28,1,22,0.4828781187534332,0.3454106450080871,-1.2342265844345093
28,1,23,0.4960565567016601,0.4206014275550842,-1.1198797225952148
28,1,24,0.3525700867176056,0.5329144597053528,-0.5455484986305237
28,1,25,0.2566970586776733,0.8048884272575378,-0.8101096749305725
29,0,0,0.3196851015090942,0.6939964294433594,2.728413335262303e-07
29,0,1,0.3420147895812988,0.6560125946998596,-0.0051217442378401
29,0,2,0.3770497143268585,0.6285843253135681,-0.0115737207233905
29,0,3,0.4030651450157165,0.6077684164047241,-0.0173354689031839
29,0,4,0.4165377914905548,0.5853562355041504,-0.0233388151973485
29,0,5,0.4021548628807068,0.6471312642097473,-0.0180932246148586
29,0,6,0.4493672251701355,0.6541421413421631,-0.0275809243321418
29,0,7,0.4761992692947387,0.6613414883613586,-0.0328116118907928
29,0,8,0.495633065700531,0.6679986119270325,-0.0354061909019947
29,0,9,0.402743399143219,0.67638099193573,-0.0215401854366064
29,0,10,0.4517191052436828,0.6826147437095642,-0.0281340107321739
29,0,11,0.4810540974140167,0.6869686245918274,-0.0315664634108543
29,0,12,0.5029375553131104,0.6905925869941711,-0.034254252910614
29,0,13,0.3997990190982818,0.7041271924972534,-0.0247413665056228
29,0,14,0.447767972946167,0.7114964127540588,-0.0305406358093023
29,0,15,0.4770288169384002,0.7151294946670532,-0.0318359211087226
29,0,16,0.4991500377655029,0.717769980430603,-0.032764658331871
29,0,17,0.3944361805915832,0.7275010943412781,-0.0278948787599802
29,0,18,0.4323956072330475,0.7329615354537964,-0.0314294584095478
29,0,19,0.4558049440383911,0.7346084117889404,-0.0298465974628925
29,0,20,0.4755540490150451,0.7356487512588501,-0.0283144749701023
29,0,21,0.523853600025177,0.380442202091217,-1.230058670043945
29,0,22,0.5525805354118347,0.3410607576370239,-1.1906194686889648
29,0,23,0.545960009098053,0.4141027331352234,-1.0714585781097412
29,0,24,0.6730358004570007,0.537677526473999,-0.4259309470653534
29,0,25,0.7595037221908569,0.8093581795692444,-0.6566507816314697
29,1,0,0.7092068791389465,0.7341628670692444,1.525775417121622e-07
29,1,1,0.692348301410675,0.690281093120575,-0.0025308979675173
29,1,2,0.6614168882369995,0.6564767956733704,-0.0093507478013634
29,1,3,0.6408483982086182,0.6303393244743347,-0.0158410426229238
29,1,4,0.6321553587913513,0.6066319346427917,-0.0236372556537389
29,1,5,0.6358697414398193,0.6714576482772827,-0.0217900052666664
29,1,6,0.5885269045829773,0.6701483726501465,-0.0320209749042987
29,1,7,0.5611261129379272,0.6718260049819946,-0.038129586726427
29,1,8,0.5402809381484985,0.6751599907875061,-0.0419521033763885
29,1,9,0.6309076547622681,0.7016422152519226,-0.0266591701656579
29,1,10,0.5777677297592163,0.6990090012550354,-0.0354755595326423
29,1,11,0.5469099879264832,0.697831392288208,-0.0405411906540393
29,1,12,0.5241051912307739,0.6983612179756165,-0.0444495677947998
29,1,13,0.6297714114189148,0.7305490970611572,-0.0304500684142112
29,1,14,0.5796855092048645,0.7283769845962524,-0.0363836213946342
29,1,15,0.5505816340446472,0.7254969477653503,-0.0388697646558284
29,1,16,0.5302687287330627,0.7235211133956909,-0.0410327427089214
29,1,17,0.63124680519104,0.7554120421409607,-0.0340300351381301
29,1,18,0.5908281803131104,0.7512580156326294,-0.0380896069109439
29,1,19,0.5677199363708496,0.7477921843528748,-0.0379303619265556
29,1,20,0.5506619215011597,0.7445213794708252,-0.0375091470777988
29,1,21,0.523853600025177,0.380442202091217,-1.230058670043945
29,1,22,0.4838507175445556,0.344296932220459,-1.200215458869934
29,1,23,0.4966481924057007,0.4193686246871948,-1.08325457572937
29,1,24,0.3520633280277252,0.5306748151779175,-0.5089926719665527
29,1,25,0.2615831196308136,0.7973376512527466,-0.7609595656394958
32,0,0,0.3220176696777344,0.6945505142211914,3.021241354872473e-07
32,0,1,0.3451269268989563,0.6566984057426453,-0.0065834568813443
32,0,2,0.3796534538269043,0.6293509602546692,-0.013366368599236
32,0,3,0.4050083756446838,0.608758270740509,-0.0192468874156475
32,0,4,0.4179238379001617,0.5874815583229065,-0.0256195235997438
32,0,5,0.4027413427829742,0.6481075882911682,-0.0188164263963699
32,0,6,0.4469946622848511,0.6558821797370911,-0.0294887833297252
32,0,7,0.4741252362728119,0.6635950803756714,-0.0364228822290897
32,0,8,0.4947663247585296,0.6712572574615479,-0.0403347685933113
32,0,9,0.4033535420894623,0.67743980884552,-0.0220911502838134
32,0,10,0.4517134130001068,0.6848706603050232,-0.0297088380903005
32,0,11,0.4830081760883331,0.6905503869056702,-0.0348704308271408
32,0,12,0.5074936151504517,0.6954557299613953,-0.0388440005481243
32,0,13,0.399954229593277,0.7050039768218994,-0.0252537615597248
32,0,14,0.4473312795162201,0.7113010883331299,-0.0321696698665618
32,0,15,0.4771290123462677,0.715513288974762,-0.0349726192653179
32,0,16,0.5000923871994019,0.7189265489578247,-0.0368414856493473
32,0,17,0.3937757015228271,0.7280191779136658,-0.028510769829154
32,0,18,0.430951178073883,0.7332736253738403,-0.0330211594700813
32,0,19,0.4538732469081878,0.7357766628265381,-0.0323101058602333
32,0,20,0.4727861285209656,0.7382392287254333,-0.0314271003007888
32,0,21,0.5225212574005127,0.3807807564735412,-1.2394189834594729
32,0,22,0.5514049530029297,0.3426453471183777,-1.2047022581100464
32,0,23,0.5451136827468872,0.4133719801902771,-1.091780662536621
32,0,24,0.6732758283615112,0.5361742973327637,-0.5036508440971375
32,0,25,0.7585914134979248,0.8156446814537048,-0.7480904459953308
32,1,0,0.7082352638244629,0.7334237694740295,1.612367697134687e-07
32,1,1,0.6923558712005615,0.6900132894515991,-0.0048361858353018
32,1,2,0.6621994376182556,0.6555402278900146,-0.0126452865079045
32,1,3,0.6406346559524536,0.6312742829322815,-0.0198565050959587
32,1,4,0.6301186680793762,0.6084506511688232,-0.028403902426362
32,1,5,0.6352919936180115,0.6719382405281067,-0.0239426605403423
32,1,6,0.5888615250587463,0.6719344258308411,-0.0357957184314727
32,1,7,0.5617339015007019,0.6741814017295837,-0.0433182939887046
32,1,8,0.5405507683753967,0.6771334409713745,-0.0481775477528572
32,1,9,0.631161630153656,0.7023060917854309,-0.0285550151020288
32,1,10,0.5786092281341553,0.7011955976486206,-0.0393351726233959
32,1,11,0.5464299321174622,0.7006798982620239,-0.0465766489505767
32,1,12,0.5211195945739746,0.7007893919944763,-0.0519620105624198
32,1,13,0.6307134032249451,0.7312008738517761,-0.0322684347629547
32,1,14,0.5798602104187012,0.7296841144561768,-0.0406360737979412
32,1,15,0.5483220815658569,0.7277678847312927,-0.0453116111457347
32,1,16,0.5245600342750549,0.7256190776824951,-0.0486514531075954
32,1,17,0.6324026584625244,0.7563680410385132,-0.035822182893753
32,1,18,0.5919507145881653,0.75300133228302,-0.0422929711639881
32,1,19,0.567729651927948,0.7500937581062317,-0.043827760964632
32,1,20,0.549197793006897,0.7469795346260071,-0.0443438850343227
32,1,21,0.5225212574005127,0.3807807564735412,-1.2394189834594729
32,1,22,0.4842754900455475,0.3466259837150574,-1.206362009048462
32,1,23,0.4968935847282409,0.4194480180740356,-1.0933101177215576
32,1,24,0.3523632287979126,0.5308793187141418,-0.5048098564147949
32,1,25,0.259708821773529,0.7980961799621582,-0.7307851314544678
