Frame,Hand,Landmark,X,Y,Z
6,0,0,0.7730578184127808,0.5447089076042175,1.7899274951105326e-07
6,0,1,0.7520283460617065,0.4848334491252899,-0.00999868940562
6,0,2,0.7532546520233154,0.4246215224266052,-0.018182348459959
6,0,3,0.755527675151825,0.3801262676715851,-0.0274580605328083
6,0,4,0.7527976036071777,0.3392084240913391,-0.0385399125516414
6,0,5,0.7911117672920227,0.4223091304302215,-0.0200370475649833
6,0,6,0.8114064931869507,0.3905673623085022,-0.0418406091630458
6,0,7,0.8223637938499451,0.3700704276561737,-0.0607033111155033
6,0,8,0.8317903280258179,0.3484755158424377,-0.0758108869194984
6,0,9,0.8058072328567505,0.444205492734909,-0.0308891311287879
6,0,10,0.8278579711914062,0.4111608862876892,-0.0501974187791347
6,0,11,0.8368023037910461,0.389285534620285,-0.0672469809651374
6,0,12,0.8434336185455322,0.36551034450531,-0.082413338124752
6,0,13,0.8160883784294128,0.4744550883769989,-0.0435772165656089
6,0,14,0.8359110355377197,0.4467395842075348,-0.064953327178955
6,0,15,0.8447957634925842,0.4277247488498688,-0.0770533978939056
6,0,16,0.8500521183013916,0.4066372513771057,-0.087258294224739
6,0,17,0.819661021232605,0.5110191106796265,-0.0569390133023262
6,0,18,0.8376851081848145,0.4947652220726013,-0.0776095241308212
6,0,19,0.8438026905059814,0.4788668155670166,-0.086299680173397
6,0,20,0.8474928140640259,0.4621275961399078,-0.0938049480319023
6,0,21,0.5225520730018616,0.3245710730552673,-0.5513953566551208
6,0,22,0.557551920413971,0.2836136817932129,-0.5065438151359558
6,0,23,0.554865837097168,0.361661434173584,-0.4542594254016876
6,0,24,0.7091695070266724,0.4902204871177673,-0.0878773778676986
6,0,25,0.878889799118042,0.773398220539093,-0.4144601821899414
6,1,0,0.3675976693630218,0.5531246066093445,-2.05597388003298e-08
6,1,1,0.3758229911327362,0.4997550249099731,-0.0087074832990765
6,1,2,0.3688819706439972,0.4485267996788025,-0.0143985701724886
6,1,3,0.3600884079933166,0.4087018370628357,-0.0202519223093986
6,1,4,0.3545825779438019,0.3723688721656799,-0.0279229134321212
6,1,5,0.3561241030693054,0.457496702671051,-0.0217073671519756
6,1,6,0.333339512348175,0.4277421534061432,-0.0401756353676319
6,1,7,0.3196041882038116,0.4097360968589782,-0.0543083734810352
6,1,8,0.3074709475040436,0.3914302289485931,-0.0648405030369758
6,1,9,0.3488702476024627,0.4754267334938049,-0.0283009093254804
6,1,10,0.3259645998477936,0.4467141330242157,-0.0449240282177925
6,1,11,0.3091535866260528,0.4274187684059143,-0.0576717592775821
6,1,12,0.2922101616859436,0.40941321849823,-0.0693410709500312
6,1,13,0.3432565033435821,0.4995112121105194,-0.0359787158668041
6,1,14,0.3219159245491028,0.4782973229885101,-0.0530632734298706
6,1,15,0.3077252805233001,0.4632401168346405,-0.0629429146647453
6,1,16,0.2946720123291015,0.4469452500343323,-0.0714639499783515
6,1,17,0.3385348618030548,0.5280444622039795,-0.0442669801414012
6,1,18,0.3245100975036621,0.5170618891716003,-0.0607744269073009
6,1,19,0.3182601034641266,0.5064424276351929,-0.0696226805448532
6,1,20,0.3117036819458008,0.496131956577301,-0.0771884322166442
6,1,21,0.5225520730018616,0.3245710730552673,-0.5513953566551208
6,1,22,0.4778624176979065,0.2902311682701111,-0.5033702254295349
6,1,23,0.4968270361423492,0.3702011108398437,-0.4492399990558624
6,1,24,0.3689073324203491,0.5109540224075317,-0.0634549483656883
6,1,25,0.2604201734066009,0.8212350606918335,-0.4989992082118988
7,0,0,0.7734436392784119,0.5672734379768372,9.852195859139101e-08
7,0,1,0.7541656494140625,0.5093356966972351,-0.0112354205921292
7,0,2,0.7547162771224976,0.44617360830307,-0.0188035517930984
7,0,3,0.7559100985527039,0.3990790843963623,-0.0272631756961345
7,0,4,0.7515923976898193,0.357269823551178,-0.0367112085223197
7,0,5,0.7943457365036011,0.4433777034282684,-0.0138226235285401
7,0,6,0.8134165406227112,0.4098372459411621,-0.0333530716598033
7,0,7,0.8234366178512573,0.390129417181015,-0.0499816574156284
7,0,8,0.8323171138763428,0.3690181374549866,-0.0629638954997062
7,0,9,0.8090863823890686,0.4629763960838318,-0.0214583780616521
7,0,10,0.8277794718742371,0.4307273924350738,-0.0399011299014091
7,0,11,0.8346650004386902,0.4088626503944397,-0.0539030991494655
7,0,12,0.8401448726654053,0.3870774209499359,-0.0656087696552276
7,0,13,0.8202028274536133,0.4888884127140045,-0.0315656848251819
7,0,14,0.8381367921829224,0.4580204784870147,-0.0506172366440296
7,0,15,0.8441587090492249,0.435653805732727,-0.0579014308750629
7,0,16,0.847698450088501,0.4134682118892669,-0.0632979199290275
7,0,17,0.8286648392677307,0.5204295516014099,-0.0428614951670169
7,0,18,0.8469474911689758,0.4929630756378174,-0.0594521835446357
7,0,19,0.8544765114784241,0.4712473750114441,-0.0647479742765426
7,0,20,0.859157145023346,0.4513764381408691,-0.0688922256231308
7,0,21,0.5225973129272461,0.328199565410614,-0.5297072529792786
7,0,22,0.5578413009643555,0.2849249839782715,-0.482171893119812
7,0,23,0.5558229088783264,0.3661534190177917,-0.4262564480304718
7,0,24,0.7055930495262146,0.4933366775512695,-0.0474099107086658
7,0,25,0.8558371663093567,0.780915379524231,-0.3612160384654999
7,1,0,0.3655340075492859,0.5715311169624329,-7.129315093834522e-08
7,1,1,0.3709436953067779,0.5171718001365662,-0.007134061306715
7,1,2,0.3657199442386627,0.462017297744751,-0.0112515995278954
7,1,3,0.36038738489151,0.4211652278900146,-0.0155085735023021
7,1,4,0.3548238575458526,0.3850910067558288,-0.0215399675071239
7,1,5,0.3621508479118347,0.4708791971206665,-0.0194519869983196
7,1,6,0.3391815423965454,0.4412204325199127,-0.0343332886695861
7,1,7,0.3258455991744995,0.4236326217651367,-0.0458936654031276
7,1,8,0.3141438961029053,0.4057170152664184,-0.055200845003128
7,1,9,0.3539569675922394,0.4893050491809845,-0.0259515326470136
7,1,10,0.3293933570384979,0.460988849401474,-0.0394101329147815
7,1,11,0.312585711479187,0.4433318078517914,-0.0499411299824714
7,1,12,0.2953459024429321,0.4271625280380249,-0.0605292171239852
7,1,13,0.3461051285266876,0.5139221549034119,-0.0333711430430412
7,1,14,0.3243421018123626,0.4919779002666473,-0.0479835979640483
7,1,15,0.3096543252468109,0.4775994420051574,-0.0573938004672527
7,1,16,0.2951595485210418,0.4620131850242615,-0.0662742108106613
7,1,17,0.3393798172473907,0.542136549949646,-0.0412518493831157
7,1,18,0.3283027708530426,0.533037006855011,-0.0564259812235832
7,1,19,0.3231662213802337,0.5246148109436035,-0.0653342008590698
7,1,20,0.315999835729599,0.5155772566795349,-0.0733252689242363
7,1,21,0.5225973129272461,0.328199565410614,-0.5297072529792786
7,1,22,0.4803352653980255,0.2935913205146789,-0.482984334230423
7,1,23,0.4979327619075775,0.3728666305541992,-0.4276033639907837
7,1,24,0.3583731055259704,0.5156331062316895,-0.0413223318755626
7,1,25,0.2519087791442871,0.8389092683792114,-0.4714463949203491
8,0,0,0.7719310522079468,0.6177791953086853,3.622078637022241e-08
8,0,1,0.754286527633667,0.5566619634628296,-0.0117628602311015
8,0,2,0.7587146162986755,0.4974692463874817,-0.0218593180179595
8,0,3,0.7613894939422607,0.4541781842708587,-0.0330389738082885
8,0,4,0.7586493492126465,0.412563294172287,-0.0455773100256919
8,0,5,0.8128942847251892,0.4993009865283966,-0.0208211429417133
8,0,6,0.8308416604995728,0.4714723825454712,-0.0452750548720359
8,0,7,0.8357625007629395,0.4534491002559662,-0.0672836601734161
8,0,8,0.8374499082565308,0.4357916414737701,-0.0844840928912162
8,0,9,0.8255404829978943,0.525911271572113,-0.0314898528158664
8,0,10,0.8438732624053955,0.5000792741775513,-0.0566187500953674
8,0,11,0.8454832434654236,0.4789375066757202,-0.0769136697053909
8,0,12,0.8418818116188049,0.4588538110256195,-0.0935965105891227
8,0,13,0.8319152593612671,0.5584041476249695,-0.0444630645215511
8,0,14,0.8494925498962402,0.533083975315094,-0.071003720164299
8,0,15,0.8515246510505676,0.5113927125930786,-0.0852731987833976
8,0,16,0.8464927673339844,0.4909213781356811,-0.0957057103514671
8,0,17,0.8306310176849365,0.5944473147392273,-0.0580411404371261
8,0,18,0.8457152843475342,0.5750775933265686,-0.0832762867212295
8,0,19,0.8476408123970032,0.5589166879653931,-0.094138354063034
8,0,20,0.8438722491264343,0.543560802936554,-0.1021787077188491
8,0,21,0.5246909856796265,0.3290985822677612,-0.5469103455543518
8,0,22,0.5570772290229797,0.2832491397857666,-0.5104328393936157
8,0,23,0.5561450719833374,0.365786612033844,-0.4388454258441925
8,0,24,0.709864616394043,0.4900215864181518,-0.0562631823122501
8,0,25,0.8442736864089966,0.7747485637664795,-0.3276265263557434
8,1,0,0.3591040372848511,0.6177913546562195,-4.7812168446625947e-08
8,1,1,0.3687783479690552,0.5580209493637085,-0.008564961142838
8,1,2,0.3629205822944641,0.4994866251945495,-0.0153142502531409
8,1,3,0.3541038930416107,0.4539623558521271,-0.0224218890070915
8,1,4,0.3533471226692199,0.416788786649704,-0.0316147096455097
8,1,5,0.3641885221004486,0.5148884057998657,-0.0255228821188211
8,1,6,0.3564867675304413,0.4774296581745147,-0.0432654209434986
8,1,7,0.3528179824352264,0.4554105699062347,-0.0561562068760395
8,1,8,0.349126785993576,0.4336106479167938,-0.0662952661514282
8,1,9,0.3529219627380371,0.5363180637359619,-0.0317362546920776
8,1,10,0.331600546836853,0.5110318064689636,-0.0480407439172267
8,1,11,0.3174202442169189,0.4943757951259613,-0.058620385825634
8,1,12,0.304300844669342,0.4801443815231323,-0.0690254792571067
8,1,13,0.3418160080909729,0.5626392960548401,-0.0387395843863487
8,1,14,0.3221457004547119,0.5396446585655212,-0.0565574206411838
8,1,15,0.3105783760547638,0.5225434303283691,-0.0632122829556465
8,1,16,0.2996430099010467,0.5077617168426514,-0.0690832808613777
8,1,17,0.3335058689117431,0.591545820236206,-0.0459500551223754
8,1,18,0.3165948688983917,0.5752488970756531,-0.0620183944702148
8,1,19,0.309703916311264,0.5633130669593811,-0.0675777718424797
8,1,20,0.3024594187736511,0.5534830689430237,-0.0724252164363861
8,1,21,0.5246909856796265,0.3290985822677612,-0.5469103455543518
8,1,22,0.4826355576515198,0.2913084030151367,-0.5080715417861938
8,1,23,0.5005035400390625,0.3716688752174377,-0.4365517497062683
8,1,24,0.3555382192134857,0.5024229884147644,-0.0182510334998369
8,1,25,0.2624237537384033,0.8370519876480103,-0.4069784879684448
9,0,0,0.7792923450469971,0.6558777093887329,-9.85409016607264e-08
9,0,1,0.7587022185325623,0.6004357933998108,-0.01263555791229
9,0,2,0.7627286911010742,0.5384508371353149,-0.022900354117155
9,0,3,0.7661779522895813,0.4922813475131988,-0.0336777158081531
9,0,4,0.7625400424003601,0.4492137730121612,-0.0448414012789726
9,0,5,0.8165220022201538,0.540851891040802,-0.0222546719014644
9,0,6,0.8405566215515137,0.5100718140602112,-0.0475393272936344
9,0,7,0.8366021513938904,0.5039070844650269,-0.0688418075442314
9,0,8,0.8269128799438477,0.5027254223823547,-0.0834641307592392
9,0,9,0.8300833106040955,0.5670846104621887,-0.0300803333520889
9,0,10,0.8511753082275391,0.5427227020263672,-0.0533929839730262
9,0,11,0.8465890884399414,0.5303624272346497,-0.0696762204170227
9,0,12,0.8356987237930298,0.5238171219825745,-0.0823410525918006
9,0,13,0.8379985690116882,0.5994112491607666,-0.0403118655085563
9,0,14,0.8586374521255493,0.5790712237358093,-0.0619433335959911
9,0,15,0.8596584796905518,0.5620986819267273,-0.0707107558846473
9,0,16,0.8524490594863892,0.5482189059257507,-0.0774866938591003
9,0,17,0.8395602107048035,0.6358198523521423,-0.0513879507780075
9,0,18,0.861173152923584,0.6213019490242004,-0.0710147619247436
9,0,19,0.8656170964241028,0.6074267029762268,-0.0770335718989372
9,0,20,0.8619309067726135,0.5947515964508057,-0.081368088722229
9,0,21,0.522322416305542,0.3277883529663086,-0.5799732208251953
9,0,22,0.555684506893158,0.2832964062690735,-0.5503522157669067
9,0,23,0.5537334680557251,0.3649647831916809,-0.4734946489334106
9,0,24,0.7180726528167725,0.4879524707794189,-0.0824651643633842
9,0,25,0.8478080034255981,0.7855128645896912,-0.3828987777233124
9,1,0,0.0,0.0,0.0
9,1,1,0.0,0.0,0.0
9,1,2,0.0,0.0,0.0
9,1,3,0.0,0.0,0.0
9,1,4,0.0,0.0,0.0
9,1,5,0.0,0.0,0.0
9,1,6,0.0,0.0,0.0
9,1,7,0.0,0.0,0.0
9,1,8,0.0,0.0,0.0
9,1,9,0.0,0.0,0.0
9,1,10,0.0,0.0,0.0
9,1,11,0.0,0.0,0.0
9,1,12,0.0,0.0,0.0
9,1,13,0.0,0.0,0.0
9,1,14,0.0,0.0,0.0
9,1,15,0.0,0.0,0.0
9,1,16,0.0,0.0,0.0
9,1,17,0.0,0.0,0.0
9,1,18,0.0,0.0,0.0
9,1,19,0.0,0.0,0.0
9,1,20,0.0,0.0,0.0
9,1,21,0.522322416305542,0.3277883529663086,-0.5799732208251953
9,1,22,0.4774914681911468,0.2940747737884521,-0.5447508692741394
9,1,23,0.4955605566501617,0.3713191747665405,-0.464812695980072
9,1,24,0.3527555465698242,0.5191054344177246,-0.0440021716058254
9,1,25,0.263936847448349,0.8539409637451172,-0.4305545091629028
10,0,0,0.0,0.0,0.0
10,0,1,0.0,0.0,0.0
10,0,2,0.0,0.0,0.0
10,0,3,0.0,0.0,0.0
10,0,4,0.0,0.0,0.0
10,0,5,0.0,0.0,0.0
10,0,6,0.0,0.0,0.0
10,0,7,0.0,0.0,0.0
10,0,8,0.0,0.0,0.0
10,0,9,0.0,0.0,0.0
10,0,10,0.0,0.0,0.0
10,0,11,0.0,0.0,0.0
10,0,12,0.0,0.0,0.0
10,0,13,0.0,0.0,0.0
10,0,14,0.0,0.0,0.0
10,0,15,0.0,0.0,0.0
10,0,16,0.0,0.0,0.0
10,0,17,0.0,0.0,0.0
10,0,18,0.0,0.0,0.0
10,0,19,0.0,0.0,0.0
10,0,20,0.0,0.0,0.0
10,0,21,0.5218460559844971,0.3288283348083496,-0.87391597032547
10,0,22,0.5558242201805115,0.2880709171295166,-0.8502389788627625
10,0,23,0.5515970587730408,0.3641734719276428,-0.7627394795417786
10,0,24,0.7127148509025574,0.5083236694335938,-0.3174658417701721
10,0,25,0.8443554639816284,0.8120012283325195,-0.4430507123470306
10,1,0,0.0,0.0,0.0
10,1,1,0.0,0.0,0.0
10,1,2,0.0,0.0,0.0
10,1,3,0.0,0.0,0.0
10,1,4,0.0,0.0,0.0
10,1,5,0.0,0.0,0.0
10,1,6,0.0,0.0,0.0
10,1,7,0.0,0.0,0.0
10,1,8,0.0,0.0,0.0
10,1,9,0.0,0.0,0.0
10,1,10,0.0,0.0,0.0
10,1,11,0.0,0.0,0.0
10,1,12,0.0,0.0,0.0
10,1,13,0.0,0.0,0.0
10,1,14,0.0,0.0,0.0
10,1,15,0.0,0.0,0.0
10,1,16,0.0,0.0,0.0
10,1,17,0.0,0.0,0.0
10,1,18,0.0,0.0,0.0
10,1,19,0.0,0.0,0.0
10,1,20,0.0,0.0,0.0
10,1,21,0.5218460559844971,0.3288283348083496,-0.87391597032547
10,1,22,0.4754590094089508,0.2976124286651611,-0.8506483435630798
10,1,23,0.492531955242157,0.3722650408744812,-0.7619971036911011
10,1,24,0.3548130989074707,0.5240814089775085,-0.3198418021202087
10,1,25,0.2700318694114685,0.8629804849624634,-0.5554481744766235
11,0,0,0.0,0.0,0.0
11,0,1,0.0,0.0,0.0
11,0,2,0.0,0.0,0.0
11,0,3,0.0,0.0,0.0
11,0,4,0.0,0.0,0.0
11,0,5,0.0,0.0,0.0
11,0,6,0.0,0.0,0.0
11,0,7,0.0,0.0,0.0
11,0,8,0.0,0.0,0.0
11,0,9,0.0,0.0,0.0
11,0,10,0.0,0.0,0.0
11,0,11,0.0,0.0,0.0
11,0,12,0.0,0.0,0.0
11,0,13,0.0,0.0,0.0
11,0,14,0.0,0.0,0.0
11,0,15,0.0,0.0,0.0
11,0,16,0.0,0.0,0.0
11,0,17,0.0,0.0,0.0
11,0,18,0.0,0.0,0.0
11,0,19,0.0,0.0,0.0
11,0,20,0.0,0.0,0.0
11,0,21,0.5218721032142639,0.3260764479637146,-0.9273123145103456
11,0,22,0.5549586415290833,0.2858390212059021,-0.8981342315673828
11,0,23,0.5532243847846985,0.3614109754562378,-0.8063408136367798
11,0,24,0.7098941206932068,0.4989856481552124,-0.335060566663742
11,0,25,0.8496006727218628,0.7821314334869385,-0.4480067491531372
11,1,0,0.0,0.0,0.0
11,1,1,0.0,0.0,0.0
11,1,2,0.0,0.0,0.0
11,1,3,0.0,0.0,0.0
11,1,4,0.0,0.0,0.0
11,1,5,0.0,0.0,0.0
11,1,6,0.0,0.0,0.0
11,1,7,0.0,0.0,0.0
11,1,8,0.0,0.0,0.0
11,1,9,0.0,0.0,0.0
11,1,10,0.0,0.0,0.0
11,1,11,0.0,0.0,0.0
11,1,12,0.0,0.0,0.0
11,1,13,0.0,0.0,0.0
11,1,14,0.0,0.0,0.0
11,1,15,0.0,0.0,0.0
11,1,16,0.0,0.0,0.0
11,1,17,0.0,0.0,0.0
11,1,18,0.0,0.0,0.0
11,1,19,0.0,0.0,0.0
11,1,20,0.0,0.0,0.0
11,1,21,0.5218721032142639,0.3260764479637146,-0.9273123145103456
11,1,22,0.4723075032234192,0.2967227697372436,-0.900526762008667
11,1,23,0.493874728679657,0.370998740196228,-0.8069770336151123
11,1,24,0.358983039855957,0.5253026485443115,-0.3485898077487945
11,1,25,0.2721352875232696,0.85032057762146,-0.5784183144569397
12,0,0,0.0,0.0,0.0
12,0,1,0.0,0.0,0.0
12,0,2,0.0,0.0,0.0
12,0,3,0.0,0.0,0.0
12,0,4,0.0,0.0,0.0
12,0,5,0.0,0.0,0.0
12,0,6,0.0,0.0,0.0
12,0,7,0.0,0.0,0.0
12,0,8,0.0,0.0,0.0
12,0,9,0.0,0.0,0.0
12,0,10,0.0,0.0,0.0
12,0,11,0.0,0.0,0.0
12,0,12,0.0,0.0,0.0
12,0,13,0.0,0.0,0.0
12,0,14,0.0,0.0,0.0
12,0,15,0.0,0.0,0.0
12,0,16,0.0,0.0,0.0
12,0,17,0.0,0.0,0.0
12,0,18,0.0,0.0,0.0
12,0,19,0.0,0.0,0.0
12,0,20,0.0,0.0,0.0
12,0,21,0.5200425386428833,0.3231611251831054,-0.9048287272453308
12,0,22,0.5563381910324097,0.2825736403465271,-0.8672706484794617
12,0,23,0.5534697771072388,0.3591418862342834,-0.7815662026405334
12,0,24,0.7176527976989746,0.5032864212989807,-0.3461444675922394
12,0,25,0.8270388841629028,0.7751134037971497,-0.2224804013967514
12,1,0,0.0,0.0,0.0
12,1,1,0.0,0.0,0.0
12,1,2,0.0,0.0,0.0
12,1,3,0.0,0.0,0.0
12,1,4,0.0,0.0,0.0
12,1,5,0.0,0.0,0.0
12,1,6,0.0,0.0,0.0
12,1,7,0.0,0.0,0.0
12,1,8,0.0,0.0,0.0
12,1,9,0.0,0.0,0.0
12,1,10,0.0,0.0,0.0
12,1,11,0.0,0.0,0.0
12,1,12,0.0,0.0,0.0
12,1,13,0.0,0.0,0.0
12,1,14,0.0,0.0,0.0
12,1,15,0.0,0.0,0.0
12,1,16,0.0,0.0,0.0
12,1,17,0.0,0.0,0.0
12,1,18,0.0,0.0,0.0
12,1,19,0.0,0.0,0.0
12,1,20,0.0,0.0,0.0
12,1,21,0.5200425386428833,0.3231611251831054,-0.9048287272453308
12,1,22,0.4708632528781891,0.2951337695121765,-0.8701080083847046
12,1,23,0.4903906285762787,0.3689655661582947,-0.7860033512115479
12,1,24,0.3558186888694763,0.5279515981674194,-0.2899571657180786
12,1,25,0.289567083120346,0.8266621232032776,-0.500176727771759
13,0,0,0.0,0.0,0.0
13,0,1,0.0,0.0,0.0
13,0,2,0.0,0.0,0.0
13,0,3,0.0,0.0,0.0
13,0,4,0.0,0.0,0.0
13,0,5,0.0,0.0,0.0
13,0,6,0.0,0.0,0.0
13,0,7,0.0,0.0,0.0
13,0,8,0.0,0.0,0.0
13,0,9,0.0,0.0,0.0
13,0,10,0.0,0.0,0.0
13,0,11,0.0,0.0,0.0
13,0,12,0.0,0.0,0.0
13,0,13,0.0,0.0,0.0
13,0,14,0.0,0.0,0.0
13,0,15,0.0,0.0,0.0
13,0,16,0.0,0.0,0.0
13,0,17,0.0,0.0,0.0
13,0,18,0.0,0.0,0.0
13,0,19,0.0,0.0,0.0
13,0,20,0.0,0.0,0.0
13,0,21,0.5256011486053467,0.3222012519836426,-0.8874478936195374
13,0,22,0.5600759983062744,0.2825183272361755,-0.8484493494033813
13,0,23,0.5564395189285278,0.3607687950134277,-0.7669277787208557
13,0,24,0.7198053598403931,0.504981279373169,-0.322111040353775
13,0,25,0.8208953142166138,0.781120777130127,-0.1830300092697143
13,1,0,0.0,0.0,0.0
13,1,1,0.0,0.0,0.0
13,1,2,0.0,0.0,0.0
13,1,3,0.0,0.0,0.0
13,1,4,0.0,0.0,0.0
13,1,5,0.0,0.0,0.0
13,1,6,0.0,0.0,0.0
13,1,7,0.0,0.0,0.0
13,1,8,0.0,0.0,0.0
13,1,9,0.0,0.0,0.0
13,1,10,0.0,0.0,0.0
13,1,11,0.0,0.0,0.0
13,1,12,0.0,0.0,0.0
13,1,13,0.0,0.0,0.0
13,1,14,0.0,0.0,0.0
13,1,15,0.0,0.0,0.0
13,1,16,0.0,0.0,0.0
13,1,17,0.0,0.0,0.0
13,1,18,0.0,0.0,0.0
13,1,19,0.0,0.0,0.0
13,1,20,0.0,0.0,0.0
13,1,21,0.5256011486053467,0.3222012519836426,-0.8874478936195374
13,1,22,0.4749103784561157,0.2925926446914673,-0.8550925850868225
13,1,23,0.4960148930549621,0.3702734112739563,-0.7748510241508484
13,1,24,0.3549643754959106,0.5327044725418091,-0.3204634487628937
13,1,25,0.2956392467021942,0.8216441869735718,-0.4450269937515259
14,0,0,0.0,0.0,0.0
14,0,1,0.0,0.0,0.0
14,0,2,0.0,0.0,0.0
14,0,3,0.0,0.0,0.0
14,0,4,0.0,0.0,0.0
14,0,5,0.0,0.0,0.0
14,0,6,0.0,0.0,0.0
14,0,7,0.0,0.0,0.0
14,0,8,0.0,0.0,0.0
14,0,9,0.0,0.0,0.0
14,0,10,0.0,0.0,0.0
14,0,11,0.0,0.0,0.0
14,0,12,0.0,0.0,0.0
14,0,13,0.0,0.0,0.0
14,0,14,0.0,0.0,0.0
14,0,15,0.0,0.0,0.0
14,0,16,0.0,0.0,0.0
14,0,17,0.0,0.0,0.0
14,0,18,0.0,0.0,0.0
14,0,19,0.0,0.0,0.0
14,0,20,0.0,0.0,0.0
14,0,21,0.5259287357330322,0.3230475187301636,-0.7063712477684021
14,0,22,0.5617882609367371,0.2815747857093811,-0.6621483564376831
14,0,23,0.5579892992973328,0.3612633347511291,-0.5860148668289185
14,0,24,0.7204756736755371,0.5064995884895325,-0.1895254701375961
14,0,25,0.8146247267723083,0.7706212401390076,-0.1455487757921219
14,1,0,0.0,0.0,0.0
14,1,1,0.0,0.0,0.0
14,1,2,0.0,0.0,0.0
14,1,3,0.0,0.0,0.0
14,1,4,0.0,0.0,0.0
14,1,5,0.0,0.0,0.0
14,1,6,0.0,0.0,0.0
14,1,7,0.0,0.0,0.0
14,1,8,0.0,0.0,0.0
14,1,9,0.0,0.0,0.0
14,1,10,0.0,0.0,0.0
14,1,11,0.0,0.0,0.0
14,1,12,0.0,0.0,0.0
14,1,13,0.0,0.0,0.0
14,1,14,0.0,0.0,0.0
14,1,15,0.0,0.0,0.0
14,1,16,0.0,0.0,0.0
14,1,17,0.0,0.0,0.0
14,1,18,0.0,0.0,0.0
14,1,19,0.0,0.0,0.0
14,1,20,0.0,0.0,0.0
14,1,21,0.5259287357330322,0.3230475187301636,-0.7063712477684021
14,1,22,0.4756989479064941,0.293756902217865,-0.6688616275787354
14,1,23,0.4967018365859985,0.3707498908042907,-0.5936380624771118
14,1,24,0.3541775643825531,0.5344902276992798,-0.1569362878799438
14,1,25,0.2951210439205169,0.8151803016662598,-0.2870082557201385
18,0,0,0.0,0.0,0.0
18,0,1,0.0,0.0,0.0
18,0,2,0.0,0.0,0.0
18,0,3,0.0,0.0,0.0
18,0,4,0.0,0.0,0.0
18,0,5,0.0,0.0,0.0
18,0,6,0.0,0.0,0.0
18,0,7,0.0,0.0,0.0
18,0,8,0.0,0.0,0.0
18,0,9,0.0,0.0,0.0
18,0,10,0.0,0.0,0.0
18,0,11,0.0,0.0,0.0
18,0,12,0.0,0.0,0.0
18,0,13,0.0,0.0,0.0
18,0,14,0.0,0.0,0.0
18,0,15,0.0,0.0,0.0
18,0,16,0.0,0.0,0.0
18,0,17,0.0,0.0,0.0
18,0,18,0.0,0.0,0.0
18,0,19,0.0,0.0,0.0
18,0,20,0.0,0.0,0.0
18,0,21,0.5255588293075562,0.3243446350097656,-0.6613448262214661
18,0,22,0.5625188946723938,0.2840466499328613,-0.6222429871559143
18,0,23,0.5580068826675415,0.3628466725349426,-0.5439488887786865
18,0,24,0.7200170159339905,0.5104461908340454,-0.160899206995964
18,0,25,0.8191865086555481,0.7769753932952881,-0.1539406478404998
18,1,0,0.0,0.0,0.0
18,1,1,0.0,0.0,0.0
18,1,2,0.0,0.0,0.0
18,1,3,0.0,0.0,0.0
18,1,4,0.0,0.0,0.0
18,1,5,0.0,0.0,0.0
18,1,6,0.0,0.0,0.0
18,1,7,0.0,0.0,0.0
18,1,8,0.0,0.0,0.0
18,1,9,0.0,0.0,0.0
18,1,10,0.0,0.0,0.0
18,1,11,0.0,0.0,0.0
18,1,12,0.0,0.0,0.0
18,1,13,0.0,0.0,0.0
18,1,14,0.0,0.0,0.0
18,1,15,0.0,0.0,0.0
18,1,16,0.0,0.0,0.0
18,1,17,0.0,0.0,0.0
18,1,18,0.0,0.0,0.0
18,1,19,0.0,0.0,0.0
18,1,20,0.0,0.0,0.0
18,1,21,0.5255588293075562,0.3243446350097656,-0.6613448262214661
18,1,22,0.477422833442688,0.2946251630783081,-0.6273327469825745
18,1,23,0.4961475133895874,0.3715163469314575,-0.5504735112190247
18,1,24,0.3586891889572143,0.5315539836883545,-0.1411294341087341
18,1,25,0.2941868305206299,0.801434338092804,-0.2923105657100677
24,0,0,0.6545305252075195,0.8097839951515198,2.8331226076261373e-07
24,0,1,0.6276321411132812,0.7715461254119873,-0.0289634224027395
24,0,2,0.5861786603927612,0.7618592977523804,-0.0413346365094184
24,0,3,0.5451748371124268,0.7754278779029846,-0.0465888902544975
24,0,4,0.5131416916847229,0.7886356115341187,-0.0490051805973053
24,0,5,0.5875480771064758,0.8296397924423218,-0.0441476963460445
24,0,6,0.5208749175071716,0.8263078331947327,-0.0565691478550434
24,0,7,0.4901584088802337,0.8114677667617798,-0.0589763410389423
24,0,8,0.4687953889369964,0.7991631627082825,-0.0591331422328949
24,0,9,0.5793991684913635,0.8573306202888489,-0.0315050818026065
24,0,10,0.5136479139328003,0.8435398936271667,-0.0436877124011516
24,0,11,0.5035591125488281,0.816722571849823,-0.0430692769587039
24,0,12,0.5057178735733032,0.7994106411933899,-0.0406888052821159
24,0,13,0.5725709199905396,0.8695785999298096,-0.0193085297942161
24,0,14,0.5155009627342224,0.8543190956115723,-0.0296695344150066
24,0,15,0.5114522576332092,0.8297505378723145,-0.0257609747350215
24,0,16,0.5172351002693176,0.8149192333221436,-0.0212756022810935
24,0,17,0.5669541358947754,0.8721817135810852,-0.0090687628835439
24,0,18,0.5230377316474915,0.8601329922676086,-0.0181191489100456
24,0,19,0.5147097110748291,0.8403759598731995,-0.0172835290431976
24,0,20,0.5169020295143127,0.8270792961120605,-0.0142684616148471
24,0,21,0.5401978492736816,0.3140534162521362,-1.034992814064026
24,0,22,0.5738292932510376,0.2801887392997741,-0.9872499108314514
24,0,23,0.5697794556617737,0.356496512889862,-0.9045791625976562
24,0,24,0.7114839553833008,0.5050602555274963,-0.4359962046146393
24,0,25,0.8379795551300049,0.8049523830413818,-0.5371155142784119
24,1,0,0.0,0.0,0.0
24,1,1,0.0,0.0,0.0
24,1,2,0.0,0.0,0.0
24,1,3,0.0,0.0,0.0
24,1,4,0.0,0.0,0.0
24,1,5,0.0,0.0,0.0
24,1,6,0.0,0.0,0.0
24,1,7,0.0,0.0,0.0
24,1,8,0.0,0.0,0.0
24,1,9,0.0,0.0,0.0
24,1,10,0.0,0.0,0.0
24,1,11,0.0,0.0,0.0
24,1,12,0.0,0.0,0.0
24,1,13,0.0,0.0,0.0
24,1,14,0.0,0.0,0.0
24,1,15,0.0,0.0,0.0
24,1,16,0.0,0.0,0.0
24,1,17,0.0,0.0,0.0
24,1,18,0.0,0.0,0.0
24,1,19,0.0,0.0,0.0
24,1,20,0.0,0.0,0.0
24,1,21,0.5401978492736816,0.3140534162521362,-1.034992814064026
24,1,22,0.4908306300640106,0.2863195538520813,-0.995701253414154
24,1,23,0.5133334398269653,0.3630541563034057,-0.9116925001144408
24,1,24,0.3632896542549133,0.5309286117553711,-0.4805742800235748
24,1,25,0.3218875229358673,0.8569395542144775,-0.5759701132774353
26,0,0,0.587825357913971,0.8072737455368042,3.394723933070054e-07
26,0,1,0.5570484399795532,0.7673407196998596,-0.0247225016355514
26,0,2,0.5117165446281433,0.7641229033470154,-0.0328344665467739
26,0,3,0.4740556180477142,0.7807070016860962,-0.0347577184438705
26,0,4,0.4435573816299438,0.7894133925437927,-0.034635916352272
26,0,5,0.4974876642227173,0.8311994671821594,-0.0315457805991172
26,0,6,0.4362163543701172,0.8178607225418091,-0.0398810692131519
26,0,7,0.4118393659591675,0.7980726957321167,-0.0427748188376426
26,0,8,0.3962980806827545,0.7807016968727112,-0.0436988994479179
26,0,9,0.4971456825733185,0.8552143573760986,-0.0191108584403991
26,0,10,0.4420831203460693,0.8339530229568481,-0.0259730629622936
26,0,11,0.427014023065567,0.808864176273346,-0.0266958642750978
26,0,12,0.4204061329364776,0.788959264755249,-0.0265289079397916
26,0,13,0.4969345331192016,0.8646901845932007,-0.0073048518970608
26,0,14,0.4475511610507965,0.8398277163505554,-0.0142119117081165
26,0,15,0.435262382030487,0.8153786659240723,-0.014378385618329
26,0,16,0.4310491979122162,0.7968616485595703,-0.0138212405145168
26,0,17,0.496532678604126,0.865263819694519,0.0028409059159457
26,0,18,0.4572591185569763,0.8450448513031006,-0.0050688544288277
26,0,19,0.4450127184391022,0.8241345286369324,-0.0065288711339235
26,0,20,0.4402130544185638,0.8081989884376526,-0.0054554529488086
26,0,21,0.5428041219711304,0.3135510087013244,-0.9541476964950562
26,0,22,0.5764070749282837,0.2768836617469787,-0.9046072959899902
26,0,23,0.5706774592399597,0.3550642728805542,-0.8287291526794434
26,0,24,0.7057879567146301,0.4997832775115967,-0.4061662256717682
26,0,25,0.8258401155471802,0.7881919145584106,-0.4867704212665558
26,1,0,0.0,0.0,0.0
26,1,1,0.0,0.0,0.0
26,1,2,0.0,0.0,0.0
26,1,3,0.0,0.0,0.0
26,1,4,0.0,0.0,0.0
26,1,5,0.0,0.0,0.0
26,1,6,0.0,0.0,0.0
26,1,7,0.0,0.0,0.0
26,1,8,0.0,0.0,0.0
26,1,9,0.0,0.0,0.0
26,1,10,0.0,0.0,0.0
26,1,11,0.0,0.0,0.0
26,1,12,0.0,0.0,0.0
26,1,13,0.0,0.0,0.0
26,1,14,0.0,0.0,0.0
26,1,15,0.0,0.0,0.0
26,1,16,0.0,0.0,0.0
26,1,17,0.0,0.0,0.0
26,1,18,0.0,0.0,0.0
26,1,19,0.0,0.0,0.0
26,1,20,0.0,0.0,0.0
26,1,21,0.5428041219711304,0.3135510087013244,-0.9541476964950562
26,1,22,0.4955679178237915,0.2846186757087707,-0.9146934151649476
26,1,23,0.5168634653091431,0.3596858382225036,-0.8373234272003174
26,1,24,0.365591287612915,0.5337400436401367,-0.4066650569438934
26,1,25,0.3467096388339996,0.8522508144378662,-0.3212757110595703
27,0,0,0.5702874064445496,0.802356481552124,3.3061257909139385e-07
27,0,1,0.5408731698989868,0.7642465829849243,-0.0223425831645727
27,0,2,0.4958645105361938,0.7609209418296814,-0.029513731598854
27,0,3,0.4559882581233978,0.7754144072532654,-0.0307751987129449
27,0,4,0.4263845384120941,0.784413754940033,-0.0298842471092939
27,0,5,0.4782933294773102,0.8251100778579712,-0.0294353011995553
27,0,6,0.4193950295448303,0.8165014982223511,-0.0364727154374122
27,0,7,0.4003405570983886,0.7964185476303101,-0.0382971689105033
27,0,8,0.3910430073738098,0.7776766419410706,-0.0381066650152206
27,0,9,0.4813612699508667,0.8505718111991882,-0.0175497382879257
27,0,10,0.4250960350036621,0.8360798954963684,-0.0225990861654281
27,0,11,0.4100104570388794,0.8122018575668335,-0.022178778424859
27,0,12,0.4043143987655639,0.7919623851776123,-0.0212055444717407
27,0,13,0.4856134057044983,0.8630412220954895,-0.0060382219962775
27,0,14,0.4363792538642883,0.8442651629447937,-0.0099366605281829
27,0,15,0.4245741963386535,0.8217167258262634,-0.0085750333964824
27,0,16,0.4209238588809967,0.8041378855705261,-0.0073947077617049
27,0,17,0.4891555309295654,0.8662529587745667,0.0038952857721596
27,0,18,0.4501268267631531,0.852191150188446,-0.0010558579815551
27,0,19,0.4375486373901367,0.8337279558181763,-0.0006730942404828
27,0,20,0.4325695037841797,0.818821132183075,0.0013930444838479
27,0,21,0.545889675617218,0.3122832775115967,-0.7951382994651794
27,0,22,0.5787454843521118,0.2785550951957702,-0.7424542307853699
27,0,23,0.5741940140724182,0.3550275564193725,-0.6777204275131226
27,0,24,0.7031168341636658,0.4990673363208771,-0.3286555409431457
27,0,25,0.8145363926887512,0.7867375612258911,-0.4855589568614959
27,1,0,0.0,0.0,0.0
27,1,1,0.0,0.0,0.0
27,1,2,0.0,0.0,0.0
27,1,3,0.0,0.0,0.0
27,1,4,0.0,0.0,0.0
27,1,5,0.0,0.0,0.0
27,1,6,0.0,0.0,0.0
27,1,7,0.0,0.0,0.0
27,1,8,0.0,0.0,0.0
27,1,9,0.0,0.0,0.0
27,1,10,0.0,0.0,0.0
27,1,11,0.0,0.0,0.0
27,1,12,0.0,0.0,0.0
27,1,13,0.0,0.0,0.0
27,1,14,0.0,0.0,0.0
27,1,15,0.0,0.0,0.0
27,1,16,0.0,0.0,0.0
27,1,17,0.0,0.0,0.0
27,1,18,0.0,0.0,0.0
27,1,19,0.0,0.0,0.0
27,1,20,0.0,0.0,0.0
27,1,21,0.545889675617218,0.3122832775115967,-0.7951382994651794
27,1,22,0.4980576634407043,0.2844281792640686,-0.7474647760391235
27,1,23,0.5181769132614136,0.3593924641609192,-0.6806020736694336
27,1,24,0.3645533621311188,0.5315390825271606,-0.285491794347763
27,1,25,0.3777313530445099,0.8544302582740784,-0.4750035405158996
29,0,0,0.5335023403167725,0.789739727973938,1.9210517621104373e-07
29,0,1,0.5011104345321655,0.7555543780326843,-0.0143325738608837
29,0,2,0.4541955292224884,0.7575328350067139,-0.015577558428049
29,0,3,0.4193767309188843,0.7710055708885193,-0.0133542474359273
29,0,4,0.3940646350383758,0.7775309681892395,-0.0093343527987599
29,0,5,0.438579797744751,0.8174399137496948,-0.0089053716510534
29,0,6,0.392669528722763,0.8108806610107422,-0.0113821979612112
29,0,7,0.3776940703392029,0.7931379079818726,-0.0129294050857424
29,0,8,0.3726454973220825,0.7772284746170044,-0.0133269065991044
29,0,9,0.4459037780761719,0.8398619890213013,-0.000556988408789
29,0,10,0.4035103917121887,0.8291917443275452,-0.0010976898483932
29,0,11,0.3933233618736267,0.8086025714874268,-0.0013655931688845
29,0,12,0.3902208507061004,0.7926735877990723,-0.0014569824561476
29,0,13,0.4543704390525818,0.8504791259765625,0.0068793529644608
29,0,14,0.4145171642303467,0.8376932740211487,0.005392646882683
29,0,15,0.4054386913776397,0.8183112144470215,0.0055687222629785
29,0,16,0.4023501574993133,0.8039861917495728,0.0058810990303754
29,0,17,0.4610826373100281,0.8525480628013611,0.0132441082969307
29,0,18,0.4258721172809601,0.844709575176239,0.0108590573072433
29,0,19,0.4150997996330261,0.8286416530609131,0.0116945141926407
29,0,20,0.4116442203521728,0.815399706363678,0.0136198662221431
29,0,21,0.5473719835281372,0.3178472518920898,-1.0406814813613892
29,0,22,0.5801300406455994,0.2829440236091614,-0.9907345771789552
29,0,23,0.573990523815155,0.3607907891273498,-0.9089478850364684
29,0,24,0.6980622410774231,0.5037848949432373,-0.4910673797130584
29,0,25,0.793146014213562,0.7956370711326599,-0.5805699825286865
29,1,0,0.0,0.0,0.0
29,1,1,0.0,0.0,0.0
29,1,2,0.0,0.0,0.0
29,1,3,0.0,0.0,0.0
29,1,4,0.0,0.0,0.0
29,1,5,0.0,0.0,0.0
29,1,6,0.0,0.0,0.0
29,1,7,0.0,0.0,0.0
29,1,8,0.0,0.0,0.0
29,1,9,0.0,0.0,0.0
29,1,10,0.0,0.0,0.0
29,1,11,0.0,0.0,0.0
29,1,12,0.0,0.0,0.0
29,1,13,0.0,0.0,0.0
29,1,14,0.0,0.0,0.0
29,1,15,0.0,0.0,0.0
29,1,16,0.0,0.0,0.0
29,1,17,0.0,0.0,0.0
29,1,18,0.0,0.0,0.0
29,1,19,0.0,0.0,0.0
29,1,20,0.0,0.0,0.0
29,1,21,0.5473719835281372,0.3178472518920898,-1.0406814813613892
29,1,22,0.4989750683307647,0.2867571115493774,-0.9966096878051758
29,1,23,0.5192477107048035,0.3638291358947754,-0.9141951203346252
29,1,24,0.3654451370239258,0.538526713848114,-0.4074032008647918
29,1,25,0.33299320936203,0.8322896361351013,-0.417226493358612
30,0,0,0.5186659693717957,0.7941434383392334,1.802207094669939e-07
30,0,1,0.4883685111999511,0.7558400630950928,-0.0144092068076133
30,0,2,0.4443458616733551,0.7514577507972717,-0.0165062360465526
30,0,3,0.4095324277877807,0.760940432548523,-0.0156430657953023
30,0,4,0.3857757151126861,0.7695464491844177,-0.0125390067696571
30,0,5,0.4236360788345337,0.8093628287315369,-0.0094791688024997
30,0,6,0.3753881454467773,0.8013318777084351,-0.0146097531542181
30,0,7,0.3664411604404449,0.7808298468589783,-0.0172933377325534
30,0,8,0.3695539832115173,0.7638663649559021,-0.0171645823866128
30,0,9,0.4290152192115783,0.8326268792152405,-0.0013056015595793
30,0,10,0.3850603699684143,0.8181476593017578,-0.0033009990584105
30,0,11,0.3798107206821441,0.7954463958740234,-0.0044729262590408
30,0,12,0.3838304579257965,0.7793882489204407,-0.0046265991404652
30,0,13,0.4373016655445099,0.8440478444099426,0.0057619381695985
30,0,14,0.3979706466197967,0.8266599774360657,0.0029508944135159
30,0,15,0.3934282958507538,0.8055353760719299,0.0020816018804907
30,0,16,0.3973865211009979,0.7911410927772522,0.0022927625104784
30,0,17,0.4444956481456756,0.8472980260848999,0.0118893915787339
30,0,18,0.4087610840797424,0.8350962996482849,0.0086148977279663
30,0,19,0.4020392000675201,0.8176167011260986,0.0090317614376544
30,0,20,0.4046156406402588,0.8043459057807922,0.0110685769468545
30,0,21,0.5492333173751831,0.3170802593231201,-0.9957035779953004
30,0,22,0.5817435383796692,0.2839098572731018,-0.9444938898086548
30,0,23,0.5747591257095337,0.3586692810058594,-0.8668716549873352
30,0,24,0.6974932551383972,0.5023689270019531,-0.4463524520397186
30,0,25,0.7905862331390381,0.7918109893798828,-0.5511404871940613
30,1,0,0.0,0.0,0.0
30,1,1,0.0,0.0,0.0
30,1,2,0.0,0.0,0.0
30,1,3,0.0,0.0,0.0
30,1,4,0.0,0.0,0.0
30,1,5,0.0,0.0,0.0
30,1,6,0.0,0.0,0.0
30,1,7,0.0,0.0,0.0
30,1,8,0.0,0.0,0.0
30,1,9,0.0,0.0,0.0
30,1,10,0.0,0.0,0.0
30,1,11,0.0,0.0,0.0
30,1,12,0.0,0.0,0.0
30,1,13,0.0,0.0,0.0
30,1,14,0.0,0.0,0.0
30,1,15,0.0,0.0,0.0
30,1,16,0.0,0.0,0.0
30,1,17,0.0,0.0,0.0
30,1,18,0.0,0.0,0.0
30,1,19,0.0,0.0,0.0
30,1,20,0.0,0.0,0.0
30,1,21,0.5492333173751831,0.3170802593231201,-0.9957035779953004
30,1,22,0.5022691488265991,0.2856591343879699,-0.9512587785720824
30,1,23,0.5196758508682251,0.3615019917488098,-0.8727890253067017
30,1,24,0.3629959225654602,0.5377383828163147,-0.4057720601558685
30,1,25,0.3585741221904754,0.8403782844543457,-0.4401276707649231
31,0,0,0.5121815800666809,0.783628523349762,1.46716232052313e-07
31,0,1,0.4800623655319214,0.7478935718536377,-0.0117382192984223
31,0,2,0.4336071908473968,0.7471089959144592,-0.0124421501532197
31,0,3,0.3985501825809479,0.757862389087677,-0.0105422316119074
31,0,4,0.3762301206588745,0.7685527205467224,-0.0071711554192006
31,0,5,0.4177121818065643,0.7991566061973572,-0.0092271557077765
31,0,6,0.3730363845825195,0.796207070350647,-0.0120141319930553
31,0,7,0.3628835082054138,0.7776427865028381,-0.0131421629339456
31,0,8,0.3625683188438415,0.7612943053245544,-0.0133031141012907
31,0,9,0.4269874691963196,0.8238789439201355,-0.0025033000856637
31,0,10,0.3894694149494171,0.8134768605232239,-0.0016213462222367
31,0,11,0.3890008926391601,0.7947489619255066,-0.0012839601840823
31,0,12,0.3946498334407806,0.7836650609970093,-0.0019689751788973
31,0,13,0.4400783777236938,0.8372136950492859,0.0036200052127242
31,0,14,0.4068597853183746,0.82627934217453,0.0041547040455043
31,0,15,0.4061491191387176,0.8098511695861816,0.0058626602403819
31,0,16,0.4121559560298919,0.7996280193328857,0.0060320543125271
31,0,17,0.4522727429866791,0.8422138690948486,0.0088629117235541
31,0,18,0.4219074845314026,0.8370938897132874,0.0077842073515057
31,0,19,0.4190695881843567,0.8232811689376831,0.0099248075857758
31,0,20,0.4249575138092041,0.8135663270950317,0.0120671708136796
31,0,21,0.5467998385429382,0.3154842257499695,-0.9623338580131532
31,0,22,0.5808864235877991,0.2817915081977844,-0.9116686582565308
31,0,23,0.5738415122032166,0.3587043881416321,-0.8349636793136597
31,0,24,0.6995866298675537,0.5029764175415039,-0.456195592880249
31,0,25,0.7947455644607544,0.8028347492218018,-0.5917844176292419
31,1,0,0.0,0.0,0.0
31,1,1,0.0,0.0,0.0
31,1,2,0.0,0.0,0.0
31,1,3,0.0,0.0,0.0
31,1,4,0.0,0.0,0.0
31,1,5,0.0,0.0,0.0
31,1,6,0.0,0.0,0.0
31,1,7,0.0,0.0,0.0
31,1,8,0.0,0.0,0.0
31,1,9,0.0,0.0,0.0
31,1,10,0.0,0.0,0.0
31,1,11,0.0,0.0,0.0
31,1,12,0.0,0.0,0.0
31,1,13,0.0,0.0,0.0
31,1,14,0.0,0.0,0.0
31,1,15,0.0,0.0,0.0
31,1,16,0.0,0.0,0.0
31,1,17,0.0,0.0,0.0
31,1,18,0.0,0.0,0.0
31,1,19,0.0,0.0,0.0
31,1,20,0.0,0.0,0.0
31,1,21,0.5467998385429382,0.3154842257499695,-0.9623338580131532
31,1,22,0.4991396963596344,0.2847082018852234,-0.91444993019104
31,1,23,0.5178162455558777,0.3620129823684692,-0.8360230922698975
31,1,24,0.3656776845455169,0.5353342294692993,-0.3660551011562347
31,1,25,0.3688059747219085,0.8303987979888916,-0.4888535737991333
34,0,0,0.497308075428009,0.7679215669631958,1.589219209563453e-07
34,0,1,0.4693450033664703,0.7305903434753418,-0.0100503796711564
34,0,2,0.4280238747596741,0.7256513833999634,-0.0113427005708217
34,0,3,0.3949805796146393,0.7316789031028748,-0.0105132926255464
34,0,4,0.3735244274139404,0.7398204803466797,-0.0084143187850713
34,0,5,0.4039976298809051,0.7753131985664368,-0.0068715517409145
34,0,6,0.3660462200641632,0.7633085250854492,-0.0095797879621386
34,0,7,0.36069256067276,0.743563175201416,-0.0117473071441054
34,0,8,0.3637064695358276,0.7277190089225769,-0.0127388322725892
34,0,9,0.4114919602870941,0.7995169758796692,-0.0015115531859919
34,0,10,0.3782162666320801,0.7830193042755127,-0.0002658061566762
34,0,11,0.3775814771652221,0.7638989686965942,-0.0003592984576243
34,0,12,0.3828229010105133,0.7511867880821228,-0.0014051710022613
34,0,13,0.4237791001796722,0.8134444355964661,0.0032084793783724
34,0,14,0.3936447203159332,0.7973735332489014,0.0039398344233632
34,0,15,0.3917200267314911,0.7803856730461121,0.0049354350194334
34,0,16,0.3966668844223022,0.7684524655342102,0.0046253018081188
34,0,17,0.4357606768608093,0.819322407245636,0.007088822312653
34,0,18,0.4080929458141327,0.809538722038269,0.0064856805838644
34,0,19,0.4049490094184875,0.7949284315109253,0.0084375981241464
34,0,20,0.4105328321456909,0.7838315367698669,0.0103753944858908
34,0,21,0.5479740500450134,0.3169678449630737,-0.8478684425354004
34,0,22,0.5808797478675842,0.2824156284332275,-0.8043065071105957
34,0,23,0.5730950832366943,0.359028160572052,-0.7329344749450684
34,0,24,0.6994002461433411,0.5001678466796875,-0.3847410678863525
34,0,25,0.792887270450592,0.802342414855957,-0.502902626991272
34,1,0,0.0,0.0,0.0
34,1,1,0.0,0.0,0.0
34,1,2,0.0,0.0,0.0
34,1,3,0.0,0.0,0.0
34,1,4,0.0,0.0,0.0
34,1,5,0.0,0.0,0.0
34,1,6,0.0,0.0,0.0
34,1,7,0.0,0.0,0.0
34,1,8,0.0,0.0,0.0
34,1,9,0.0,0.0,0.0
34,1,10,0.0,0.0,0.0
34,1,11,0.0,0.0,0.0
34,1,12,0.0,0.0,0.0
34,1,13,0.0,0.0,0.0
34,1,14,0.0,0.0,0.0
34,1,15,0.0,0.0,0.0
34,1,16,0.0,0.0,0.0
34,1,17,0.0,0.0,0.0
34,1,18,0.0,0.0,0.0
34,1,19,0.0,0.0,0.0
34,1,20,0.0,0.0,0.0
34,1,21,0.5479740500450134,0.3169678449630737,-0.8478684425354004
34,1,22,0.5003474950790405,0.2855343222618103,-0.8084936141967773
34,1,23,0.5182245969772339,0.3627075552940368,-0.7362651228904724
34,1,24,0.3666356801986694,0.5329651832580566,-0.3440439701080322
34,1,25,0.3750518560409546,0.8179793953895569,-0.434020072221756
37,0,0,0.0,0.0,0.0
37,0,1,0.0,0.0,0.0
37,0,2,0.0,0.0,0.0
37,0,3,0.0,0.0,0.0
37,0,4,0.0,0.0,0.0
37,0,5,0.0,0.0,0.0
37,0,6,0.0,0.0,0.0
37,0,7,0.0,0.0,0.0
37,0,8,0.0,0.0,0.0
37,0,9,0.0,0.0,0.0
37,0,10,0.0,0.0,0.0
37,0,11,0.0,0.0,0.0
37,0,12,0.0,0.0,0.0
37,0,13,0.0,0.0,0.0
37,0,14,0.0,0.0,0.0
37,0,15,0.0,0.0,0.0
37,0,16,0.0,0.0,0.0
37,0,17,0.0,0.0,0.0
37,0,18,0.0,0.0,0.0
37,0,19,0.0,0.0,0.0
37,0,20,0.0,0.0,0.0
37,0,21,0.5449821949005127,0.3194736838340759,-0.9586350917816162
37,0,22,0.5766971111297607,0.2840901613235473,-0.9183470606803894
37,0,23,0.5707074999809265,0.3605526089668274,-0.840457022190094
37,0,24,0.6964391469955444,0.497903048992157,-0.456823468208313
37,0,25,0.7884728908538818,0.7994105815887451,-0.5486541390419006
37,1,0,0.0,0.0,0.0
37,1,1,0.0,0.0,0.0
37,1,2,0.0,0.0,0.0
37,1,3,0.0,0.0,0.0
37,1,4,0.0,0.0,0.0
37,1,5,0.0,0.0,0.0
37,1,6,0.0,0.0,0.0
37,1,7,0.0,0.0,0.0
37,1,8,0.0,0.0,0.0
37,1,9,0.0,0.0,0.0
37,1,10,0.0,0.0,0.0
37,1,11,0.0,0.0,0.0
37,1,12,0.0,0.0,0.0
37,1,13,0.0,0.0,0.0
37,1,14,0.0,0.0,0.0
37,1,15,0.0,0.0,0.0
37,1,16,0.0,0.0,0.0
37,1,17,0.0,0.0,0.0
37,1,18,0.0,0.0,0.0
37,1,19,0.0,0.0,0.0
37,1,20,0.0,0.0,0.0
37,1,21,0.5449821949005127,0.3194736838340759,-0.9586350917816162
37,1,22,0.4971722662448883,0.2892530560493469,-0.9242790341377258
37,1,23,0.5182439684867859,0.3651357293128967,-0.8467676639556885
37,1,24,0.368376076221466,0.5347316265106201,-0.4325996935367584
37,1,25,0.3688474893569946,0.8276058435440063,-0.4217996895313263
38,0,0,0.5018637776374817,0.7558127641677856,1.069732320502226e-07
38,0,1,0.4705454707145691,0.7164326906204224,-0.0127741647884249
38,0,2,0.4254853129386902,0.7082253694534302,-0.0141929183155298
38,0,3,0.3925349414348602,0.7132829427719116,-0.012545758858323
38,0,4,0.3796805739402771,0.7213342189788818,-0.0095625938847661
38,0,5,0.4041149616241455,0.7634984254837036,-0.0113495206460356
38,0,6,0.3644192218780517,0.7444596290588379,-0.0159422997385263
38,0,7,0.3596417009830475,0.7213785648345947,-0.0191250275820493
38,0,8,0.3635537624359131,0.7035019397735596,-0.0203378926962614
38,0,9,0.4086445569992065,0.787140965461731,-0.0044469982385635
38,0,10,0.3781206905841827,0.7596684694290161,-0.0056183412671089
38,0,11,0.3798364102840423,0.7368090152740479,-0.0071517899632453
38,0,12,0.386737048625946,0.7216873168945312,-0.0083698043599724
38,0,13,0.4176880717277527,0.7996917963027954,0.0017772273859009
38,0,14,0.3913964331150055,0.7709115147590637,0.0002053855132544
38,0,15,0.3923760950565338,0.7497937679290771,-0.0012657118495553
38,0,16,0.3981116414070129,0.7351278066635132,-0.0022647220175713
38,0,17,0.4264805018901825,0.8038766384124756,0.0070486399345099
38,0,18,0.4024722874164581,0.7832866311073303,0.0046033980324864
38,0,19,0.4014983773231506,0.7654732465744019,0.0045658103190362
38,0,20,0.4068452715873718,0.752429187297821,0.0057895025238394
38,0,21,0.5415835976600647,0.3157905340194702,-0.8444702625274658
38,0,22,0.5755783319473267,0.2816594839096069,-0.8010930418968201
38,0,23,0.5676696300506592,0.357740581035614,-0.7289901971817017
38,0,24,0.6953768730163574,0.4972670972347259,-0.3754992485046386
38,0,25,0.7906675934791565,0.7953896522521973,-0.5120354890823364
38,1,0,0.0,0.0,0.0
38,1,1,0.0,0.0,0.0
38,1,2,0.0,0.0,0.0
38,1,3,0.0,0.0,0.0
38,1,4,0.0,0.0,0.0
38,1,5,0.0,0.0,0.0
38,1,6,0.0,0.0,0.0
38,1,7,0.0,0.0,0.0
38,1,8,0.0,0.0,0.0
38,1,9,0.0,0.0,0.0
38,1,10,0.0,0.0,0.0
38,1,11,0.0,0.0,0.0
38,1,12,0.0,0.0,0.0
38,1,13,0.0,0.0,0.0
38,1,14,0.0,0.0,0.0
38,1,15,0.0,0.0,0.0
38,1,16,0.0,0.0,0.0
38,1,17,0.0,0.0,0.0
38,1,18,0.0,0.0,0.0
38,1,19,0.0,0.0,0.0
38,1,20,0.0,0.0,0.0
38,1,21,0.5415835976600647,0.3157905340194702,-0.8444702625274658
38,1,22,0.4958166480064392,0.2854785323143005,-0.8056864142417908
38,1,23,0.5131418108940125,0.3621941208839416,-0.7335361838340759
38,1,24,0.3643654286861419,0.536088228225708,-0.3549517393112182
38,1,25,0.4183220863342285,0.8292242884635925,-0.4357179701328277
39,0,0,0.4982621371746063,0.7557141184806824,1.2705112339972402e-07
39,0,1,0.4682953953742981,0.7162023782730103,-0.0129138566553592
39,0,2,0.4268890023231506,0.7090467810630798,-0.0150467688217759
39,0,3,0.3961510062217712,0.7133239507675171,-0.014412235468626
39,0,4,0.378530889749527,0.71835857629776,-0.0123155508190393
39,0,5,0.4021872282028198,0.762906014919281,-0.0108632063493132
39,0,6,0.3636867702007293,0.7444808483123779,-0.0160989183932542
39,0,7,0.3599998652935028,0.7221951484680176,-0.0199413988739252
39,0,8,0.3653305470943451,0.7058051228523254,-0.0214681886136531
39,0,9,0.4078577160835266,0.7860665321350098,-0.0042451382614672
39,0,10,0.376382440328598,0.7605420351028442,-0.0061826985329389
39,0,11,0.3758460581302643,0.7376964688301086,-0.0083506116643548
39,0,12,0.3820483088493347,0.7221773266792297,-0.0099588381126523
39,0,13,0.4175867736339569,0.7987316250801086,0.0015026988694444
39,0,14,0.3900560140609741,0.7715263366699219,-0.0006525241187773
39,0,15,0.3888375759124756,0.7501112222671509,-0.002229411387816
39,0,16,0.3935294449329376,0.7349649667739868,-0.0032313058618456
39,0,17,0.4269762337207794,0.8031220436096191,0.0063031734898686
39,0,18,0.4019897580146789,0.784084677696228,0.0037077679298818
39,0,19,0.399083524942398,0.7667132616043091,0.0036713217850774
39,0,20,0.4030705988407135,0.7533600330352783,0.0048162452876567
39,0,21,0.5415711998939514,0.3148300647735595,-0.925521433353424
39,0,22,0.575056791305542,0.2807502746582031,-0.8843451738357544
39,0,23,0.5685773491859436,0.3572477102279663,-0.8120669722557068
39,0,24,0.6933466196060181,0.4960510432720184,-0.4477819800376892
39,0,25,0.7804107666015625,0.7869581580162048,-0.558167040348053
39,1,0,0.0,0.0,0.0
39,1,1,0.0,0.0,0.0
39,1,2,0.0,0.0,0.0
39,1,3,0.0,0.0,0.0
39,1,4,0.0,0.0,0.0
39,1,5,0.0,0.0,0.0
39,1,6,0.0,0.0,0.0
39,1,7,0.0,0.0,0.0
39,1,8,0.0,0.0,0.0
39,1,9,0.0,0.0,0.0
39,1,10,0.0,0.0,0.0
39,1,11,0.0,0.0,0.0
39,1,12,0.0,0.0,0.0
39,1,13,0.0,0.0,0.0
39,1,14,0.0,0.0,0.0
39,1,15,0.0,0.0,0.0
39,1,16,0.0,0.0,0.0
39,1,17,0.0,0.0,0.0
39,1,18,0.0,0.0,0.0
39,1,19,0.0,0.0,0.0
39,1,20,0.0,0.0,0.0
39,1,21,0.5415711998939514,0.3148300647735595,-0.925521433353424
39,1,22,0.49533212184906,0.2847118377685547,-0.8907695412635803
39,1,23,0.5138728618621826,0.3614458441734314,-0.8193912506103516
39,1,24,0.3666855990886688,0.5351157188415527,-0.4429793953895569
39,1,25,0.3909212946891784,0.8115435838699341,-0.4588384330272674
