Frame,Hand,Landmark,X,Y,Z
1,0,0,0.8481975793838501,0.5939121246337891,-2.7273350156065135e-07
1,0,1,0.826995313167572,0.5407620668411255,-0.0027301628142595
1,0,2,0.8219799995422363,0.4945554137229919,-0.0100825224071741
1,0,3,0.8240334987640381,0.4657942056655884,-0.0220618583261966
1,0,4,0.8417458534240723,0.4534456431865692,-0.0331680290400981
1,0,5,0.8864875435829163,0.4568668007850647,0.0058503965847194
1,0,6,0.8715896606445312,0.420130968093872,-0.0185170713812112
1,0,7,0.8492008447647095,0.4038410782814026,-0.0378435887396335
1,0,8,0.8259232044219971,0.3949562311172485,-0.0475283078849315
1,0,9,0.9039751291275024,0.4690797924995422,-0.0058263749815523
1,0,10,0.8854179382324219,0.4234508574008941,-0.0299418866634368
1,0,11,0.8559449911117554,0.4062233865261078,-0.0443011038005352
1,0,12,0.8306303024291992,0.3981720209121704,-0.0489603579044342
1,0,13,0.9151867032051086,0.489055722951889,-0.0201501846313476
1,0,14,0.8653734922409058,0.4683903157711029,-0.0445846319198608
1,0,15,0.8376064300537109,0.4900280833244324,-0.0463354140520095
1,0,16,0.825351357460022,0.5107260942459106,-0.0396156460046768
1,0,17,0.9157779812812804,0.5146056413650513,-0.0355061590671539
1,0,18,0.8698641657829285,0.5012790560722351,-0.0472018159925937
1,0,19,0.8473851084709167,0.5152754783630371,-0.0422456674277782
1,0,20,0.8397144079208374,0.5300299525260925,-0.0342377945780754
1,0,21,0.5257101655006409,0.3240754008293152,-0.5046182870864868
1,0,22,0.5476669073104858,0.2826637625694275,-0.4390074610710144
1,0,23,0.5456283688545227,0.3712206482887268,-0.3782577216625213
1,1,0,0.0,0.0,0.0
1,1,1,0.0,0.0,0.0
1,1,2,0.0,0.0,0.0
1,1,3,0.0,0.0,0.0
1,1,4,0.0,0.0,0.0
1,1,5,0.0,0.0,0.0
1,1,6,0.0,0.0,0.0
1,1,7,0.0,0.0,0.0
1,1,8,0.0,0.0,0.0
1,1,9,0.0,0.0,0.0
1,1,10,0.0,0.0,0.0
1,1,11,0.0,0.0,0.0
1,1,12,0.0,0.0,0.0
1,1,13,0.0,0.0,0.0
1,1,14,0.0,0.0,0.0
1,1,15,0.0,0.0,0.0
1,1,16,0.0,0.0,0.0
1,1,17,0.0,0.0,0.0
1,1,18,0.0,0.0,0.0
1,1,19,0.0,0.0,0.0
1,1,20,0.0,0.0,0.0
1,1,21,0.5257101655006409,0.3240754008293152,-0.5046182870864868
1,1,22,0.4742656946182251,0.2885922789573669,-0.4706031382083893
1,1,23,0.4938586354255676,0.3766506910324096,-0.4213621914386749
2,0,0,0.8452910780906677,0.5968071222305298,-1.66751931374165e-07
2,0,1,0.8216699957847595,0.5429644584655762,-0.0023624589666724
2,0,2,0.8139081001281738,0.4976421892642975,-0.0087026311084628
2,0,3,0.8126875162124634,0.4682554602622986,-0.0198069475591182
2,0,4,0.8258303999900818,0.4570264220237732,-0.0300678573548793
2,0,5,0.8751317858695984,0.4579761028289795,0.0065420176833868
2,0,6,0.8613894581794739,0.4183829724788666,-0.0139881540089845
2,0,7,0.84458327293396,0.3962829113006592,-0.0306279212236404
2,0,8,0.8257693648338318,0.3796417415142059,-0.0394500195980072
2,0,9,0.8929401636123657,0.4682841598987579,-0.0047816862352192
2,0,10,0.8740546107292175,0.4209010303020477,-0.0254182368516922
2,0,11,0.8499319553375244,0.3975744545459747,-0.0384835414588451
2,0,12,0.8276683688163757,0.3825221359729767,-0.043308287858963
2,0,13,0.9046943187713624,0.4866390228271484,-0.0184854734688997
2,0,14,0.8524872660636902,0.4670390188694,-0.0404745526611804
2,0,15,0.8287197947502136,0.4879876375198364,-0.0423791110515594
2,0,16,0.8189697861671448,0.5081819295883179,-0.0363669134676456
2,0,17,0.9052963852882384,0.5104638338088989,-0.0333033874630928
2,0,18,0.8590092658996582,0.4978331327438354,-0.0431295782327652
2,0,19,0.8398585319519043,0.5115154385566711,-0.0381668135523796
2,0,20,0.8346179723739624,0.5267203450202942,-0.0306542497128248
2,0,21,0.5328514575958252,0.3205193877220154,-0.5618607401847839
2,0,22,0.5506585836410522,0.2823521494865417,-0.4957287907600403
2,0,23,0.5502804517745972,0.3675666451454162,-0.4307448863983154
2,1,0,0.0,0.0,0.0
2,1,1,0.0,0.0,0.0
2,1,2,0.0,0.0,0.0
2,1,3,0.0,0.0,0.0
2,1,4,0.0,0.0,0.0
2,1,5,0.0,0.0,0.0
2,1,6,0.0,0.0,0.0
2,1,7,0.0,0.0,0.0
2,1,8,0.0,0.0,0.0
2,1,9,0.0,0.0,0.0
2,1,10,0.0,0.0,0.0
2,1,11,0.0,0.0,0.0
2,1,12,0.0,0.0,0.0
2,1,13,0.0,0.0,0.0
2,1,14,0.0,0.0,0.0
2,1,15,0.0,0.0,0.0
2,1,16,0.0,0.0,0.0
2,1,17,0.0,0.0,0.0
2,1,18,0.0,0.0,0.0
2,1,19,0.0,0.0,0.0
2,1,20,0.0,0.0,0.0
2,1,21,0.5328514575958252,0.3205193877220154,-0.5618607401847839
2,1,22,0.4793469905853271,0.2883711457252502,-0.5332231521606445
2,1,23,0.502368688583374,0.3750047087669372,-0.4805531799793243
7,0,0,0.7970536947250366,0.554955244064331,1.877294124597029e-07
7,0,1,0.756446897983551,0.5164047479629517,-0.006590676959604
7,0,2,0.7360748052597046,0.4783849120140075,-0.0162380598485469
7,0,3,0.7303571701049805,0.4497911334037781,-0.0295734070241451
7,0,4,0.7364523410797119,0.4399764239788055,-0.0424711965024471
7,0,5,0.7753794193267822,0.4203904569149017,-0.0079018576070666
7,0,6,0.7657617926597595,0.3754404187202453,-0.0261803939938545
7,0,7,0.7562521696090698,0.3453909158706665,-0.0386710055172443
7,0,8,0.7490144371986389,0.3210670351982116,-0.0460562855005264
7,0,9,0.7961609959602356,0.4259836971759796,-0.0183588061481714
7,0,10,0.7770563960075378,0.3767672777175903,-0.0375813506543636
7,0,11,0.7605368494987488,0.3468658328056335,-0.0477424524724483
7,0,12,0.7483420968055725,0.3237926363945007,-0.0518180020153522
7,0,13,0.8106526732444763,0.4432167410850525,-0.0302939247339963
7,0,14,0.7592639923095703,0.4322167932987213,-0.0519847385585308
7,0,15,0.7430422306060791,0.4555394053459167,-0.051817201077938
7,0,16,0.7430728077888489,0.4752120673656463,-0.0451466552913188
7,0,17,0.8138724565505981,0.4689576029777527,-0.0434888489544391
7,0,18,0.7675985097885132,0.4646645486354828,-0.054832600057125
7,0,19,0.7532094120979309,0.4816198348999023,-0.0492028966546058
7,0,20,0.7546129822731018,0.497029960155487,-0.0413640737533569
7,0,21,0.5724545121192932,0.2913111448287964,-0.726833701133728
7,0,22,0.5702537298202515,0.2532240748405456,-0.6387694478034973
7,0,23,0.5835755467414856,0.3374026417732239,-0.5542330145835876
7,1,0,0.0,0.0,0.0
7,1,1,0.0,0.0,0.0
7,1,2,0.0,0.0,0.0
7,1,3,0.0,0.0,0.0
7,1,4,0.0,0.0,0.0
7,1,5,0.0,0.0,0.0
7,1,6,0.0,0.0,0.0
7,1,7,0.0,0.0,0.0
7,1,8,0.0,0.0,0.0
7,1,9,0.0,0.0,0.0
7,1,10,0.0,0.0,0.0
7,1,11,0.0,0.0,0.0
7,1,12,0.0,0.0,0.0
7,1,13,0.0,0.0,0.0
7,1,14,0.0,0.0,0.0
7,1,15,0.0,0.0,0.0
7,1,16,0.0,0.0,0.0
7,1,17,0.0,0.0,0.0
7,1,18,0.0,0.0,0.0
7,1,19,0.0,0.0,0.0
7,1,20,0.0,0.0,0.0
7,1,21,0.5724545121192932,0.2913111448287964,-0.726833701133728
7,1,22,0.5198266506195068,0.2600009441375732,-0.723192036151886
7,1,23,0.5501877665519714,0.3458045125007629,-0.6641741991043091
8,0,0,0.779183566570282,0.5427466034889221,2.0193668603951664e-07
8,0,1,0.7386033535003662,0.510611891746521,-0.0080548413097858
8,0,2,0.7176547050476074,0.4764789342880249,-0.0180525947362184
8,0,3,0.7119961380958557,0.4497238993644714,-0.0314156524837017
8,0,4,0.7169803380966187,0.431917130947113,-0.043901402503252
8,0,5,0.7535616755485535,0.4138844311237335,-0.008421647362411
8,0,6,0.7421414256095886,0.3681330978870392,-0.0273246727883815
8,0,7,0.7319073677062988,0.3366792798042297,-0.0402329042553901
8,0,8,0.7248693108558655,0.3113088309764862,-0.0474976077675819
8,0,9,0.7732533812522888,0.4176189005374908,-0.0179879255592823
8,0,10,0.751873254776001,0.367681622505188,-0.0372309125959873
8,0,11,0.7357612252235413,0.3364261090755462,-0.0475157164037227
8,0,12,0.724715530872345,0.3114537000656128,-0.051458541303873
8,0,13,0.7882714867591858,0.4326533079147339,-0.0292440801858901
8,0,14,0.7380695343017578,0.4232856333255768,-0.0511258542537689
8,0,15,0.7237434387207031,0.4466924965381622,-0.0505049265921115
8,0,16,0.7245692610740662,0.4658561050891876,-0.0433417409658432
8,0,17,0.7932580709457397,0.4567900002002716,-0.0419533476233482
8,0,18,0.7495095729827881,0.4532527923583984,-0.0535924807190895
8,0,19,0.7356480360031128,0.4702449738979339,-0.0474305711686611
8,0,20,0.7363670468330383,0.4853126406669616,-0.0389139913022518
8,0,21,0.5781568884849548,0.2879476547241211,-0.669780433177948
8,0,22,0.5753694772720337,0.2486722469329834,-0.5811295509338379
8,0,23,0.5892229676246643,0.3347731232643127,-0.5030950307846069
8,1,0,0.0,0.0,0.0
8,1,1,0.0,0.0,0.0
8,1,2,0.0,0.0,0.0
8,1,3,0.0,0.0,0.0
8,1,4,0.0,0.0,0.0
8,1,5,0.0,0.0,0.0
8,1,6,0.0,0.0,0.0
8,1,7,0.0,0.0,0.0
8,1,8,0.0,0.0,0.0
8,1,9,0.0,0.0,0.0
8,1,10,0.0,0.0,0.0
8,1,11,0.0,0.0,0.0
8,1,12,0.0,0.0,0.0
8,1,13,0.0,0.0,0.0
8,1,14,0.0,0.0,0.0
8,1,15,0.0,0.0,0.0
8,1,16,0.0,0.0,0.0
8,1,17,0.0,0.0,0.0
8,1,18,0.0,0.0,0.0
8,1,19,0.0,0.0,0.0
8,1,20,0.0,0.0,0.0
8,1,21,0.5781568884849548,0.2879476547241211,-0.669780433177948
8,1,22,0.5256978869438171,0.2563861012458801,-0.6651809215545654
8,1,23,0.553848922252655,0.3421999216079712,-0.613327145576477
9,0,0,0.7627621293067932,0.5308206677436829,2.3252965775100165e-07
9,0,1,0.7205005884170532,0.5033895373344421,-0.0106388144195079
9,0,2,0.6990297436714172,0.4719754457473755,-0.0225263088941574
9,0,3,0.6914105415344238,0.447655439376831,-0.0371633395552635
9,0,4,0.6950663924217224,0.4310005903244018,-0.0506185591220855
9,0,5,0.7326230406761169,0.4047815203666687,-0.0112534528598189
9,0,6,0.7212096452713013,0.3606013059616089,-0.0315556861460208
9,0,7,0.7113196849822998,0.3297552764415741,-0.0454133637249469
9,0,8,0.7048940658569336,0.3040633201599121,-0.0533927381038665
9,0,9,0.7522658109664917,0.4082947075366974,-0.0200667083263397
9,0,10,0.7327160835266113,0.3608483076095581,-0.040313322097063
9,0,11,0.7164610624313354,0.3307622671127319,-0.0504900515079498
9,0,12,0.7047470808029175,0.3054978847503662,-0.0542956553399562
9,0,13,0.7666741609573364,0.4233308136463165,-0.0308532509952783
9,0,14,0.7142385840415955,0.4158521890640259,-0.0533096119761467
9,0,15,0.7042849659919739,0.4408113956451416,-0.0519161447882652
9,0,16,0.709511935710907,0.4587773382663727,-0.0443770885467529
9,0,17,0.7703480124473572,0.4476828575134277,-0.0433638542890548
9,0,18,0.7232308387756348,0.4462485611438751,-0.0563784539699554
9,0,19,0.7140218615531921,0.4654036462306976,-0.0504622086882591
9,0,20,0.7197805643081665,0.4799468219280243,-0.0419716797769069
9,0,21,0.5871989727020264,0.2916746735572815,-0.6052345633506775
9,0,22,0.5780549645423889,0.2535639405250549,-0.5252996683120728
9,0,23,0.5990917682647705,0.3391892313957214,-0.4560638070106506
9,1,0,0.0,0.0,0.0
9,1,1,0.0,0.0,0.0
9,1,2,0.0,0.0,0.0
9,1,3,0.0,0.0,0.0
9,1,4,0.0,0.0,0.0
9,1,5,0.0,0.0,0.0
9,1,6,0.0,0.0,0.0
9,1,7,0.0,0.0,0.0
9,1,8,0.0,0.0,0.0
9,1,9,0.0,0.0,0.0
9,1,10,0.0,0.0,0.0
9,1,11,0.0,0.0,0.0
9,1,12,0.0,0.0,0.0
9,1,13,0.0,0.0,0.0
9,1,14,0.0,0.0,0.0
9,1,15,0.0,0.0,0.0
9,1,16,0.0,0.0,0.0
9,1,17,0.0,0.0,0.0
9,1,18,0.0,0.0,0.0
9,1,19,0.0,0.0,0.0
9,1,20,0.0,0.0,0.0
9,1,21,0.5871989727020264,0.2916746735572815,-0.6052345633506775
9,1,22,0.5323696136474609,0.2623171806335449,-0.6072454452514648
9,1,23,0.5624724626541138,0.3449783325195312,-0.5638387203216553
10,0,0,0.7541385293006897,0.5204536318778992,2.820446809437272e-07
10,0,1,0.7099384665489197,0.4963988959789276,-0.008985792286694
10,0,2,0.6875268816947937,0.4660316705703735,-0.0199804324656724
10,0,3,0.6796745657920837,0.4423999190330505,-0.033936820924282
10,0,4,0.6800912022590637,0.4198504686355591,-0.0469917729496955
10,0,5,0.7185812592506409,0.3989982903003692,-0.0106761958450078
10,0,6,0.7036418914794922,0.3559619784355163,-0.0305828507989645
10,0,7,0.6923834681510925,0.3251103460788727,-0.0439948663115501
10,0,8,0.684758722782135,0.2995586693286896,-0.0513313747942447
10,0,9,0.7360697388648987,0.4010125398635864,-0.01940811984241
10,0,10,0.7146575450897217,0.3535747230052948,-0.0387991964817047
10,0,11,0.6981930136680603,0.3235873281955719,-0.0489694848656654
10,0,12,0.6856765747070312,0.2976351678371429,-0.0527909658849239
10,0,13,0.7489349246025085,0.4139614701271057,-0.0297255478799343
10,0,14,0.6972382068634033,0.4101106822490692,-0.0517095141112804
10,0,15,0.6862695217132568,0.437616229057312,-0.0496339686214923
10,0,16,0.6897068023681641,0.4570054709911346,-0.0413202829658985
10,0,17,0.7515504360198975,0.4368315041065216,-0.0415314398705959
10,0,18,0.7064197659492493,0.4389990270137787,-0.0537805743515491
10,0,19,0.6982936859130859,0.4596464335918426,-0.0469605326652526
10,0,20,0.703825056552887,0.4740950465202331,-0.0376491285860538
10,0,21,0.5865880846977234,0.2903850078582763,-0.5405691862106323
10,0,22,0.5790224075317383,0.2532338500022888,-0.4608737528324127
10,0,23,0.596254289150238,0.3371620774269104,-0.3936729729175567
10,1,0,0.0,0.0,0.0
10,1,1,0.0,0.0,0.0
10,1,2,0.0,0.0,0.0
10,1,3,0.0,0.0,0.0
10,1,4,0.0,0.0,0.0
10,1,5,0.0,0.0,0.0
10,1,6,0.0,0.0,0.0
10,1,7,0.0,0.0,0.0
10,1,8,0.0,0.0,0.0
10,1,9,0.0,0.0,0.0
10,1,10,0.0,0.0,0.0
10,1,11,0.0,0.0,0.0
10,1,12,0.0,0.0,0.0
10,1,13,0.0,0.0,0.0
10,1,14,0.0,0.0,0.0
10,1,15,0.0,0.0,0.0
10,1,16,0.0,0.0,0.0
10,1,17,0.0,0.0,0.0
10,1,18,0.0,0.0,0.0
10,1,19,0.0,0.0,0.0
10,1,20,0.0,0.0,0.0
10,1,21,0.5865880846977234,0.2903850078582763,-0.5405691862106323
10,1,22,0.5326451659202576,0.261721134185791,-0.5426846742630005
10,1,23,0.560096025466919,0.3426170349121094,-0.5022043585777283
11,0,0,0.729806125164032,0.5002678036689758,2.671878007731721e-07
11,0,1,0.6879366636276245,0.4812365174293518,-0.0087099354714155
11,0,2,0.6659520268440247,0.4505551755428314,-0.0178854260593652
11,0,3,0.6575318574905396,0.4258308708667755,-0.0299602299928665
11,0,4,0.6552916765213013,0.4039087891578674,-0.0411862805485725
11,0,5,0.6900129914283752,0.3887903094291687,-0.0096918893977999
11,0,6,0.673565685749054,0.3467908501625061,-0.0281796064227819
11,0,7,0.6593417525291443,0.3156973421573639,-0.0405191294848918
11,0,8,0.6495400667190552,0.2913795709609985,-0.0471819899976253
11,0,9,0.7059751152992249,0.388271689414978,-0.0179717242717742
11,0,10,0.6829995512962341,0.3413841426372528,-0.0380938872694969
11,0,11,0.6637853384017944,0.3098620772361755,-0.0496294684708118
11,0,12,0.6488869786262512,0.2854497134685516,-0.0536856092512607
11,0,13,0.7194905281066895,0.3987947404384613,-0.0274776183068752
11,0,14,0.668952226638794,0.3964785635471344,-0.0508601404726505
11,0,15,0.6575998067855835,0.4256753325462341,-0.050503421574831
11,0,16,0.6593443155288696,0.4485206007957458,-0.0425033569335937
11,0,17,0.7243265509605408,0.4192877411842346,-0.0382399223744869
11,0,18,0.6796032190322876,0.423797458410263,-0.0527763813734054
11,0,19,0.671006441116333,0.4459817707538605,-0.0477187372744083
11,0,20,0.6755397319793701,0.4636622667312622,-0.0388404950499534
11,0,21,0.5832143425941467,0.2856671810150146,-0.5399389863014221
11,0,22,0.5717039108276367,0.2503575682640075,-0.4633988738059997
11,0,23,0.5917282700538635,0.3359055519104004,-0.3961323201656341
11,1,0,0.0,0.0,0.0
11,1,1,0.0,0.0,0.0
11,1,2,0.0,0.0,0.0
11,1,3,0.0,0.0,0.0
11,1,4,0.0,0.0,0.0
11,1,5,0.0,0.0,0.0
11,1,6,0.0,0.0,0.0
11,1,7,0.0,0.0,0.0
11,1,8,0.0,0.0,0.0
11,1,9,0.0,0.0,0.0
11,1,10,0.0,0.0,0.0
11,1,11,0.0,0.0,0.0
11,1,12,0.0,0.0,0.0
11,1,13,0.0,0.0,0.0
11,1,14,0.0,0.0,0.0
11,1,15,0.0,0.0,0.0
11,1,16,0.0,0.0,0.0
11,1,17,0.0,0.0,0.0
11,1,18,0.0,0.0,0.0
11,1,19,0.0,0.0,0.0
11,1,20,0.0,0.0,0.0
11,1,21,0.5832143425941467,0.2856671810150146,-0.5399389863014221
11,1,22,0.5291349291801453,0.2584021687507629,-0.5533785223960876
11,1,23,0.5568386912345886,0.3401780128479004,-0.5139830112457275
12,0,0,0.7209898233413696,0.4903353750705719,2.9741590878984425e-07
12,0,1,0.6820526719093323,0.4774119257926941,-0.0113045666366815
12,0,2,0.6599069237709045,0.4497188627719879,-0.0215583555400371
12,0,3,0.649189293384552,0.4254422783851623,-0.0335859581828117
12,0,4,0.6459323763847351,0.4033712744712829,-0.0446405969560146
12,0,5,0.6808305382728577,0.3848993182182312,-0.0143299270421266
12,0,6,0.6657282710075378,0.343288242816925,-0.0324996039271354
12,0,7,0.651271402835846,0.3125690817832947,-0.0444491244852542
12,0,8,0.640856146812439,0.2888986468315124,-0.051074955612421
12,0,9,0.6965975165367126,0.3825174272060394,-0.020478431135416
12,0,10,0.6731189489364624,0.337420254945755,-0.0401279889047145
12,0,11,0.6535608768463135,0.3068155646324157,-0.050834272056818
12,0,12,0.6379859447479248,0.2834780216217041,-0.0545287653803825
12,0,13,0.7095367908477783,0.3917701244354248,-0.0277412720024585
12,0,14,0.6601642370223999,0.3879397511482239,-0.0503177568316459
12,0,15,0.649143636226654,0.41582190990448,-0.0493621453642845
12,0,16,0.6506884098052979,0.4386810660362243,-0.0413227416574955
12,0,17,0.7145269513130188,0.4117132425308227,-0.0363990887999534
12,0,18,0.6704733371734619,0.4181273281574249,-0.0518877729773521
12,0,19,0.6624641418457031,0.44007608294487,-0.0477395094931125
12,0,20,0.6668441295623779,0.4584138691425323,-0.0393509082496166
12,0,21,0.5846618413925171,0.2957229018211365,-0.5490466952323914
12,0,22,0.5727300643920898,0.2594327926635742,-0.4696581959724426
12,0,23,0.5930286645889282,0.3437733650207519,-0.4009268581867218
12,1,0,0.0,0.0,0.0
12,1,1,0.0,0.0,0.0
12,1,2,0.0,0.0,0.0
12,1,3,0.0,0.0,0.0
12,1,4,0.0,0.0,0.0
12,1,5,0.0,0.0,0.0
12,1,6,0.0,0.0,0.0
12,1,7,0.0,0.0,0.0
12,1,8,0.0,0.0,0.0
12,1,9,0.0,0.0,0.0
12,1,10,0.0,0.0,0.0
12,1,11,0.0,0.0,0.0
12,1,12,0.0,0.0,0.0
12,1,13,0.0,0.0,0.0
12,1,14,0.0,0.0,0.0
12,1,15,0.0,0.0,0.0
12,1,16,0.0,0.0,0.0
12,1,17,0.0,0.0,0.0
12,1,18,0.0,0.0,0.0
12,1,19,0.0,0.0,0.0
12,1,20,0.0,0.0,0.0
12,1,21,0.5846618413925171,0.2957229018211365,-0.5490466952323914
12,1,22,0.5315593481063843,0.2669271826744079,-0.5636271238327026
12,1,23,0.5590877532958984,0.3458888530731201,-0.5238963961601257
16,0,0,0.7045660018920898,0.4735749363899231,3.0913832915757666e-07
16,0,1,0.662871241569519,0.4617273211479187,-0.0083201192319393
16,0,2,0.6388266086578369,0.4361166954040527,-0.017449501901865
16,0,3,0.6257194876670837,0.4164167046546936,-0.0294422060251235
16,0,4,0.6210401058197021,0.396062284708023,-0.0406442657113075
16,0,5,0.6514058709144592,0.3693288564682007,-0.0089414305984973
16,0,6,0.6297374367713928,0.3327145874500274,-0.0268516819924116
16,0,7,0.6134883165359497,0.305176705121994,-0.0392096787691116
16,0,8,0.6019604802131653,0.2832208275794983,-0.0462058521807193
16,0,9,0.6658146381378174,0.365672618150711,-0.0167359728366136
16,0,10,0.6393057703971863,0.3248515427112579,-0.0362527854740619
16,0,11,0.6192871332168579,0.2976725101470947,-0.0478464663028717
16,0,12,0.603236973285675,0.2763213515281677,-0.0522030554711818
16,0,13,0.6791950464248657,0.3735008835792541,-0.0256892126053571
16,0,14,0.6298860907554626,0.3767277300357818,-0.0484601855278015
16,0,15,0.6254345178604126,0.406913548707962,-0.0477759577333927
16,0,16,0.6317121982574463,0.4289163947105407,-0.0396860018372535
16,0,17,0.6857818365097046,0.3927545249462127,-0.0358339436352252
16,0,18,0.6424314975738525,0.403337150812149,-0.0505970679223537
16,0,19,0.638147234916687,0.426757663488388,-0.0460872948169708
16,0,20,0.6441948413848877,0.4439765810966491,-0.0376066304743289
16,0,21,0.5841408967971802,0.2828189730644226,-0.5924659967422485
16,0,22,0.5666148066520691,0.2517012357711792,-0.5143282413482666
16,0,23,0.5935064554214478,0.3286054134368896,-0.4397551715373993
16,1,0,0.0,0.0,0.0
16,1,1,0.0,0.0,0.0
16,1,2,0.0,0.0,0.0
16,1,3,0.0,0.0,0.0
16,1,4,0.0,0.0,0.0
16,1,5,0.0,0.0,0.0
16,1,6,0.0,0.0,0.0
16,1,7,0.0,0.0,0.0
16,1,8,0.0,0.0,0.0
16,1,9,0.0,0.0,0.0
16,1,10,0.0,0.0,0.0
16,1,11,0.0,0.0,0.0
16,1,12,0.0,0.0,0.0
16,1,13,0.0,0.0,0.0
16,1,14,0.0,0.0,0.0
16,1,15,0.0,0.0,0.0
16,1,16,0.0,0.0,0.0
16,1,17,0.0,0.0,0.0
16,1,18,0.0,0.0,0.0
16,1,19,0.0,0.0,0.0
16,1,20,0.0,0.0,0.0
16,1,21,0.5841408967971802,0.2828189730644226,-0.5924659967422485
16,1,22,0.526214063167572,0.2614044547080993,-0.6127521991729736
16,1,23,0.5615820288658142,0.334654152393341,-0.5676199793815613
18,0,0,0.7038515210151672,0.4674804508686065,3.1840986025599705e-07
18,0,1,0.662294864654541,0.4583142399787903,-0.0081675685942173
18,0,2,0.637962818145752,0.4320654273033142,-0.0160178132355213
18,0,3,0.6262130737304688,0.4101310670375824,-0.0263529382646083
18,0,4,0.6194388270378113,0.3905512988567352,-0.0361550971865654
18,0,5,0.6498924493789673,0.3673397004604339,-0.0099615268409252
18,0,6,0.628231406211853,0.3291498124599457,-0.0260635390877723
18,0,7,0.6104342937469482,0.3029338419437408,-0.0366288311779499
18,0,8,0.5964893698692322,0.2826404273509979,-0.0422151610255241
18,0,9,0.663367748260498,0.3631671965122223,-0.0166662577539682
18,0,10,0.6343355178833008,0.3206125199794769,-0.0345101989805698
18,0,11,0.6123404502868652,0.2928129434585571,-0.0451745502650737
18,0,12,0.5944960713386536,0.2722276449203491,-0.048767689615488
18,0,13,0.6762661933898926,0.3698324859142303,-0.0242238640785217
18,0,14,0.6266178488731384,0.3717279732227325,-0.0461254864931106
18,0,15,0.6174017786979675,0.4010101556777954,-0.0469804257154464
18,0,16,0.6195626854896545,0.4247389733791351,-0.0399719253182411
18,0,17,0.6826788783073425,0.3879367411136627,-0.0327168516814708
18,0,18,0.6411247253417969,0.3994148969650268,-0.04680797457695
18,0,19,0.6360138058662415,0.4206873774528503,-0.0430942326784133
18,0,20,0.6419799327850342,0.4375444650650024,-0.0352758802473545
18,0,21,0.5793526768684387,0.2839385271072387,-0.5273100137710571
18,0,22,0.5615158081054688,0.2513969540596008,-0.4519470930099487
18,0,23,0.5891375541687012,0.3299037218093872,-0.380770742893219
18,1,0,0.0,0.0,0.0
18,1,1,0.0,0.0,0.0
18,1,2,0.0,0.0,0.0
18,1,3,0.0,0.0,0.0
18,1,4,0.0,0.0,0.0
18,1,5,0.0,0.0,0.0
18,1,6,0.0,0.0,0.0
18,1,7,0.0,0.0,0.0
18,1,8,0.0,0.0,0.0
18,1,9,0.0,0.0,0.0
18,1,10,0.0,0.0,0.0
18,1,11,0.0,0.0,0.0
18,1,12,0.0,0.0,0.0
18,1,13,0.0,0.0,0.0
18,1,14,0.0,0.0,0.0
18,1,15,0.0,0.0,0.0
18,1,16,0.0,0.0,0.0
18,1,17,0.0,0.0,0.0
18,1,18,0.0,0.0,0.0
18,1,19,0.0,0.0,0.0
18,1,20,0.0,0.0,0.0
18,1,21,0.5793526768684387,0.2839385271072387,-0.5273100137710571
18,1,22,0.5204648375511169,0.261527955532074,-0.5526987910270691
18,1,23,0.5567245483398438,0.3352906703948974,-0.5105961561203003
19,0,0,0.7013305425643921,0.4670923948287964,3.054473154406878e-07
19,0,1,0.6615703105926514,0.4586145877838135,-0.0082867322489619
19,0,2,0.6389191150665283,0.4314684867858886,-0.0160236675292253
19,0,3,0.6279729008674622,0.4092705845832824,-0.0261834561824798
19,0,4,0.621467649936676,0.3893432319164276,-0.035764142870903
19,0,5,0.6486820578575134,0.3681592941284179,-0.0093042971566319
19,0,6,0.626205563545227,0.3329927325248718,-0.0261265505105257
19,0,7,0.6091748476028442,0.3083014190196991,-0.037293866276741
19,0,8,0.5956368446350098,0.2885459661483764,-0.0432289168238639
19,0,9,0.6623594164848328,0.3633384108543396,-0.0159666631370782
19,0,10,0.6341618895530701,0.3217298984527588,-0.0344319529831409
19,0,11,0.6128078103065491,0.2944844365119934,-0.0453103184700012
19,0,12,0.595113217830658,0.2740378975868225,-0.0489402525126934
19,0,13,0.6752460598945618,0.3695467412471771,-0.0236243978142738
19,0,14,0.6256383657455444,0.3698578774929046,-0.046289287507534
19,0,15,0.616244912147522,0.3988615572452545,-0.0469369627535343
19,0,16,0.6176539063453674,0.4222675561904907,-0.039589274674654
19,0,17,0.681498646736145,0.3872579634189605,-0.0322515405714511
19,0,18,0.640626072883606,0.397477775812149,-0.0469034276902675
19,0,19,0.6358709335327148,0.4197490513324737,-0.043199423700571
19,0,20,0.6413266658782959,0.4375205039978027,-0.0352641865611076
19,0,21,0.5809801816940308,0.2809981107711792,-0.4515825510025024
19,0,22,0.5581871271133423,0.2500854730606079,-0.3840365707874298
19,0,23,0.5876229405403137,0.3255876302719116,-0.3187515139579773
19,1,0,0.0,0.0,0.0
19,1,1,0.0,0.0,0.0
19,1,2,0.0,0.0,0.0
19,1,3,0.0,0.0,0.0
19,1,4,0.0,0.0,0.0
19,1,5,0.0,0.0,0.0
19,1,6,0.0,0.0,0.0
19,1,7,0.0,0.0,0.0
19,1,8,0.0,0.0,0.0
19,1,9,0.0,0.0,0.0
19,1,10,0.0,0.0,0.0
19,1,11,0.0,0.0,0.0
19,1,12,0.0,0.0,0.0
19,1,13,0.0,0.0,0.0
19,1,14,0.0,0.0,0.0
19,1,15,0.0,0.0,0.0
19,1,16,0.0,0.0,0.0
19,1,17,0.0,0.0,0.0
19,1,18,0.0,0.0,0.0
19,1,19,0.0,0.0,0.0
19,1,20,0.0,0.0,0.0
19,1,21,0.5809801816940308,0.2809981107711792,-0.4515825510025024
19,1,22,0.5213764309883118,0.2581048011779785,-0.4842889308929443
19,1,23,0.5579748153686523,0.3318464756011963,-0.4490685760974884
20,0,0,0.6980487704277039,0.4649746119976043,3.106575832134695e-07
20,0,1,0.6579387187957764,0.4563488960266113,-0.0088550327345728
20,0,2,0.633909285068512,0.4314388930797577,-0.0172317009419202
20,0,3,0.6204935908317566,0.4104391038417816,-0.0278336331248283
20,0,4,0.6152521967887878,0.3903569281101227,-0.037623293697834
20,0,5,0.6490890979766846,0.3664239048957824,-0.010367571376264
20,0,6,0.6261032819747925,0.329874187707901,-0.0271066091954708
20,0,7,0.6077975034713745,0.3032510876655578,-0.0379582792520523
20,0,8,0.5941678285598755,0.2822141647338867,-0.0440031848847866
20,0,9,0.6615873575210571,0.3620361983776092,-0.0171403121203184
20,0,10,0.6314446330070496,0.3208948969841003,-0.0361624471843242
20,0,11,0.6082960963249207,0.2939922213554382,-0.0469771511852741
20,0,12,0.5895634889602661,0.2739090919494629,-0.0505972541868686
20,0,13,0.6735153198242188,0.3686221837997436,-0.0249254815280437
20,0,14,0.6232011318206787,0.3685235679149627,-0.0478944443166255
20,0,15,0.6126459836959839,0.3965813517570495,-0.0483306758105754
20,0,16,0.6133491396903992,0.4194704294204712,-0.0410020351409912
20,0,17,0.6793067455291748,0.3871147930622101,-0.0338058359920978
20,0,18,0.6378409266471863,0.3986956179141998,-0.049140878021717
20,0,19,0.6307659149169922,0.4200799465179443,-0.046199694275856
20,0,20,0.6339783072471619,0.436967134475708,-0.0388523750007152
20,0,21,0.5797445774078369,0.282324731349945,-0.5327343344688416
20,0,22,0.5552485585212708,0.249940276145935,-0.4633077085018158
20,0,23,0.5869928598403931,0.3280801773071289,-0.3942883610725403
20,1,0,0.0,0.0,0.0
20,1,1,0.0,0.0,0.0
20,1,2,0.0,0.0,0.0
20,1,3,0.0,0.0,0.0
20,1,4,0.0,0.0,0.0
20,1,5,0.0,0.0,0.0
20,1,6,0.0,0.0,0.0
20,1,7,0.0,0.0,0.0
20,1,8,0.0,0.0,0.0
20,1,9,0.0,0.0,0.0
20,1,10,0.0,0.0,0.0
20,1,11,0.0,0.0,0.0
20,1,12,0.0,0.0,0.0
20,1,13,0.0,0.0,0.0
20,1,14,0.0,0.0,0.0
20,1,15,0.0,0.0,0.0
20,1,16,0.0,0.0,0.0
20,1,17,0.0,0.0,0.0
20,1,18,0.0,0.0,0.0
20,1,19,0.0,0.0,0.0
20,1,20,0.0,0.0,0.0
20,1,21,0.5797445774078369,0.282324731349945,-0.5327343344688416
20,1,22,0.5205485820770264,0.2590011358261108,-0.5597831606864929
20,1,23,0.5587084293365479,0.3342729210853576,-0.5204669237136841
21,0,0,0.6980980634689331,0.4641966521739959,3.007460236403859e-07
21,0,1,0.6603700518608093,0.4574132859706878,-0.008942512795329
21,0,2,0.6363543272018433,0.4337155222892761,-0.0174747388809919
21,0,3,0.6215553283691406,0.4153908491134643,-0.0286267101764678
21,0,4,0.6142116785049438,0.3965171575546264,-0.0390723049640655
21,0,5,0.6437017321586609,0.3672389090061188,-0.0094252182170748
21,0,6,0.618542492389679,0.3317134380340576,-0.0269920453429222
21,0,7,0.6001668572425842,0.3050980865955353,-0.0386456921696662
21,0,8,0.5869606137275696,0.2839692831039428,-0.0451133213937282
21,0,9,0.6566758751869202,0.3618521690368652,-0.0163721516728401
21,0,10,0.6271858215332031,0.3208116888999939,-0.0362616367638111
21,0,11,0.6046810150146484,0.2934279441833496,-0.0482983998954296
21,0,12,0.5870729684829712,0.2719001770019531,-0.0525652952492237
21,0,13,0.6694209575653076,0.3677123785018921,-0.0243585351854562
21,0,14,0.6202248930931091,0.3675671815872192,-0.0480377934873104
21,0,15,0.6128932237625122,0.3977196812629699,-0.048240203410387
21,0,16,0.6165734529495239,0.4208695590496063,-0.0402728803455829
21,0,17,0.6761270761489868,0.3851170837879181,-0.0334451906383037
21,0,18,0.6347971558570862,0.3971787691116333,-0.0487649962306022
21,0,19,0.6308918595314026,0.4198331534862518,-0.0450512953102588
21,0,20,0.6374019384384155,0.4367800951004028,-0.0368494130671024
21,0,21,0.577478289604187,0.2809169292449951,-0.4626033306121826
21,0,22,0.5554072856903076,0.2488737106323242,-0.399286687374115
21,0,23,0.5872951149940491,0.3255774974822998,-0.3340965509414673
21,1,0,0.0,0.0,0.0
21,1,1,0.0,0.0,0.0
21,1,2,0.0,0.0,0.0
21,1,3,0.0,0.0,0.0
21,1,4,0.0,0.0,0.0
21,1,5,0.0,0.0,0.0
21,1,6,0.0,0.0,0.0
21,1,7,0.0,0.0,0.0
21,1,8,0.0,0.0,0.0
21,1,9,0.0,0.0,0.0
21,1,10,0.0,0.0,0.0
21,1,11,0.0,0.0,0.0
21,1,12,0.0,0.0,0.0
21,1,13,0.0,0.0,0.0
21,1,14,0.0,0.0,0.0
21,1,15,0.0,0.0,0.0
21,1,16,0.0,0.0,0.0
21,1,17,0.0,0.0,0.0
21,1,18,0.0,0.0,0.0
21,1,19,0.0,0.0,0.0
21,1,20,0.0,0.0,0.0
21,1,21,0.577478289604187,0.2809169292449951,-0.4626033306121826
21,1,22,0.5168213248252869,0.2607585191726684,-0.4934073984622955
21,1,23,0.5562406778335571,0.3328667879104614,-0.4566616415977478
22,0,0,0.6971465349197388,0.4626873731613159,3.3244984365410346e-07
22,0,1,0.6560988426208496,0.454433798789978,-0.0088987266644835
22,0,2,0.6323068141937256,0.4318731129169464,-0.0187163911759853
22,0,3,0.6185375452041626,0.412840336561203,-0.0308766048401594
22,0,4,0.6138328909873962,0.3950597941875458,-0.0423160158097744
22,0,5,0.6453575491905212,0.3656902611255646,-0.0125694228336215
22,0,6,0.6211978793144226,0.3305709362030029,-0.0298614688217639
22,0,7,0.6036299467086792,0.3048197627067566,-0.0416711755096912
22,0,8,0.5902674198150635,0.2840866148471832,-0.0483125112950801
22,0,9,0.6576218008995056,0.3621190786361694,-0.0195779968053102
22,0,10,0.6257309317588806,0.3221321403980255,-0.0384727753698825
22,0,11,0.6028779745101929,0.2939729988574981,-0.0493926145136356
22,0,12,0.5844423174858093,0.2728404700756073,-0.0534119382500648
22,0,13,0.6688718199729919,0.3695283532142639,-0.0273848306387662
22,0,14,0.6195597648620605,0.3713780343532562,-0.0491536706686019
22,0,15,0.611804187297821,0.3989928364753723,-0.0486453212797641
22,0,16,0.6149563193321228,0.4218688607215881,-0.0409891754388809
22,0,17,0.6741181015968323,0.388480395078659,-0.0363716594874858
22,0,18,0.6337559223175049,0.3983683288097381,-0.0506565533578395
22,0,19,0.6282888650894165,0.4192695319652557,-0.0464479327201843
22,0,20,0.632742702960968,0.4371138513088226,-0.0383041128516197
22,0,21,0.5764611959457397,0.2748790383338928,-0.4998592734336853
22,0,22,0.5523279309272766,0.2451305389404297,-0.4313337802886963
22,0,23,0.5868282318115234,0.3212259411811828,-0.3659000098705292
22,1,0,0.0,0.0,0.0
22,1,1,0.0,0.0,0.0
22,1,2,0.0,0.0,0.0
22,1,3,0.0,0.0,0.0
22,1,4,0.0,0.0,0.0
22,1,5,0.0,0.0,0.0
22,1,6,0.0,0.0,0.0
22,1,7,0.0,0.0,0.0
22,1,8,0.0,0.0,0.0
22,1,9,0.0,0.0,0.0
22,1,10,0.0,0.0,0.0
22,1,11,0.0,0.0,0.0
22,1,12,0.0,0.0,0.0
22,1,13,0.0,0.0,0.0
22,1,14,0.0,0.0,0.0
22,1,15,0.0,0.0,0.0
22,1,16,0.0,0.0,0.0
22,1,17,0.0,0.0,0.0
22,1,18,0.0,0.0,0.0
22,1,19,0.0,0.0,0.0
22,1,20,0.0,0.0,0.0
22,1,21,0.5764611959457397,0.2748790383338928,-0.4998592734336853
22,1,22,0.5157231688499451,0.2543146014213562,-0.5289766788482666
22,1,23,0.5569556355476379,0.3266197443008423,-0.4926178455352783
25,0,0,0.6925234198570251,0.4594189822673797,2.983544220569456e-07
25,0,1,0.6515317559242249,0.4509316384792328,-0.0069910148158669
25,0,2,0.6297409534454346,0.4255238473415375,-0.0140650141984224
25,0,3,0.6174265742301941,0.40323007106781,-0.0234943404793739
25,0,4,0.6090668439865112,0.3834612071514129,-0.0323733352124691
25,0,5,0.643173336982727,0.363856554031372,-0.0096259247511625
25,0,6,0.6200481057167053,0.3304133713245392,-0.0251806527376174
25,0,7,0.6015647053718567,0.305879533290863,-0.0353476703166961
25,0,8,0.5871893167495728,0.2863843441009521,-0.040681418031454
25,0,9,0.655472993850708,0.3596016764640808,-0.015962990000844
25,0,10,0.6243962049484253,0.3214912712574005,-0.0335023775696754
25,0,11,0.6007243394851685,0.2948424518108368,-0.0434674248099327
25,0,12,0.5810573101043701,0.2756681442260742,-0.0465696081519126
25,0,13,0.6670653820037842,0.3655644059181213,-0.0230021029710769
25,0,14,0.6158109903335571,0.3698420822620392,-0.0440516322851181
25,0,15,0.6060359477996826,0.3983612656593323,-0.0445007942616939
25,0,16,0.6071680188179016,0.4224275052547455,-0.037360280752182
25,0,17,0.6729697585105896,0.382672518491745,-0.0309946965426206
25,0,18,0.630760669708252,0.3953585028648376,-0.0446383133530616
25,0,19,0.6218444108963013,0.4164914190769195,-0.041692815721035
25,0,20,0.6228719353675842,0.4348597526550293,-0.0344920977950096
25,0,21,0.5656450390815735,0.2763362526893616,-0.5001411437988281
25,0,22,0.5424409508705139,0.2456596493721008,-0.4290826320648193
25,0,23,0.5739549994468689,0.3251971006393432,-0.3583489954471588
25,1,0,0.0,0.0,0.0
25,1,1,0.0,0.0,0.0
25,1,2,0.0,0.0,0.0
25,1,3,0.0,0.0,0.0
25,1,4,0.0,0.0,0.0
25,1,5,0.0,0.0,0.0
25,1,6,0.0,0.0,0.0
25,1,7,0.0,0.0,0.0
25,1,8,0.0,0.0,0.0
25,1,9,0.0,0.0,0.0
25,1,10,0.0,0.0,0.0
25,1,11,0.0,0.0,0.0
25,1,12,0.0,0.0,0.0
25,1,13,0.0,0.0,0.0
25,1,14,0.0,0.0,0.0
25,1,15,0.0,0.0,0.0
25,1,16,0.0,0.0,0.0
25,1,17,0.0,0.0,0.0
25,1,18,0.0,0.0,0.0
25,1,19,0.0,0.0,0.0
25,1,20,0.0,0.0,0.0
25,1,21,0.5656450390815735,0.2763362526893616,-0.5001411437988281
25,1,22,0.5060360431671143,0.2541857361793518,-0.5250066518783569
25,1,23,0.5425214171409607,0.3297252655029297,-0.482557088136673
28,0,0,0.0,0.0,0.0
28,0,1,0.0,0.0,0.0
28,0,2,0.0,0.0,0.0
28,0,3,0.0,0.0,0.0
28,0,4,0.0,0.0,0.0
28,0,5,0.0,0.0,0.0
28,0,6,0.0,0.0,0.0
28,0,7,0.0,0.0,0.0
28,0,8,0.0,0.0,0.0
28,0,9,0.0,0.0,0.0
28,0,10,0.0,0.0,0.0
28,0,11,0.0,0.0,0.0
28,0,12,0.0,0.0,0.0
28,0,13,0.0,0.0,0.0
28,0,14,0.0,0.0,0.0
28,0,15,0.0,0.0,0.0
28,0,16,0.0,0.0,0.0
28,0,17,0.0,0.0,0.0
28,0,18,0.0,0.0,0.0
28,0,19,0.0,0.0,0.0
28,0,20,0.0,0.0,0.0
28,0,21,0.5672436952590942,0.2814546823501587,-0.4795854091644287
28,0,22,0.5457859039306641,0.2495537400245666,-0.4118405878543854
28,0,23,0.5747289657592773,0.3307678699493408,-0.3482352793216705
28,1,0,0.0,0.0,0.0
28,1,1,0.0,0.0,0.0
28,1,2,0.0,0.0,0.0
28,1,3,0.0,0.0,0.0
28,1,4,0.0,0.0,0.0
28,1,5,0.0,0.0,0.0
28,1,6,0.0,0.0,0.0
28,1,7,0.0,0.0,0.0
28,1,8,0.0,0.0,0.0
28,1,9,0.0,0.0,0.0
28,1,10,0.0,0.0,0.0
28,1,11,0.0,0.0,0.0
28,1,12,0.0,0.0,0.0
28,1,13,0.0,0.0,0.0
28,1,14,0.0,0.0,0.0
28,1,15,0.0,0.0,0.0
28,1,16,0.0,0.0,0.0
28,1,17,0.0,0.0,0.0
28,1,18,0.0,0.0,0.0
28,1,19,0.0,0.0,0.0
28,1,20,0.0,0.0,0.0
28,1,21,0.5672436952590942,0.2814546823501587,-0.4795854091644287
28,1,22,0.5061588287353516,0.2574251890182495,-0.5039557814598083
28,1,23,0.5428988337516785,0.3352241516113281,-0.4671461880207062
29,0,0,0.0,0.0,0.0
29,0,1,0.0,0.0,0.0
29,0,2,0.0,0.0,0.0
29,0,3,0.0,0.0,0.0
29,0,4,0.0,0.0,0.0
29,0,5,0.0,0.0,0.0
29,0,6,0.0,0.0,0.0
29,0,7,0.0,0.0,0.0
29,0,8,0.0,0.0,0.0
29,0,9,0.0,0.0,0.0
29,0,10,0.0,0.0,0.0
29,0,11,0.0,0.0,0.0
29,0,12,0.0,0.0,0.0
29,0,13,0.0,0.0,0.0
29,0,14,0.0,0.0,0.0
29,0,15,0.0,0.0,0.0
29,0,16,0.0,0.0,0.0
29,0,17,0.0,0.0,0.0
29,0,18,0.0,0.0,0.0
29,0,19,0.0,0.0,0.0
29,0,20,0.0,0.0,0.0
29,0,21,0.5676490068435669,0.2751661539077759,-0.5115618705749512
29,0,22,0.5436441898345947,0.2460466027259826,-0.443354457616806
29,0,23,0.5748156309127808,0.3237375020980835,-0.3738026022911072
29,1,0,0.0,0.0,0.0
29,1,1,0.0,0.0,0.0
29,1,2,0.0,0.0,0.0
29,1,3,0.0,0.0,0.0
29,1,4,0.0,0.0,0.0
29,1,5,0.0,0.0,0.0
29,1,6,0.0,0.0,0.0
29,1,7,0.0,0.0,0.0
29,1,8,0.0,0.0,0.0
29,1,9,0.0,0.0,0.0
29,1,10,0.0,0.0,0.0
29,1,11,0.0,0.0,0.0
29,1,12,0.0,0.0,0.0
29,1,13,0.0,0.0,0.0
29,1,14,0.0,0.0,0.0
29,1,15,0.0,0.0,0.0
29,1,16,0.0,0.0,0.0
29,1,17,0.0,0.0,0.0
29,1,18,0.0,0.0,0.0
29,1,19,0.0,0.0,0.0
29,1,20,0.0,0.0,0.0
29,1,21,0.5676490068435669,0.2751661539077759,-0.5115618705749512
29,1,22,0.5065892338752747,0.2534663081169128,-0.5343980193138123
29,1,23,0.5439282655715942,0.3283361196517944,-0.4926638007164001
30,0,0,0.0,0.0,0.0
30,0,1,0.0,0.0,0.0
30,0,2,0.0,0.0,0.0
30,0,3,0.0,0.0,0.0
30,0,4,0.0,0.0,0.0
30,0,5,0.0,0.0,0.0
30,0,6,0.0,0.0,0.0
30,0,7,0.0,0.0,0.0
30,0,8,0.0,0.0,0.0
30,0,9,0.0,0.0,0.0
30,0,10,0.0,0.0,0.0
30,0,11,0.0,0.0,0.0
30,0,12,0.0,0.0,0.0
30,0,13,0.0,0.0,0.0
30,0,14,0.0,0.0,0.0
30,0,15,0.0,0.0,0.0
30,0,16,0.0,0.0,0.0
30,0,17,0.0,0.0,0.0
30,0,18,0.0,0.0,0.0
30,0,19,0.0,0.0,0.0
30,0,20,0.0,0.0,0.0
30,0,21,0.5734109282493591,0.2745387554168701,-0.5389204621315002
30,0,22,0.5455873012542725,0.246153175830841,-0.4653288424015045
30,0,23,0.5787531733512878,0.3216044306755066,-0.3949361741542816
30,1,0,0.0,0.0,0.0
30,1,1,0.0,0.0,0.0
30,1,2,0.0,0.0,0.0
30,1,3,0.0,0.0,0.0
30,1,4,0.0,0.0,0.0
30,1,5,0.0,0.0,0.0
30,1,6,0.0,0.0,0.0
30,1,7,0.0,0.0,0.0
30,1,8,0.0,0.0,0.0
30,1,9,0.0,0.0,0.0
30,1,10,0.0,0.0,0.0
30,1,11,0.0,0.0,0.0
30,1,12,0.0,0.0,0.0
30,1,13,0.0,0.0,0.0
30,1,14,0.0,0.0,0.0
30,1,15,0.0,0.0,0.0
30,1,16,0.0,0.0,0.0
30,1,17,0.0,0.0,0.0
30,1,18,0.0,0.0,0.0
30,1,19,0.0,0.0,0.0
30,1,20,0.0,0.0,0.0
30,1,21,0.5734109282493591,0.2745387554168701,-0.5389204621315002
30,1,22,0.5120573043823242,0.2534786462783813,-0.5676263570785522
30,1,23,0.5517710447311401,0.3267621994018554,-0.5275943279266357
32,0,0,0.6926960945129395,0.4588700830936432,3.079031216657313e-07
32,0,1,0.6528509855270386,0.4510586261749267,-0.0070899687707424
32,0,2,0.6304876804351807,0.4259874820709228,-0.0142671884968876
32,0,3,0.6182863712310791,0.4037348628044128,-0.0240033566951751
32,0,4,0.6109891533851624,0.3847445547580719,-0.0331347957253456
32,0,5,0.6408505439758301,0.3646227419376373,-0.009017726406455
32,0,6,0.6185100078582764,0.3307640850543976,-0.0250544287264347
32,0,7,0.5996878743171692,0.3054803609848022,-0.0356940701603889
32,0,8,0.5851519703865051,0.2856417000293731,-0.0413545668125152
32,0,9,0.6525158882141113,0.3597951531410217,-0.0157034490257501
32,0,10,0.6225101947784424,0.3211304545402527,-0.0333619602024555
32,0,11,0.5996541976928711,0.2932636141777038,-0.0433867238461971
32,0,12,0.5803607702255249,0.2730566263198852,-0.0464739874005317
32,0,13,0.6643319725990295,0.3655075132846832,-0.0231965314596891
32,0,14,0.6134228706359863,0.3689002990722656,-0.0440504476428031
32,0,15,0.6049277782440186,0.3968602120876312,-0.0439310856163501
32,0,16,0.6073015332221985,0.4204872250556946,-0.0363858230412006
32,0,17,0.6704702377319336,0.3827358186244964,-0.0318215265870094
32,0,18,0.6287726163864136,0.3961380422115326,-0.0450683385133743
32,0,19,0.62024986743927,0.4165255129337311,-0.0418495573103427
32,0,20,0.6218494772911072,0.4339264631271362,-0.0344617329537868
32,0,21,0.5759297609329224,0.2810717821121216,-0.510460376739502
32,0,22,0.5500460267066956,0.2496022582054138,-0.4385428428649902
32,0,23,0.5818430185317993,0.3272092342376709,-0.366890400648117
32,1,0,0.0,0.0,0.0
32,1,1,0.0,0.0,0.0
32,1,2,0.0,0.0,0.0
32,1,3,0.0,0.0,0.0
32,1,4,0.0,0.0,0.0
32,1,5,0.0,0.0,0.0
32,1,6,0.0,0.0,0.0
32,1,7,0.0,0.0,0.0
32,1,8,0.0,0.0,0.0
32,1,9,0.0,0.0,0.0
32,1,10,0.0,0.0,0.0
32,1,11,0.0,0.0,0.0
32,1,12,0.0,0.0,0.0
32,1,13,0.0,0.0,0.0
32,1,14,0.0,0.0,0.0
32,1,15,0.0,0.0,0.0
32,1,16,0.0,0.0,0.0
32,1,17,0.0,0.0,0.0
32,1,18,0.0,0.0,0.0
32,1,19,0.0,0.0,0.0
32,1,20,0.0,0.0,0.0
32,1,21,0.5759297609329224,0.2810717821121216,-0.510460376739502
32,1,22,0.5166760683059692,0.2580609917640686,-0.5456531047821045
32,1,23,0.5544961094856262,0.33267742395401,-0.5052908062934875
35,0,0,0.0,0.0,0.0
35,0,1,0.0,0.0,0.0
35,0,2,0.0,0.0,0.0
35,0,3,0.0,0.0,0.0
35,0,4,0.0,0.0,0.0
35,0,5,0.0,0.0,0.0
35,0,6,0.0,0.0,0.0
35,0,7,0.0,0.0,0.0
35,0,8,0.0,0.0,0.0
35,0,9,0.0,0.0,0.0
35,0,10,0.0,0.0,0.0
35,0,11,0.0,0.0,0.0
35,0,12,0.0,0.0,0.0
35,0,13,0.0,0.0,0.0
35,0,14,0.0,0.0,0.0
35,0,15,0.0,0.0,0.0
35,0,16,0.0,0.0,0.0
35,0,17,0.0,0.0,0.0
35,0,18,0.0,0.0,0.0
35,0,19,0.0,0.0,0.0
35,0,20,0.0,0.0,0.0
35,0,21,0.5730645656585693,0.2754446268081665,-0.444986343383789
35,0,22,0.5476667284965515,0.2455883026123047,-0.3780845105648041
35,0,23,0.5794891119003296,0.3222649693489074,-0.3138546943664551
35,1,0,0.0,0.0,0.0
35,1,1,0.0,0.0,0.0
35,1,2,0.0,0.0,0.0
35,1,3,0.0,0.0,0.0
35,1,4,0.0,0.0,0.0
35,1,5,0.0,0.0,0.0
35,1,6,0.0,0.0,0.0
35,1,7,0.0,0.0,0.0
35,1,8,0.0,0.0,0.0
35,1,9,0.0,0.0,0.0
35,1,10,0.0,0.0,0.0
35,1,11,0.0,0.0,0.0
35,1,12,0.0,0.0,0.0
35,1,13,0.0,0.0,0.0
35,1,14,0.0,0.0,0.0
35,1,15,0.0,0.0,0.0
35,1,16,0.0,0.0,0.0
35,1,17,0.0,0.0,0.0
35,1,18,0.0,0.0,0.0
35,1,19,0.0,0.0,0.0
35,1,20,0.0,0.0,0.0
35,1,21,0.5730645656585693,0.2754446268081665,-0.444986343383789
35,1,22,0.5146722793579102,0.2532511949539184,-0.4813176095485687
35,1,23,0.551547110080719,0.3264141678810119,-0.4471445679664612
