Frame,Hand,Landmark,X,Y,Z
1,0,0,0.2396713644266128,0.8951753973960876,2.0825143831615382e-09
1,0,1,0.2726640403270721,0.923925757408142,-0.0035002303775399
1,0,2,0.2872695624828338,0.96453595161438,-0.0067274891771376
1,0,3,0.2856922447681427,0.9984810948371888,-0.0094335032626986
1,0,4,0.2805834412574768,1.0229017734527588,-0.0114590274170041
1,0,5,0.2625599801540375,0.977265238761902,-0.013195457868278
1,0,6,0.2601060569286346,1.0198320150375366,-0.0219225045293569
1,0,7,0.2574367225170135,1.040550947189331,-0.0260469187051057
1,0,8,0.2553455233573913,1.0527267456054688,-0.0276602357625961
1,0,9,0.2340299040079116,0.9743905067443848,-0.0163221936672925
1,0,10,0.2287099957466125,1.0176008939743042,-0.0220216866582632
1,0,11,0.2263664007186889,1.0391093492507937,-0.0236252173781394
1,0,12,0.2240676283836364,1.0540117025375366,-0.0246985889971256
1,0,13,0.209487110376358,0.9679555296897888,-0.0195667315274477
1,0,14,0.2011405676603317,1.0093528032302856,-0.0254233293235301
1,0,15,0.1992021352052688,1.032771348953247,-0.024599926546216
1,0,16,0.1973376423120498,1.049869179725647,-0.0234481059014797
1,0,17,0.1903559267520904,0.9597695469856262,-0.0229002684354782
1,0,18,0.1811935305595398,0.9948418140411376,-0.027513375505805
1,0,19,0.1799780428409576,1.0171319246292114,-0.0255406536161899
1,0,20,0.1800089180469513,1.033507227897644,-0.0230036303400993
1,0,24,0.673973560333252,0.5269435048103333,-0.1225370988249778
1,0,25,0.8857207894325256,0.7865530252456665,-0.4119866192340851
1,1,0,0.7069324851036072,0.7355387210845947,3.0271510809143365e-07
1,1,1,0.6844179630279541,0.6851803064346313,-0.0092298667877912
1,1,2,0.640017032623291,0.6647104024887085,-0.0089634852483868
1,1,3,0.6018933653831482,0.6741496920585632,-0.0052636945620179
1,1,4,0.5808468461036682,0.6870841383934021,-0.0009721575770527
1,1,5,0.6125406622886658,0.7011845707893372,-0.0154550792649388
1,1,6,0.561991274356842,0.7037237882614136,-0.0172800216823816
1,1,7,0.5341542363166809,0.7062586545944214,-0.0166420917958021
1,1,8,0.5140056014060974,0.708751916885376,-0.0157982986420393
1,1,9,0.6124395132064819,0.7359662652015686,-0.0105839427560567
1,1,10,0.5597663521766663,0.735235869884491,-0.0122159570455551
1,1,11,0.5321662425994873,0.732678234577179,-0.0108913946896791
1,1,12,0.513658881187439,0.7298967838287354,-0.0093829855322837
1,1,13,0.6166577935218811,0.7605471014976501,-0.0054050311446189
1,1,14,0.5683412551879883,0.7564148306846619,-0.0053437012247741
1,1,15,0.5439077615737915,0.7491757273674011,-0.0041988408192992
1,1,16,0.5276179313659668,0.7425209283828735,-0.0035519839730113
1,1,17,0.6227937936782837,0.7758579254150391,-0.0008085291483439
1,1,18,0.5831201672554016,0.7678067088127136,-0.0002793056191876
1,1,19,0.5632330179214478,0.759643018245697,0.0019932824652642
1,1,20,0.5491740703582764,0.7519088387489319,0.0042091216892004
1,1,24,0.3120548725128174,0.5450594425201416,-0.0777195170521736
1,1,25,0.22664275765419,0.8066215515136719,-0.172677531838417
5,0,0,0.2384131699800491,0.8982046842575073,-3.638525924998248e-08
5,0,1,0.2715733647346496,0.9235910177230836,-0.0034097463358193
5,0,2,0.287853479385376,0.9638358950614928,-0.0063110799528658
5,0,3,0.2881296277046203,0.9968484044075012,-0.0089283436536788
5,0,4,0.2827573418617248,1.0200886726379397,-0.0107881976291537
5,0,5,0.2620420753955841,0.9771005511283876,-0.0103516103699803
5,0,6,0.2606711685657501,1.0159658193588257,-0.0179660934954881
5,0,7,0.259663462638855,1.0337672233581543,-0.0218183100223541
5,0,8,0.2586979269981384,1.0435470342636108,-0.0234954971820116
5,0,9,0.2341559827327728,0.9753363728523254,-0.0131296971812844
5,0,10,0.2300318628549575,1.0141252279281616,-0.0174478646367788
5,0,11,0.2293460518121719,1.0330983400344849,-0.0187789723277091
5,0,12,0.2280932664871215,1.045670986175537,-0.0199265517294406
5,0,13,0.2098602950572967,0.9701752066612244,-0.0162085648626089
5,0,14,0.2029060125350952,1.008252739906311,-0.0210075862705707
5,0,15,0.2020874619483947,1.028656005859375,-0.0197413694113492
5,0,16,0.2009819000959396,1.0431052446365356,-0.0184494983404874
5,0,17,0.19045290350914,0.9633121490478516,-0.0194596275687217
5,0,18,0.1821479201316833,0.9960028529167176,-0.0231086555868387
5,0,19,0.1807231456041336,1.0159703493118286,-0.0208412650972604
5,0,20,0.1801185011863708,1.0303715467453003,-0.0182874072343111
5,0,24,0.6754922866821289,0.5287964344024658,-0.1137814819812774
5,0,25,0.8823016881942749,0.7873071432113647,-0.3695399761199951
5,1,0,0.7061425447463989,0.7382442951202393,2.904156701788452e-07
5,1,1,0.683845043182373,0.6892969608306885,-0.0101269073784351
5,1,2,0.6375624537467957,0.6689152717590332,-0.0105280233547091
5,1,3,0.6000741720199585,0.6767799258232117,-0.0074078221805393
5,1,4,0.5800628066062927,0.6913164258003235,-0.003753830678761
5,1,5,0.6079075932502747,0.7065150141716003,-0.0158252324908971
5,1,6,0.557636022567749,0.7099093198776245,-0.0180544331669807
5,1,7,0.5301096439361572,0.712527334690094,-0.0182047113776206
5,1,8,0.5101748704910278,0.7152140140533447,-0.0180543288588523
5,1,9,0.6095970869064331,0.740812361240387,-0.0109401941299438
5,1,10,0.5578135848045349,0.7419779300689697,-0.0128771150484681
5,1,11,0.5312284231185913,0.7388785481452942,-0.0123682497069239
5,1,12,0.5140756964683533,0.735643744468689,-0.0116463601589202
5,1,13,0.6153444051742554,0.7654012441635132,-0.0058406577445566
5,1,14,0.5673624873161316,0.7635474801063538,-0.0064847040921449
5,1,15,0.5439708232879639,0.7557303309440613,-0.0060731396079063
5,1,16,0.5292157530784607,0.7486317753791809,-0.0060508218593895
5,1,17,0.6224573850631714,0.7805816531181335,-0.0013991125160828
5,1,18,0.5836908221244812,0.7729873657226562,-0.0017141862772405
5,1,19,0.565155029296875,0.764670193195343,-2.2993708626017902e-05
5,1,20,0.552567720413208,0.7569553852081299,0.0016687450697645
5,1,24,0.3160325586795807,0.5471059083938599,-0.0604672506451606
5,1,25,0.2303173243999481,0.8029993772506714,-0.128463327884674
6,0,0,0.2382905632257461,0.8969886898994446,-3.266718806571589e-08
6,0,1,0.2720862030982971,0.9216976165771484,-0.003571203444153
6,0,2,0.2885363698005676,0.9617093205451964,-0.0065656984224915
6,0,3,0.288727730512619,0.9953336715698242,-0.0092298295348882
6,0,4,0.2839994132518768,1.0194733142852783,-0.0110243912786245
6,0,5,0.2627595663070678,0.976521372795105,-0.0104760965332388
6,0,6,0.2604499161243438,1.0163555145263672,-0.01826723664999
6,0,7,0.2595020830631256,1.0339738130569458,-0.0221199356019496
6,0,8,0.2590191662311554,1.0427777767181396,-0.0235647577792406
6,0,9,0.2347766906023025,0.9750798940658568,-0.0130939120426774
6,0,10,0.2300938069820404,1.0146570205688477,-0.0173380505293607
6,0,11,0.2295332551002502,1.0332070589065552,-0.0183794368058443
6,0,12,0.2285239398479461,1.0447897911071775,-0.019196793437004
6,0,13,0.2104396820068359,0.9701734185218812,-0.0160492938011884
6,0,14,0.2028425186872482,1.0088576078414917,-0.0207634940743446
6,0,15,0.2021382749080658,1.0291688442230225,-0.0190717726945877
6,0,16,0.2011528015136718,1.0428762435913086,-0.0173597857356071
6,0,17,0.191003605723381,0.9634661674499512,-0.0192011184990406
6,0,18,0.1821063011884689,0.9971436858177184,-0.0226238761097192
6,0,19,0.1806023120880127,1.017413854598999,-0.0199803411960601
6,0,20,0.18008853495121,1.0314185619354248,-0.017041889950633
6,0,24,0.6758325099945068,0.5311247110366821,-0.1056183725595474
6,0,25,0.8819876909255981,0.7931301593780518,-0.3665997087955475
6,1,0,0.0,0.0,0.0
6,1,1,0.0,0.0,0.0
6,1,2,0.0,0.0,0.0
6,1,3,0.0,0.0,0.0
6,1,4,0.0,0.0,0.0
6,1,5,0.0,0.0,0.0
6,1,6,0.0,0.0,0.0
6,1,7,0.0,0.0,0.0
6,1,8,0.0,0.0,0.0
6,1,9,0.0,0.0,0.0
6,1,10,0.0,0.0,0.0
6,1,11,0.0,0.0,0.0
6,1,12,0.0,0.0,0.0
6,1,13,0.0,0.0,0.0
6,1,14,0.0,0.0,0.0
6,1,15,0.0,0.0,0.0
6,1,16,0.0,0.0,0.0
6,1,17,0.0,0.0,0.0
6,1,18,0.0,0.0,0.0
6,1,19,0.0,0.0,0.0
6,1,20,0.0,0.0,0.0
6,1,24,0.3149694800376892,0.5514125823974609,-0.0829523727297782
6,1,25,0.2363033294677734,0.8175994157791138,-0.1950208395719528
11,0,0,0.2344887554645538,0.8931654095649719,-8.88507258878235e-08
11,0,1,0.2685473263263702,0.9229741096496582,1.207356217491906e-05
11,0,2,0.2836187183856964,0.961506962776184,-0.0019996515475213
11,0,3,0.283230185508728,0.9926538467407228,-0.0046428786590695
11,0,4,0.2787210345268249,1.0146551132202148,-0.0065764244645833
11,0,5,0.2556789219379425,0.9757972955703736,-0.0076332264579832
11,0,6,0.253683477640152,1.0170756578445437,-0.0142352608963847
11,0,7,0.2536356747150421,1.026152729988098,-0.0174437686800956
11,0,8,0.2527240812778473,1.0270662307739258,-0.0183414686471223
11,0,9,0.2281165570020675,0.9729689359664916,-0.0118691325187683
11,0,10,0.2221371233463287,1.013413429260254,-0.0146571146324276
11,0,11,0.2207922786474228,1.026731014251709,-0.0151441637426614
11,0,12,0.2190620750188827,1.0325464010238647,-0.0156000107526779
11,0,13,0.2042457908391952,0.9664135575294496,-0.0160438157618045
11,0,14,0.1959370970726013,1.0053726434707642,-0.0187405403703451
11,0,15,0.194153219461441,1.0226328372955322,-0.015720572322607
11,0,16,0.1923877298831939,1.032795786857605,-0.0134671479463577
11,0,17,0.1853306144475937,0.9581625461578368,-0.0201430208981037
11,0,18,0.1778903901576995,0.99209463596344,-0.0208892971277236
11,0,19,0.1762924343347549,1.0095012187957764,-0.0158863123506307
11,0,20,0.175569549202919,1.0204449892044067,-0.0116143217310309
11,0,24,0.6712813973426819,0.5283603668212891,-0.0786719992756843
11,0,25,0.8568947315216064,0.7781376838684082,-0.2210761755704879
11,1,0,0.7089681029319763,0.8244780898094177,3.0067295142544026e-07
11,1,1,0.6634061932563782,0.7906303405761719,-0.019765431061387
11,1,2,0.6205045580863953,0.7948322296142578,-0.0291513502597808
11,1,3,0.5921486616134644,0.8178432583808899,-0.0326127633452415
11,1,4,0.5758690237998962,0.8375828862190247,-0.036194771528244
11,1,5,0.6173554062843323,0.8407484889030457,-0.0492466278374195
11,1,6,0.5785327553749084,0.8835002183914185,-0.0642991289496421
11,1,7,0.5535820722579956,0.9094156622886658,-0.0702200680971145
11,1,8,0.5339922308921814,0.9296622276306152,-0.0729440450668335
11,1,9,0.6370612382888794,0.8726600408554077,-0.0425075702369213
11,1,10,0.5919126272201538,0.9199127554893494,-0.0599023960530757
11,1,11,0.5599544644355774,0.945704221725464,-0.065898410975933
11,1,12,0.5347160696983337,0.9650148153305054,-0.0679654330015182
11,1,13,0.653122067451477,0.8961237072944641,-0.0345367155969142
11,1,14,0.6083546876907349,0.9384302496910096,-0.0472526587545871
11,1,15,0.5771507620811462,0.9590781331062316,-0.0533059425652027
11,1,16,0.5525485277175903,0.9742647409439088,-0.0555575713515281
11,1,17,0.6639706492424011,0.9094408750534058,-0.0270902495831251
11,1,18,0.6258885264396667,0.9394084215164183,-0.0361532196402549
11,1,19,0.5998278260231018,0.9546220302581788,-0.0401852242648601
11,1,20,0.577914834022522,0.9652138948440552,-0.0414065532386302
11,1,24,0.3108976185321808,0.547518253326416,-0.0359514243900775
11,1,25,0.2319630682468414,0.7991206049919128,-0.2177296429872512
13,0,0,0.2346927672624588,0.8944739103317261,-5.97888742959185e-08
13,0,1,0.2681145370006561,0.9214277863502502,-0.0020306066144257
13,0,2,0.2835531234741211,0.9610223770141602,-0.0046700523234903
13,0,3,0.2822183966636657,0.993152379989624,-0.0074584162794053
13,0,4,0.2772629261016845,1.0155798196792605,-0.0094537185505032
13,0,5,0.2562796473503113,0.9732520580291748,-0.0095261540263891
13,0,6,0.2543072998523712,1.012729287147522,-0.0168291181325912
13,0,7,0.2545479536056518,1.0258095264434814,-0.0206875931471586
13,0,8,0.2547902166843414,1.031233787536621,-0.0223171096295118
13,0,9,0.2289617657661438,0.9708295464515686,-0.0131235076114535
13,0,10,0.2236113101243972,1.009446620941162,-0.0163642838597297
13,0,11,0.2226015031337738,1.0261378288269043,-0.0174479689449071
13,0,12,0.2216274738311767,1.036513090133667,-0.0187085922807455
13,0,13,0.2052441388368606,0.9652820229530334,-0.0168619342148304
13,0,14,0.197554737329483,1.0029175281524658,-0.0204272624105215
13,0,15,0.1958545744419098,1.0222938060760498,-0.0183653142303228
13,0,16,0.1943786442279815,1.0357999801635742,-0.0169318802654743
13,0,17,0.1863541007041931,0.9586142897605896,-0.0207239408046007
13,0,18,0.178926333785057,0.9915221929550172,-0.0231750197708606
13,0,19,0.1782347410917282,1.010114669799805,-0.019753348082304
13,0,20,0.178406536579132,1.0230939388275146,-0.0166455693542957
13,0,24,0.6702370643615723,0.5304427742958069,-0.1277796924114227
13,0,25,0.8616234660148621,0.7840162515640259,-0.2299138903617859
13,1,0,0.0,0.0,0.0
13,1,1,0.0,0.0,0.0
13,1,2,0.0,0.0,0.0
13,1,3,0.0,0.0,0.0
13,1,4,0.0,0.0,0.0
13,1,5,0.0,0.0,0.0
13,1,6,0.0,0.0,0.0
13,1,7,0.0,0.0,0.0
13,1,8,0.0,0.0,0.0
13,1,9,0.0,0.0,0.0
13,1,10,0.0,0.0,0.0
13,1,11,0.0,0.0,0.0
13,1,12,0.0,0.0,0.0
13,1,13,0.0,0.0,0.0
13,1,14,0.0,0.0,0.0
13,1,15,0.0,0.0,0.0
13,1,16,0.0,0.0,0.0
13,1,17,0.0,0.0,0.0
13,1,18,0.0,0.0,0.0
13,1,19,0.0,0.0,0.0
13,1,20,0.0,0.0,0.0
13,1,24,0.31004399061203,0.5494795441627502,-0.0949975550174713
13,1,25,0.23561692237854,0.8096308708190918,-0.1926357746124267
16,0,0,0.2312597781419754,0.8968343138694763,-1.5790721619168835e-08
16,0,1,0.2659646272659302,0.9223667979240416,-0.0039693070575594
16,0,2,0.2828244566917419,0.965194582939148,-0.007734824437648
16,0,3,0.2807092070579529,1.0021663904190063,-0.0105446148663759
16,0,4,0.2731792032718658,1.0267395973205566,-0.012572725303471
16,0,5,0.2557030320167541,0.9744130969047546,-0.0162687748670578
16,0,6,0.2517232596874237,1.0193012952804563,-0.0248525906354188
16,0,7,0.2513714432716369,1.040497064590454,-0.0280564166605472
16,0,8,0.2518617808818817,1.051442265510559,-0.028783943504095
16,0,9,0.2267837226390838,0.9715935587882996,-0.0184909906238317
16,0,10,0.2222152352333068,1.0169473886489868,-0.0232805963605642
16,0,11,0.221997782588005,1.0383291244506836,-0.023268898949027
16,0,12,0.2212814092636108,1.051386475563049,-0.0233017057180404
16,0,13,0.2016213089227676,0.9666767120361328,-0.0205619130283594
16,0,14,0.1950409114360809,1.010762095451355,-0.0252678152173757
16,0,15,0.1951504349708557,1.03368878364563,-0.022350825369358
16,0,16,0.1949652880430221,1.0489014387130735,-0.0198513492941856
16,0,17,0.1814410239458084,0.960990071296692,-0.0227073095738887
16,0,18,0.1745248138904571,0.9990882277488708,-0.0263927783817052
16,0,19,0.1756227314472198,1.020804524421692,-0.0230568777769804
16,0,20,0.1774749606847763,1.0353150367736816,-0.019517932087183
16,0,24,0.6691148281097412,0.5297934412956238,-0.1124597266316413
16,0,25,0.8673713207244873,0.791132926940918,-0.3727402091026306
16,1,0,0.0,0.0,0.0
16,1,1,0.0,0.0,0.0
16,1,2,0.0,0.0,0.0
16,1,3,0.0,0.0,0.0
16,1,4,0.0,0.0,0.0
16,1,5,0.0,0.0,0.0
16,1,6,0.0,0.0,0.0
16,1,7,0.0,0.0,0.0
16,1,8,0.0,0.0,0.0
16,1,9,0.0,0.0,0.0
16,1,10,0.0,0.0,0.0
16,1,11,0.0,0.0,0.0
16,1,12,0.0,0.0,0.0
16,1,13,0.0,0.0,0.0
16,1,14,0.0,0.0,0.0
16,1,15,0.0,0.0,0.0
16,1,16,0.0,0.0,0.0
16,1,17,0.0,0.0,0.0
16,1,18,0.0,0.0,0.0
16,1,19,0.0,0.0,0.0
16,1,20,0.0,0.0,0.0
16,1,24,0.3064309358596802,0.5454865097999573,-0.0497939586639404
16,1,25,0.2234763503074646,0.7959657907485962,-0.1818146109580993
18,0,0,0.2343849539756775,0.8978614807128906,-5.8555109205826745e-08
18,0,1,0.2687398791313171,0.9230849146842957,-0.0049536544829607
18,0,2,0.2836218774318695,0.9612888693809508,-0.0083485068753361
18,0,3,0.2809346318244934,0.9942609667778016,-0.0111544327810406
18,0,4,0.2762588858604431,1.0179805755615234,-0.0130999647080898
18,0,5,0.2550694346427917,0.9751498103141784,-0.0130355553701519
18,0,6,0.2547047138214111,1.0185213088989258,-0.0214373897761106
18,0,7,0.2562091946601867,1.033145308494568,-0.0254901591688394
18,0,8,0.2563017904758453,1.038245439529419,-0.027050195261836
18,0,9,0.2269572764635086,0.9750511646270752,-0.0148930652067065
18,0,10,0.2235027849674224,1.017722487449646,-0.0199607461690902
18,0,11,0.2252749949693679,1.0355361700057983,-0.0213827211409807
18,0,12,0.2261190116405487,1.0453290939331057,-0.0223820675164461
18,0,13,0.2033146023750305,0.9717787504196168,-0.0171090047806501
18,0,14,0.1967541426420211,1.012567162513733,-0.0221756286919116
18,0,15,0.1987073719501495,1.0334209203720093,-0.0206488948315382
18,0,16,0.1999893188476562,1.0469273328781128,-0.019169881939888
18,0,17,0.184875801205635,0.9666863679885864,-0.0196071602404117
18,0,18,0.177578866481781,1.0013214349746704,-0.0233322288841009
18,0,19,0.1792996525764465,1.0205581188201904,-0.0206292513757944
18,0,20,0.1818788200616836,1.0329539775848389,-0.017733821645379
18,0,24,0.6677055358886719,0.5265353918075562,-0.1125290095806121
18,0,25,0.8807348608970642,0.7863482236862183,-0.3878985941410064
18,1,0,0.0,0.0,0.0
18,1,1,0.0,0.0,0.0
18,1,2,0.0,0.0,0.0
18,1,3,0.0,0.0,0.0
18,1,4,0.0,0.0,0.0
18,1,5,0.0,0.0,0.0
18,1,6,0.0,0.0,0.0
18,1,7,0.0,0.0,0.0
18,1,8,0.0,0.0,0.0
18,1,9,0.0,0.0,0.0
18,1,10,0.0,0.0,0.0
18,1,11,0.0,0.0,0.0
18,1,12,0.0,0.0,0.0
18,1,13,0.0,0.0,0.0
18,1,14,0.0,0.0,0.0
18,1,15,0.0,0.0,0.0
18,1,16,0.0,0.0,0.0
18,1,17,0.0,0.0,0.0
18,1,18,0.0,0.0,0.0
18,1,19,0.0,0.0,0.0
18,1,20,0.0,0.0,0.0
18,1,24,0.3074596524238586,0.5449433326721191,-0.0811135023832321
18,1,25,0.2235579490661621,0.8012071847915649,-0.1450567543506622
19,0,0,0.2339316755533218,0.8999729752540588,-2.073493305942975e-07
19,0,1,0.2672364115715027,0.9237771034240724,-0.0018472943920642
19,0,2,0.2834707498550415,0.9592095017433168,-0.0042637730948626
19,0,3,0.2835308015346527,0.990817368030548,-0.0074738380499184
19,0,4,0.2787699401378631,1.013251781463623,-0.0092293201014399
19,0,5,0.2555913925170898,0.9755190014839172,-0.0072391219437122
19,0,6,0.2523228526115417,1.0188575983047483,-0.014632879756391
19,0,7,0.2585129737854004,1.0140478610992432,-0.0184512771666049
19,0,8,0.2611337304115295,1.0006062984466553,-0.019219459965825
19,0,9,0.2287660092115402,0.9752619862556458,-0.0097404606640338
19,0,10,0.225074216723442,1.0166326761245728,-0.0140630416572093
19,0,11,0.2304474860429763,1.0142055749893188,-0.01588567905128
19,0,12,0.2329615354537964,1.0025144815444946,-0.0163072496652603
19,0,13,0.2058431506156921,0.9713029861450196,-0.0122896069660782
19,0,14,0.2016483843326568,1.0108253955841064,-0.01495689060539
19,0,15,0.2063394337892532,1.011239767074585,-0.0125163458287715
19,0,16,0.2089595049619674,1.0026613473892212,-0.0101600661873817
19,0,17,0.1874192804098129,0.9654396176338196,-0.0148682631552219
19,0,18,0.1809583902359008,0.9988972544670104,-0.0156394485384225
19,0,19,0.1832338869571685,1.0052388906478882,-0.0115898121148347
19,0,20,0.1848707944154739,1.0020699501037598,-0.0076287174597382
19,0,24,0.6696110963821411,0.5284540057182312,-0.1220756247639656
19,0,25,0.876988410949707,0.794774055480957,-0.387247771024704
19,1,0,0.0,0.0,0.0
19,1,1,0.0,0.0,0.0
19,1,2,0.0,0.0,0.0
19,1,3,0.0,0.0,0.0
19,1,4,0.0,0.0,0.0
19,1,5,0.0,0.0,0.0
19,1,6,0.0,0.0,0.0
19,1,7,0.0,0.0,0.0
19,1,8,0.0,0.0,0.0
19,1,9,0.0,0.0,0.0
19,1,10,0.0,0.0,0.0
19,1,11,0.0,0.0,0.0
19,1,12,0.0,0.0,0.0
19,1,13,0.0,0.0,0.0
19,1,14,0.0,0.0,0.0
19,1,15,0.0,0.0,0.0
19,1,16,0.0,0.0,0.0
19,1,17,0.0,0.0,0.0
19,1,18,0.0,0.0,0.0
19,1,19,0.0,0.0,0.0
19,1,20,0.0,0.0,0.0
19,1,24,0.309462308883667,0.5486042499542236,-0.0741881802678108
19,1,25,0.2238813936710357,0.8112196922302246,-0.1747429817914962
24,0,0,0.2359500676393509,0.8955356478691101,1.4345027388174005e-08
24,0,1,0.2695420980453491,0.9223799109458924,-0.0029973473865538
24,0,2,0.2844194173812866,0.9632532596588136,-0.0051658661104738
24,0,3,0.2851847112178802,0.9961072206497192,-0.0071201361715793
24,0,4,0.2832199037075043,1.020051121711731,-0.0084383953362703
24,0,5,0.2571888864040375,0.977803111076355,-0.008023758418858
24,0,6,0.252886414527893,1.0172511339187622,-0.015010199509561
24,0,7,0.2499022185802459,1.038782835006714,-0.0190375130623579
24,0,8,0.2482867836952209,1.0529866218566897,-0.0210365392267704
24,0,9,0.2299366742372512,0.9756245613098145,-0.0108154639601707
24,0,10,0.2233467847108841,1.0157530307769775,-0.0149381030350923
24,0,11,0.2205786705017089,1.0371222496032717,-0.0168368741869926
24,0,12,0.2183708697557449,1.0525498390197754,-0.0181467905640602
24,0,13,0.2063350826501846,0.9696500897407532,-0.0138859832659363
24,0,14,0.1981824040412902,1.0086686611175537,-0.0184477306902408
24,0,15,0.1954420357942581,1.030672550201416,-0.0171454530209302
24,0,16,0.1929735988378524,1.047286033630371,-0.0156700666993856
24,0,17,0.1875280439853668,0.9616469144821168,-0.0171695239841938
24,0,18,0.1786912828683853,0.9936919212341307,-0.020877806469798
24,0,19,0.1769163012504577,1.014440894126892,-0.0185383949428796
24,0,20,0.1765403896570205,1.0303480625152588,-0.0157318245619535
24,0,24,0.6745653748512268,0.5376571416854858,-0.0996836423873901
24,0,25,0.859441876411438,0.7864086627960205,-0.2399535477161407
24,1,0,0.0,0.0,0.0
24,1,1,0.0,0.0,0.0
24,1,2,0.0,0.0,0.0
24,1,3,0.0,0.0,0.0
24,1,4,0.0,0.0,0.0
24,1,5,0.0,0.0,0.0
24,1,6,0.0,0.0,0.0
24,1,7,0.0,0.0,0.0
24,1,8,0.0,0.0,0.0
24,1,9,0.0,0.0,0.0
24,1,10,0.0,0.0,0.0
24,1,11,0.0,0.0,0.0
24,1,12,0.0,0.0,0.0
24,1,13,0.0,0.0,0.0
24,1,14,0.0,0.0,0.0
24,1,15,0.0,0.0,0.0
24,1,16,0.0,0.0,0.0
24,1,17,0.0,0.0,0.0
24,1,18,0.0,0.0,0.0
24,1,19,0.0,0.0,0.0
24,1,20,0.0,0.0,0.0
24,1,24,0.3125803470611572,0.5466293096542358,-0.0866160318255424
24,1,25,0.2238954305648803,0.7865848541259766,-0.3482714593410492
25,0,0,0.2350854128599167,0.8965839743614197,-2.1182389176033212e-08
25,0,1,0.2687745988368988,0.9230717420578004,-0.0028699245303869
25,0,2,0.2847275733947754,0.963883101940155,-0.0058863088488578
25,0,3,0.285073310136795,0.9976755380630492,-0.0086424332112073
25,0,4,0.2804100811481476,1.0211344957351685,-0.0106771998107433
25,0,5,0.2572779357433319,0.9743880033493042,-0.0114847021177411
25,0,6,0.2531868517398834,1.0162559747695925,-0.0188563503324985
25,0,7,0.2511555254459381,1.032698631286621,-0.0223420821130275
25,0,8,0.2499117404222488,1.040958046913147,-0.0236715711653232
25,0,9,0.2306034862995147,0.9723048806190492,-0.013990313746035
25,0,10,0.2242489457130432,1.0133284330368042,-0.0175673421472311
25,0,11,0.2220106869935989,1.0315515995025637,-0.018314940854907
25,0,12,0.2199092358350753,1.0422694683074951,-0.0191012118011713
25,0,13,0.2067537456750869,0.966922640800476,-0.0164954457432031
25,0,14,0.1985093206167221,1.0067952871322632,-0.0202192775905132
25,0,15,0.1967759877443313,1.0271333456039429,-0.0176961235702037
25,0,16,0.195020705461502,1.040735960006714,-0.0157402120530605
25,0,17,0.1872503459453582,0.9602864980697632,-0.0190899297595024
25,0,18,0.1791950613260269,0.9937945008277892,-0.0220612715929746
25,0,19,0.1777483820915222,1.01360821723938,-0.0188010521233081
25,0,20,0.1773142218589782,1.0272212028503418,-0.0154936658218503
25,0,24,0.6776761412620544,0.5413305163383484,-0.0795831456780433
25,0,25,0.859060525894165,0.7886731624603271,-0.1930529177188873
25,1,0,0.7157897353172302,0.8909714818000793,2.148397726386975e-07
25,1,1,0.6715891361236572,0.8667128086090088,-0.0156367197632789
25,1,2,0.6277652978897095,0.8833941221237183,-0.0174523498862981
25,1,3,0.6033498048782349,0.9145272970199584,-0.0139500992372632
25,1,4,0.5931617617607117,0.9411062598228456,-0.0091814631596207
25,1,5,0.6332833170890808,0.9407859444618224,-0.0232517123222351
25,1,6,0.596160888671875,0.9803831577301024,-0.0257879439741373
25,1,7,0.5765175819396973,0.9978852272033693,-0.0252380110323429
25,1,8,0.5638134479522705,1.007685661315918,-0.0240327715873718
25,1,9,0.6538107991218567,0.965813398361206,-0.0132649214938282
25,1,10,0.6162813305854797,0.9959897398948668,-0.012867109850049
25,1,11,0.5958037972450256,1.0004113912582395,-0.0098351733759045
25,1,12,0.5828093886375427,0.9991093277931212,-0.0081342933699488
25,1,13,0.670760989189148,0.9797386527061462,-0.003291733097285
25,1,14,0.6333324313163757,1.0048742294311523,-0.0022236553486436
25,1,15,0.6142702102661133,1.0044816732406616,0.0003948425874114
25,1,16,0.6030457615852356,1.0011367797851562,0.0013486482203006
25,1,17,0.6825975775718689,0.986680030822754,0.005608816165477
25,1,18,0.650313675403595,1.0043210983276367,0.0061150579713284
25,1,19,0.6331982612609863,1.0031992197036743,0.0084177665412426
25,1,20,0.6240941882133484,0.9993080496788024,0.0103045152500271
25,1,24,0.3097612857818603,0.5517615079879761,-0.0699731856584549
25,1,25,0.2256630957126617,0.7937239408493042,-0.3111834228038788
27,0,0,0.2306395173072815,0.893391489982605,-1.6914424350034096e-07
27,0,1,0.2656941413879394,0.9205393195152284,-0.0003727643343154
27,0,2,0.2823653817176819,0.959838330745697,-0.0030883287545293
27,0,3,0.2834244966506958,0.9925978183746338,-0.0070857196114957
27,0,4,0.2785017192363739,1.014988660812378,-0.0100257033482193
27,0,5,0.2546188831329345,0.9758433699607848,-0.0062435744330286
27,0,6,0.2504351437091827,1.0189651250839231,-0.0148051818832755
27,0,7,0.252653032541275,1.020937442779541,-0.0195939540863037
27,0,8,0.253708153963089,1.012708067893982,-0.0207720324397087
27,0,9,0.227955475449562,0.9745460748672484,-0.0103008076548576
27,0,10,0.222670704126358,1.0175164937973022,-0.0156914331018924
27,0,11,0.2242434620857238,1.020437240600586,-0.0180934984236955
27,0,12,0.2245144248008728,1.0130983591079712,-0.0187923479825258
27,0,13,0.2041065841913223,0.9701194763183594,-0.0144122838973999
27,0,14,0.1973884850740432,1.0120445489883425,-0.0182419754564762
27,0,15,0.1991787850856781,1.0184369087219238,-0.0159138366580009
27,0,16,0.2003579139709472,1.0148130655288696,-0.0133189773187041
27,0,17,0.1843469440937042,0.9642475247383118,-0.0184787027537822
27,0,18,0.1772807985544204,1.000576376914978,-0.0190868619829416
27,0,19,0.178393930196762,1.010159611701965,-0.0142755126580595
27,0,20,0.1797786951065063,1.009955644607544,-0.0097971679642796
27,0,24,0.6761934161186218,0.5435081124305725,-0.0800133645534515
27,0,25,0.8603866696357727,0.7937721610069275,-0.1930998861789703
27,1,0,0.7122072577476501,0.9072809219360352,1.8858287376133378e-07
27,1,1,0.6687220335006714,0.8867295384407043,-0.0164634697139263
27,1,2,0.6274986267089844,0.8993901014328003,-0.0206320565193891
27,1,3,0.6040239930152893,0.9281095266342164,-0.0210278797894716
27,1,4,0.5942368507385254,0.9551867246627808,-0.0200728364288806
27,1,5,0.6278800368309021,0.9579226970672609,-0.019684525206685
27,1,6,0.6005643606185913,0.998954176902771,-0.0286699756979942
27,1,7,0.5842820405960083,1.0171971321105957,-0.0334900841116905
27,1,8,0.5739553570747375,1.0260865688323977,-0.0347993932664394
27,1,9,0.6505191326141357,0.9785234332084656,-0.0124864475801587
27,1,10,0.6252981424331665,1.0178344249725342,-0.0193271562457084
27,1,11,0.6078166365623474,1.0336456298828125,-0.0215620212256908
27,1,12,0.5956777334213257,1.0407462120056152,-0.021705562248826
27,1,13,0.6703620553016663,0.9907694458961488,-0.00621142052114
27,1,14,0.6467418670654297,1.0261266231536863,-0.0114768296480178
27,1,15,0.6299424767494202,1.0394186973571775,-0.010828323662281
27,1,16,0.6176048517227173,1.045852780342102,-0.0086409300565719
27,1,17,0.6870129704475403,0.9964342713356018,-0.0012416153913363
27,1,18,0.6647028923034668,1.0263913869857788,-0.0042504640296101
27,1,19,0.64979088306427,1.039676308631897,-0.0025110975839197
27,1,20,0.6387890577316284,1.046205997467041,0.0007240425911732
27,1,24,0.3104771971702575,0.547840416431427,-0.0611739940941333
27,1,25,0.218073695898056,0.7857433557510376,-0.3220328688621521
30,0,0,0.2335825115442276,0.8945156931877136,-4.0123513400658346e-08
30,0,1,0.2690290212631225,0.9228067398071288,-0.0031572899315506
30,0,2,0.2837545871734619,0.9651488065719604,-0.0069005582481622
30,0,3,0.2803313434123993,1.0011625289916992,-0.0102209066972136
30,0,4,0.2733078002929687,1.0254721641540527,-0.0130104310810565
30,0,5,0.2568790316581726,0.9739570021629332,-0.0159251317381858
30,0,6,0.2525255382061004,1.0201281309127808,-0.0246399212628602
30,0,7,0.2528016567230224,1.039412498474121,-0.0280975177884101
30,0,8,0.2531509697437286,1.0484849214553833,-0.028997903689742
30,0,9,0.2280740886926651,0.9712331891059875,-0.0189801175147295
30,0,10,0.2235731780529022,1.0182905197143557,-0.0237963497638702
30,0,11,0.2236835658550262,1.0394620895385742,-0.0239057056605815
30,0,12,0.2230559587478637,1.0523062944412231,-0.0241368394345045
30,0,13,0.2029684633016586,0.9658660888671876,-0.0218753181397914
30,0,14,0.1967715620994568,1.011937379837036,-0.0267458762973546
30,0,15,0.1967219412326812,1.0341895818710327,-0.0236412156373262
30,0,16,0.1962243616580963,1.0484288930892944,-0.0211299378424882
30,0,17,0.1827516406774521,0.959758758544922,-0.0248226057738065
30,0,18,0.175714910030365,0.9991060495376588,-0.0283278655260801
30,0,19,0.1759691834449768,1.0200151205062866,-0.0244284514337778
30,0,20,0.1770683526992797,1.0336925983428955,-0.0206254012882709
30,0,24,0.6742953062057495,0.5375542044639587,-0.0967635288834571
30,0,25,0.8565372824668884,0.7847762107849121,-0.1806683540344238
30,1,0,0.7156168818473816,0.9066941738128662,6.655942996758314e-08
30,1,1,0.6706373691558838,0.8841744661331177,-0.0178950782865285
30,1,2,0.6263444423675537,0.8957260847091675,-0.0221534948796033
30,1,3,0.6031621694564819,0.9261337518692015,-0.0221550222486257
30,1,4,0.5933483839035034,0.9523850083351136,-0.0206205453723669
30,1,5,0.6337740421295166,0.9574246406555176,-0.0221677590161561
30,1,6,0.5997477173805237,0.994064450263977,-0.0294140167534351
30,1,7,0.5875116586685181,1.00343656539917,-0.0324754081666469
30,1,8,0.5855838656425476,1.0031710863113403,-0.0333445891737937
30,1,9,0.6564813852310181,0.9810479283332824,-0.0134520130231976
30,1,10,0.6273010969161987,1.007996916770935,-0.017851335927844
30,1,11,0.6194679141044617,1.0027992725372314,-0.0187798533588647
30,1,12,0.6194482445716858,0.9942410588264464,-0.019792303442955
30,1,13,0.6754943132400513,0.9933881163597108,-0.0055678985081613
30,1,14,0.6468439102172852,1.0208956003189087,-0.0093703642487525
30,1,15,0.6389952898025513,1.0162793397903442,-0.0089028989896178
30,1,16,0.6388618350028992,1.008822321891785,-0.0088997995480895
30,1,17,0.6900014877319336,0.9996437430381776,0.0011618002317845
30,1,18,0.6646260619163513,1.022228717803955,-0.0020257090218365
30,1,19,0.656517744064331,1.018449306488037,-0.0010265333112329
30,1,20,0.6570623517036438,1.0109915733337402,0.0002606570487841
30,1,24,0.308582991361618,0.550162136554718,-0.1006524637341499
30,1,25,0.2198514640331268,0.7946449518203735,-0.3293146193027496
32,0,0,0.2304786592721939,0.8938778638839722,-1.174448911456239e-07
32,0,1,0.2662088274955749,0.9211345314979552,-0.002714606700465
32,0,2,0.2833606004714966,0.9618784189224244,-0.0061698504723608
32,0,3,0.2822400331497192,0.9976451992988586,-0.0095760663971304
32,0,4,0.2755495011806488,1.0213091373443604,-0.0119098145514726
32,0,5,0.256308913230896,0.9715654850006104,-0.014873668551445
32,0,6,0.2536742985248565,1.0197259187698364,-0.0233559552580118
32,0,7,0.2557422816753387,1.027367353439331,-0.0265188291668891
32,0,8,0.2565303742885589,1.0233889818191528,-0.0268704835325479
32,0,9,0.2278614193201065,0.9706729650497437,-0.017418822273612
32,0,10,0.2243852317333221,1.0173945426940918,-0.0216553583741188
32,0,11,0.22589972615242,1.0278527736663818,-0.0217918623238801
32,0,12,0.2263116389513015,1.027598261833191,-0.0218566562980413
32,0,13,0.2033592760562896,0.96712988615036,-0.0197388231754302
32,0,14,0.1970796734094619,1.0118170976638794,-0.0233843568712472
32,0,15,0.1987919509410858,1.0258383750915527,-0.0200776122510433
32,0,16,0.2000206559896469,1.0299824476242063,-0.017479084432125
32,0,17,0.1837941855192184,0.9629055261611938,-0.0220371969044208
32,0,18,0.1768520772457122,1.001110315322876,-0.0243590716272592
32,0,19,0.1777234226465225,1.0164753198623655,-0.0201964154839515
32,0,20,0.1792441010475158,1.022413730621338,-0.0162509698420763
32,0,24,0.6777445673942566,0.5377501249313354,-0.073271743953228
32,0,25,0.8581488728523254,0.7851679921150208,-0.1818387061357498
32,1,0,0.7159053683280945,0.8982762098312378,2.356380832679861e-07
32,1,1,0.6704878807067871,0.876399576663971,-0.0172852762043476
32,1,2,0.6272969841957092,0.8896291255950928,-0.0225202199071645
32,1,3,0.6003847718238831,0.9200678467750548,-0.0229378063231706
32,1,4,0.589080810546875,0.9475676417350768,-0.0217878893017768
32,1,5,0.6316884756088257,0.9516393542289734,-0.0233951937407255
32,1,6,0.5952742695808411,0.9909623861312866,-0.0318093337118625
32,1,7,0.5761281251907349,1.007423996925354,-0.0352500453591346
32,1,8,0.5646625757217407,1.0145049095153809,-0.0354691073298454
32,1,9,0.6547924280166626,0.9765539765357972,-0.0145738450810313
32,1,10,0.6209108233451843,1.0133150815963743,-0.0206869430840015
32,1,11,0.6002755761146545,1.0261874198913574,-0.0211041439324617
32,1,12,0.5859280228614807,1.031169891357422,-0.0200375244021415
32,1,13,0.6747177839279175,0.9911805987358092,-0.0063558830879628
32,1,14,0.6436358690261841,1.0229512453079224,-0.0104412091895937
32,1,15,0.6225734949111938,1.0337035655975342,-0.0089977430179715
32,1,16,0.6074340343475342,1.0381758213043213,-0.0068075251765549
32,1,17,0.6894293427467346,0.9970400929450988,0.0006947938236407
32,1,18,0.6623853445053101,1.0245569944381714,-0.0011463080300018
32,1,19,0.643894374370575,1.0353529453277588,0.0013498774496838
32,1,20,0.6305026412010193,1.040379762649536,0.004721004050225
32,1,24,0.3088584542274475,0.5532321333885193,-0.0736015141010284
32,1,25,0.2199431955814361,0.7953500747680664,-0.3243003189563751
37,0,0,0.2321806102991104,0.891714334487915,-1.5733695235553572e-08
37,0,1,0.2677453756332397,0.9210546016693116,-0.0049341791309416
37,0,2,0.2833986580371856,0.9657872915267944,-0.0097846360877156
37,0,3,0.2810567617416382,1.004150152206421,-0.0134349232539534
37,0,4,0.2757980823516845,1.031551718711853,-0.0163384899497032
37,0,5,0.2563146948814392,0.9709588289260864,-0.021734507754445
37,0,6,0.2507157027721405,1.0210902690887451,-0.0316946133971214
37,0,7,0.2498309165239334,1.0423280000686646,-0.0349719747900962
37,0,8,0.2500956952571869,1.0532193183898926,-0.03544432669878
37,0,9,0.2266045957803726,0.9674577116966248,-0.0241237804293632
37,0,10,0.2191939800977707,1.0187557935714722,-0.0304221659898757
37,0,11,0.2193376123905182,1.03959858417511,-0.0301454439759254
37,0,12,0.2191506922245025,1.0505473613739014,-0.0295392461121082
37,0,13,0.2008861899375915,0.9613954424858092,-0.0260358843952417
37,0,14,0.1917383968830108,1.0102618932724,-0.0312701277434825
37,0,15,0.1925119012594223,1.0331867933273315,-0.0273189842700958
37,0,16,0.1929141879081726,1.0470564365386963,-0.0240179114043712
37,0,17,0.1805229485034942,0.9547436237335204,-0.0280782897025346
37,0,18,0.172484889626503,0.9953063130378724,-0.0317623130977153
37,0,19,0.1732325404882431,1.017114281654358,-0.0274276547133922
37,0,20,0.1749252080917358,1.0308576822280884,-0.0231130626052618
37,0,24,0.6762296557426453,0.5370912551879883,-0.0671192780137062
37,0,25,0.858182966709137,0.7867092490196228,-0.1646174192428589
37,1,0,0.722882866859436,0.8897832632064819,2.879036458125484e-07
37,1,1,0.6756566166877747,0.8646210432052612,-0.0183864124119281
37,1,2,0.6315988302230835,0.8789442777633667,-0.0215745009481906
37,1,3,0.6071873307228088,0.9108312129974364,-0.019440222531557
37,1,4,0.5975080728530884,0.9370512962341307,-0.0156493987888097
37,1,5,0.6392316818237305,0.9395363926887512,-0.0222274810075759
37,1,6,0.6008217930793762,0.9748095870018004,-0.0280202217400074
37,1,7,0.578866720199585,0.9929453134536744,-0.0304890368133783
37,1,8,0.5632419586181641,1.0054521560668943,-0.0311158206313848
37,1,9,0.6594468355178833,0.9660126566886902,-0.0121997017413377
37,1,10,0.6204400658607483,0.9987543225288392,-0.0172721873968839
37,1,11,0.5967265963554382,1.0113651752471924,-0.0175398848950862
37,1,12,0.5790945291519165,1.0187439918518066,-0.0164389740675687
37,1,13,0.674654483795166,0.981078565120697,-0.0026804697699844
37,1,14,0.6368523836135864,1.0074955224990845,-0.0057004867121577
37,1,15,0.6141857504844666,1.0143612623214722,-0.0043973256833851
37,1,16,0.5974626541137695,1.0181900262832642,-0.0024669100530445
37,1,17,0.6842188835144043,0.987071931362152,0.0053392210975289
37,1,18,0.6498905420303345,1.004954814910889,0.0037235508207231
37,1,19,0.6289931535720825,1.0097312927246094,0.0056204698048532
37,1,20,0.613918125629425,1.0111989974975586,0.0084413336589932
37,1,24,0.3070765137672424,0.545415461063385,-0.0641925781965255
37,1,25,0.2152259349822998,0.7803717851638794,-0.2806337177753448
38,0,0,0.2331949919462204,0.8913585543632507,1.0757938539995848e-08
38,0,1,0.267534077167511,0.9201544523239136,-0.0062965000979602
38,0,2,0.283576637506485,0.9657780528068542,-0.0120965987443923
38,0,3,0.2823256254196167,1.0048720836639404,-0.016534000635147
38,0,4,0.276641845703125,1.0333176851272583,-0.0204744655638933
38,0,5,0.2560020089149475,0.971083402633667,-0.0233312230557203
38,0,6,0.2507900893688202,1.0202842950820925,-0.034086100757122
38,0,7,0.2483547925949096,1.045257806777954,-0.038117341697216
38,0,8,0.2471185177564621,1.061000943183899,-0.0393895767629146
38,0,9,0.2267908751964569,0.9669663906097412,-0.0255878549069166
38,0,10,0.2202613055706024,1.017330527305603,-0.0329409204423427
38,0,11,0.2184880226850509,1.0423753261566162,-0.033771589398384
38,0,12,0.2165429145097732,1.0590206384658811,-0.0342227332293987
38,0,13,0.2012335807085037,0.9606001377105712,-0.0275392923504114
38,0,14,0.1934816539287567,1.009592056274414,-0.0342325679957866
38,0,15,0.1924015879631042,1.0352237224578855,-0.0317235626280307
38,0,16,0.190854012966156,1.0527890920639038,-0.0293390713632106
38,0,17,0.1804105341434478,0.95425546169281,-0.029676541686058
38,0,18,0.1730435341596603,0.9952298402786256,-0.0352253131568431
38,0,19,0.1722087562084198,1.0198156833648682,-0.0326271839439868
38,0,20,0.172218918800354,1.037329912185669,-0.02944852784276
38,0,24,0.6753766536712646,0.5368000268936157,-0.1057341694831848
38,0,25,0.859736979007721,0.7873145937919617,-0.2095728665590286
38,1,0,0.7258129715919495,0.8861526250839233,2.8446311262086965e-07
38,1,1,0.6775206327438354,0.8608726859092712,-0.0181124862283468
38,1,2,0.6329142451286316,0.8759070038795471,-0.0220166631042957
38,1,3,0.6081064939498901,0.9085551500320436,-0.020471254363656
38,1,4,0.6006497740745544,0.9366121292114258,-0.0173144564032554
38,1,5,0.6407049894332886,0.9342807531356812,-0.0246756300330162
38,1,6,0.6004595160484314,0.971254587173462,-0.0305841229856014
38,1,7,0.5768489837646484,0.9899036288261414,-0.0327823758125305
38,1,8,0.5594760179519653,1.0040764808654783,-0.0334442593157291
38,1,9,0.660610556602478,0.9623405933380128,-0.0154006341472268
38,1,10,0.6195991039276123,0.9970263242721558,-0.020642764866352
38,1,11,0.5941976308822632,1.0113004446029663,-0.0209606923162937
38,1,12,0.5751586556434631,1.020881175994873,-0.0202018190175294
38,1,13,0.6758429408073425,0.9797448515892028,-0.0063680200837552
38,1,14,0.6363484263420105,1.008039951324463,-0.0091415494680404
38,1,15,0.612051248550415,1.016966462135315,-0.0079432250931859
38,1,16,0.5944575667381287,1.0230835676193235,-0.0065153213217854
38,1,17,0.6849840879440308,0.9883142113685608,0.0012752219336107
38,1,18,0.6503068804740906,1.009382247924805,0.0001125176859204
38,1,19,0.6284191608428955,1.016814947128296,0.0021600120235234
38,1,20,0.6128018498420715,1.0211541652679443,0.0047380244359374
38,1,24,0.309713065624237,0.5447119474411011,-0.0720321089029312
38,1,25,0.2178970277309417,0.7814115285873413,-0.2675128877162933
42,0,0,0.233319416642189,0.8926959037780762,-3.2759050583308635e-08
42,0,1,0.2659036517143249,0.9193381667137146,-0.0048548718914389
42,0,2,0.2823340892791748,0.9629723429679872,-0.0095850862562656
42,0,3,0.281071275472641,1.000964879989624,-0.0135712968185544
42,0,4,0.2742491960525512,1.0268738269805908,-0.016943272203207
42,0,5,0.2559012770652771,0.975103795528412,-0.0181965678930282
42,0,6,0.251299500465393,1.022795796394348,-0.0276919025927782
42,0,7,0.2485325038433075,1.0435056686401367,-0.0311818700283765
42,0,8,0.2469827383756637,1.054879665374756,-0.0321595221757888
42,0,9,0.227731242775917,0.9728386998176576,-0.0207374170422554
42,0,10,0.221811294555664,1.0204991102218628,-0.0272698290646076
42,0,11,0.219999685883522,1.041101098060608,-0.0276005733758211
42,0,12,0.2181335091590881,1.0536350011825562,-0.0274949725717306
42,0,13,0.2028274238109588,0.9675025343894958,-0.0232211034744977
42,0,14,0.1954876780509948,1.0128074884414673,-0.0293346438556909
42,0,15,0.1946972459554672,1.0350254774093628,-0.0261281393468379
42,0,16,0.1935588121414184,1.0494400262832642,-0.0230881106108427
42,0,17,0.1820496916770935,0.9614641666412354,-0.0258782543241977
42,0,18,0.1750434190034866,1.0005772113800049,-0.029956204816699
42,0,19,0.1742432713508606,1.0218664407730105,-0.0260645262897014
42,0,20,0.1740052253007888,1.0359399318695068,-0.0219935867935419
42,0,24,0.6746899485588074,0.5391789078712463,-0.0990275591611862
42,0,25,0.8572355508804321,0.7888176441192627,-0.1981402784585952
42,1,0,0.7262231707572937,0.8841584920883179,3.332660867272353e-07
42,1,1,0.6782160401344299,0.8601534366607666,-0.0216592084616422
42,1,2,0.6341448426246643,0.8768590688705444,-0.0274172145873308
42,1,3,0.6113362312316895,0.913649559020996,-0.0269337333738803
42,1,4,0.6037910580635071,0.9416671991348268,-0.0251933727413415
42,1,5,0.6406471729278564,0.9340711832046508,-0.0317868292331695
42,1,6,0.5977833271026611,0.9704108834266664,-0.0400823429226875
42,1,7,0.572757363319397,0.9894300699234008,-0.043448768556118
42,1,8,0.5540664792060852,1.0027047395706177,-0.0444792695343494
42,1,9,0.6611618399620056,0.9620091319084167,-0.0208208598196506
42,1,10,0.6174852252006531,0.997177243232727,-0.0273771863430738
42,1,11,0.5905269980430603,1.0104892253875732,-0.0275298077613115
42,1,12,0.5706231594085693,1.0176639556884766,-0.0263181161135435
42,1,13,0.676604151725769,0.977702021598816,-0.0101382536813616
42,1,14,0.6366903185844421,1.0062364339828491,-0.0137484055012464
42,1,15,0.6109926104545593,1.0137858390808103,-0.012907694093883
42,1,16,0.5921133160591125,1.016963243484497,-0.0116830226033926
42,1,17,0.6863445043563843,0.9833386540412904,-0.0011057468364015
42,1,18,0.6513776183128357,1.002726435661316,-0.0037373802624642
42,1,19,0.6295835971832275,1.0071542263031006,-0.0023571441415697
42,1,20,0.6139849424362183,1.0082473754882812,-1.2709256225207357e-05
42,1,24,0.3069835305213928,0.5471715331077576,-0.0591691434383392
42,1,25,0.2197783291339874,0.7867894172668457,-0.2334605008363723
43,0,0,0.2330189943313598,0.8892478942871094,2.4788555208488106e-08
43,0,1,0.2665421962738037,0.9182910919189452,-0.0052050244994461
43,0,2,0.2810344994068146,0.9621558785438538,-0.0099581340327858
43,0,3,0.278576910495758,0.9983921051025392,-0.0138794127851724
43,0,4,0.2713130116462707,1.0245553255081177,-0.0173928514122962
43,0,5,0.2547450661659241,0.9715993404388428,-0.018282288685441
43,0,6,0.2471375167369842,1.0179171562194824,-0.0285385958850383
43,0,7,0.2432929873466491,1.041423201560974,-0.033024787902832
43,0,8,0.240982711315155,1.0561985969543457,-0.0347553119063377
43,0,9,0.2257138043642044,0.9671982526779176,-0.0212552603334188
43,0,10,0.217336967587471,1.0149304866790771,-0.0285787507891654
43,0,11,0.2136441618204116,1.0383628606796265,-0.0304432697594165
43,0,12,0.2107382267713546,1.0543493032455444,-0.0315154045820236
43,0,13,0.2005236446857452,0.960302472114563,-0.0241658873856067
43,0,14,0.1913190931081771,1.006139039993286,-0.0310364477336406
43,0,15,0.1880776137113571,1.0308533906936646,-0.0296306479722261
43,0,16,0.1854274570941925,1.0486781597137451,-0.0280156079679727
43,0,17,0.1803176552057266,0.952978014945984,-0.0272634644061326
43,0,18,0.171668455004692,0.9918956160545348,-0.0327699035406112
43,0,19,0.1694982647895813,1.0153712034225464,-0.0305184088647365
43,0,20,0.168790265917778,1.0325429439544678,-0.0276971515268087
43,0,24,0.6765904426574707,0.5370073318481445,-0.1127062812447547
43,0,25,0.8612645864486694,0.7868765592575073,-0.1986189633607864
43,1,0,0.7274090647697449,0.8814338445663452,3.355045521402644e-07
43,1,1,0.6790887117385864,0.8571335673332214,-0.0220429357141256
43,1,2,0.6338793635368347,0.8716535568237305,-0.0283677130937576
43,1,3,0.6103811264038086,0.9072797894477844,-0.0282947272062301
43,1,4,0.6013307571411133,0.935821294784546,-0.0268965866416692
43,1,5,0.64201819896698,0.9308661222457886,-0.0334830284118652
43,1,6,0.5992644429206848,0.967725396156311,-0.0424674190580844
43,1,7,0.5734779834747314,0.9860853552818298,-0.0459431000053882
43,1,8,0.5536080002784729,0.9982752799987792,-0.0467527993023395
43,1,9,0.6629434823989868,0.9589743614196776,-0.022252282127738
43,1,10,0.6189147233963013,0.995546817779541,-0.029496369883418
43,1,11,0.5922181606292725,1.0096018314361572,-0.029465103521943
43,1,12,0.5726714730262756,1.0168591737747192,-0.0278674531728029
43,1,13,0.6786458492279053,0.9749674201011658,-0.0111982757225632
43,1,14,0.638149082660675,1.0043591260910034,-0.0149976154789328
43,1,15,0.6133188605308533,1.0124951601028442,-0.0134522886946797
43,1,16,0.5955517292022705,1.0160884857177734,-0.0114312237128615
43,1,17,0.6890283226966858,0.9805392026901244,-0.0018240301869809
43,1,18,0.6538917422294617,1.001826286315918,-0.0039110323414206
43,1,19,0.6321894526481628,1.0074220895767212,-0.0018016538815572
43,1,20,0.6164552569389343,1.009590983390808,0.0011817178456112
43,1,24,0.3057045340538025,0.5504341125488281,-0.0905422866344451
43,1,25,0.2203374803066253,0.7988123297691345,-0.266573965549469
45,0,0,0.2308882474899292,0.8926849365234375,3.9307455068637864e-09
45,0,1,0.2653442025184631,0.9200994968414308,-0.0059006246738135
45,0,2,0.2814757823944092,0.9627578258514404,-0.0110148359090089
45,0,3,0.279853343963623,0.9987931847572328,-0.0151450373232364
45,0,4,0.2735573947429657,1.0245184898376465,-0.0187042728066444
45,0,5,0.2555982768535614,0.9693910479545592,-0.0200777985155582
45,0,6,0.2483731359243393,1.0163663625717163,-0.0304780658334493
45,0,7,0.2442086189985275,1.0388010740280151,-0.0347506739199161
45,0,8,0.2415279000997543,1.052461862564087,-0.036177858710289
45,0,9,0.2262217104434967,0.9660357236862184,-0.0225737541913986
45,0,10,0.2175442725419998,1.0138789415359497,-0.0292582362890243
45,0,11,0.2137073725461959,1.0363354682922363,-0.0303426124155521
45,0,12,0.2103734761476516,1.0511690378189087,-0.0310667790472507
45,0,13,0.2005565017461776,0.9601675271987916,-0.0250042211264371
45,0,14,0.1909752935171127,1.0054070949554443,-0.0312249977141618
45,0,15,0.1878754794597625,1.028981328010559,-0.0291766375303268
45,0,16,0.1850049197673797,1.045502781867981,-0.0273363888263702
45,0,17,0.1799272298812866,0.9540640115737916,-0.0277243368327617
45,0,18,0.1714915335178375,0.992285430431366,-0.0324991717934608
45,0,19,0.1694155186414718,1.014947533607483,-0.0298171490430831
45,0,20,0.1686061024665832,1.0312588214874268,-0.0269034970551729
45,0,24,0.6740257740020752,0.5375003218650818,-0.077251024544239
45,0,25,0.8580996990203857,0.7856371402740479,-0.1551356315612793
45,1,0,0.7283411026000977,0.8828862905502319,3.591975143990567e-07
45,1,1,0.6813817024230957,0.8549244999885559,-0.0226043984293937
45,1,2,0.6377559900283813,0.8684192299842834,-0.0287440549582242
45,1,3,0.6132645606994629,0.9018544554710388,-0.0282904356718063
45,1,4,0.6030322313308716,0.9285765886306764,-0.0263576153665781
45,1,5,0.6412054300308228,0.928991675376892,-0.0349125415086746
45,1,6,0.5975082516670227,0.9672660231590272,-0.0435960665345191
45,1,7,0.5710671544075012,0.9874447584152222,-0.0465655103325843
45,1,8,0.551594614982605,1.001609444618225,-0.0470432788133621
45,1,9,0.6619332432746887,0.9574556350708008,-0.0231094602495431
45,1,10,0.6172640323638916,0.9926749467849731,-0.0304875783622264
45,1,11,0.5901927947998047,1.0072458982467651,-0.0302058048546314
45,1,12,0.5698589086532593,1.0162031650543213,-0.0283632818609476
45,1,13,0.6767020225524902,0.9738569855690002,-0.01149607822299
45,1,14,0.633615255355835,1.0014712810516355,-0.0158008281141519
45,1,15,0.607666552066803,1.0105512142181396,-0.0147988637909293
45,1,16,0.5882954597473145,1.0163769721984863,-0.0130541836842894
45,1,17,0.6853374242782593,0.9802051782608032,-0.0015563277993351
45,1,18,0.6460413932800293,0.9987009167671204,-0.0045951372012495
45,1,19,0.6229536533355713,1.0053097009658811,-0.0036167977377772
45,1,20,0.6056538820266724,1.009770750999451,-0.0013209917815402
45,1,24,0.3025160729885101,0.5504639744758606,-0.1100801080465316
45,1,25,0.2190719544887542,0.8024922013282776,-0.3052089512348175
47,0,0,0.2324384301900863,0.8911598920822144,-4.56199664711221e-08
47,0,1,0.2667572498321533,0.9199739098548888,-0.0057678958401083
47,0,2,0.2819648683071136,0.9663410186767578,-0.0108792344108223
47,0,3,0.2780909836292267,1.005642294883728,-0.0150123871862888
47,0,4,0.2689674496650696,1.0315237045288086,-0.0183330532163381
47,0,5,0.256473571062088,0.9725069999694824,-0.020532663911581
47,0,6,0.2514062225818634,1.023212194442749,-0.0312672220170497
47,0,7,0.2490812391042709,1.043245553970337,-0.0352904088795185
47,0,8,0.2479268163442611,1.0535311698913574,-0.0363621301949024
47,0,9,0.22681625187397,0.969335436820984,-0.0230147037655115
47,0,10,0.2203691303730011,1.0192034244537354,-0.0298539660871028
47,0,11,0.2187810242176056,1.0397428274154663,-0.0300710517913103
47,0,12,0.2171400338411331,1.052395224571228,-0.0300710424780845
47,0,13,0.2009433358907699,0.9637682437896729,-0.0254963990300893
47,0,14,0.1932415068149566,1.010918140411377,-0.0316495113074779
47,0,15,0.1924897134304046,1.0332080125808716,-0.0282177496701478
47,0,16,0.1915211379528045,1.0478692054748535,-0.0252488367259502
47,0,17,0.1799747049808502,0.9581319093704224,-0.0282901842147111
47,0,18,0.1731993854045868,0.999777853488922,-0.0324073359370231
47,0,19,0.1728261411190033,1.0210224390029907,-0.0283880103379488
47,0,20,0.1731879860162735,1.0347915887832642,-0.0244541205465793
47,0,24,0.6762844324111938,0.5361259579658508,-0.0642908290028572
47,0,25,0.8530367612838745,0.7843629121780396,-0.1461957097053527
47,1,0,0.7260071039199829,0.8830104470252991,3.391733685020881e-07
47,1,1,0.6801394820213318,0.8571431636810303,-0.0203840490430593
47,1,2,0.637753963470459,0.868221640586853,-0.026828421279788
47,1,3,0.6130051612854004,0.8991252779960632,-0.0276753362268209
47,1,4,0.6020657420158386,0.9253902435302734,-0.0274630133062601
47,1,5,0.6400080323219299,0.9311291575431824,-0.0325901918113231
47,1,6,0.5971384048461914,0.9695397019386292,-0.0419894494116306
47,1,7,0.5713396072387695,0.9891581535339355,-0.0457781590521335
47,1,8,0.5517992973327637,1.0027120113372805,-0.0468133836984634
47,1,9,0.6615152359008789,0.959011435508728,-0.0226024631410837
47,1,10,0.6199182271957397,0.9976873397827148,-0.0303103066980838
47,1,11,0.5943173170089722,1.0127954483032229,-0.031109195202589
47,1,12,0.5754070281982422,1.0210858583450315,-0.0302578844130039
47,1,13,0.6787979006767273,0.9748257994651794,-0.012670500203967
47,1,14,0.6416047811508179,1.0083563327789309,-0.0170571021735668
47,1,15,0.6172763109207153,1.0200127363204956,-0.0165449120104312
47,1,16,0.5988951325416565,1.0260769128799438,-0.0153956413269042
47,1,17,0.6907772421836853,0.9804858565330504,-0.0041766562499105
47,1,18,0.6590927839279175,1.007071852684021,-0.0071184490807354
47,1,19,0.6375443935394287,1.01791250705719,-0.0060194414108991
47,1,20,0.6206124424934387,1.0241127014160156,-0.0038069023285061
47,1,24,0.3071972727775574,0.5483067631721497,-0.0871162340044975
47,1,25,0.2213112413883209,0.783355712890625,-0.3156207501888275
52,0,0,0.2316617965698242,0.8898159861564636,2.6376429929086963e-08
52,0,1,0.2663304209709167,0.9192913174629213,-0.0060311187990009
52,0,2,0.2822229862213135,0.9653083086013794,-0.0115185063332319
52,0,3,0.2803243696689605,1.0041085481643677,-0.0155368503183126
52,0,4,0.2741604447364807,1.032266616821289,-0.0189875178039073
52,0,5,0.2568710744380951,0.9708770513534546,-0.0230898205190897
52,0,6,0.2514481544494629,1.019996166229248,-0.0337320752441883
52,0,7,0.2491020262241363,1.0457134246826172,-0.037563782185316
52,0,8,0.2478374391794204,1.0626003742218018,-0.0386818125844001
52,0,9,0.2270793914794922,0.9664357900619508,-0.0255188457667827
52,0,10,0.2204641997814178,1.0182589292526243,-0.0332898013293743
52,0,11,0.2189701348543167,1.043879508972168,-0.0342414118349552
52,0,12,0.2168544381856918,1.0614393949508667,-0.034484501928091
52,0,13,0.2011353969573974,0.960005521774292,-0.0275750700384378
52,0,14,0.1938121616840362,1.0104563236236572,-0.0345695279538631
52,0,15,0.1928716897964477,1.037165284156799,-0.0326049476861953
52,0,16,0.191289946436882,1.055925369262695,-0.0304399076849222
52,0,17,0.1804677993059158,0.9533512592315674,-0.0297492388635873
52,0,18,0.1738664656877517,0.9952852725982666,-0.0352875441312789
52,0,19,0.1734123826026916,1.0201539993286133,-0.0328002385795116
52,0,20,0.1736318171024322,1.0381020307540894,-0.0296570137143135
52,0,24,0.6755008697509766,0.5399730801582336,-0.1037317961454391
52,0,25,0.8559125065803528,0.7865277528762817,-0.2161312848329544
52,1,0,0.7274361252784729,0.8834600448608398,3.816260516487091e-07
52,1,1,0.6820306777954102,0.8547930717468262,-0.0228031370788812
52,1,2,0.6390029788017273,0.8656479716300964,-0.030229166150093
52,1,3,0.6150088906288147,0.8977867960929871,-0.0310992710292339
52,1,4,0.6056119203567505,0.9247170686721802,-0.0307924803346395
52,1,5,0.6422915458679199,0.9251738786697388,-0.0390257015824317
52,1,6,0.597983717918396,0.964625120162964,-0.0485685802996158
52,1,7,0.5721256136894226,0.9856145977973938,-0.0510732233524322
52,1,8,0.5530259609222412,1.0002580881118774,-0.0510972775518894
52,1,9,0.66273432970047,0.9549723863601683,-0.0277150422334671
52,1,10,0.6160585880279541,0.9930713176727296,-0.0366435274481773
52,1,11,0.5884972810745239,1.007843255996704,-0.0365783646702766
52,1,12,0.5682954788208008,1.0154964923858645,-0.0345591157674789
52,1,13,0.6777877807617188,0.9723654985427856,-0.0162502583116292
52,1,14,0.6337776780128479,1.0040377378463743,-0.0214424524456262
52,1,15,0.6075089573860168,1.014006733894348,-0.0210275687277317
52,1,16,0.5879907011985779,1.0190778970718384,-0.019582500681281
52,1,17,0.6869528293609619,0.9790858626365662,-0.0062399669550359
52,1,18,0.6486101150512695,1.0012065172195437,-0.0096076503396034
52,1,19,0.6249378323554993,1.0083667039871216,-0.0087739946320652
52,1,20,0.6068434119224548,1.012040138244629,-0.0065671629272401
52,1,24,0.3044390678405761,0.5536831617355347,-0.1260553002357483
52,1,25,0.2250912487506866,0.808444619178772,-0.3567436635494232
