Frame,Hand,Landmark,X,Y,Z
2,0,0,0.3535009026527405,0.3889564275741577,2.757814456799679e-07
2,0,1,0.3487235903739929,0.3534310162067413,4.396566873765551e-05
2,0,2,0.357065737247467,0.3142624795436859,-0.0031429308000952
2,0,3,0.361272394657135,0.2859539985656738,-0.0072554382495582
2,0,4,0.3557609021663666,0.2663718163967132,-0.012037893757224
2,0,5,0.389400839805603,0.2945074141025543,-0.0067893383093178
2,0,6,0.4238917529582977,0.2634064853191376,-0.015999361872673
2,0,7,0.4482660293579101,0.2441143244504928,-0.0233888700604438
2,0,8,0.466989129781723,0.2297167479991912,-0.0280365720391273
2,0,9,0.4055767357349396,0.3058883547782898,-0.0143881477415561
2,0,10,0.4475864470005035,0.2729429602622986,-0.0204614698886871
2,0,11,0.4752962589263916,0.2508139610290527,-0.0261354818940162
2,0,12,0.4966633021831512,0.2323629856109619,-0.0304013472050428
2,0,13,0.4201209247112274,0.3238339722156524,-0.0220346581190824
2,0,14,0.4621590375900268,0.2924767434597015,-0.0270962882786989
2,0,15,0.4881834387779236,0.2724054455757141,-0.0313540212810039
2,0,16,0.5068291425704956,0.2557603120803833,-0.0346896052360534
2,0,17,0.4315910637378692,0.3465647995471954,-0.0297860726714134
2,0,18,0.4638939201831817,0.3233006298542022,-0.0337430238723754
2,0,19,0.4827508628368377,0.3078398406505584,-0.0340528525412082
2,0,20,0.4970351755619049,0.2947074174880981,-0.0340478084981441
2,0,21,0.5230590105056763,0.2796165347099304,-0.5632240176200867
2,0,22,0.5568944215774536,0.2285048961639404,-0.5149489641189575
2,0,23,0.5426750779151917,0.3158242106437683,-0.4651907682418823
2,1,0,0.6459785103797913,0.4126307368278503,1.0143397588535664e-07
2,1,1,0.6527835726737976,0.3753696084022522,0.0068279188126325
2,1,2,0.6409557461738586,0.3380624651908874,0.0083403382450342
2,1,3,0.6301773190498352,0.3127764165401459,0.0078357616439461
2,1,4,0.6319923400878906,0.2921456396579742,0.0063495482318103
2,1,5,0.6172366738319397,0.3120751678943634,-0.0010180083336308
2,1,6,0.5883015394210815,0.2765045762062073,-0.0084581272676587
2,1,7,0.5697483420372009,0.2530000209808349,-0.0135258780792355
2,1,8,0.5551047325134277,0.2342103123664856,-0.017152514308691
2,1,9,0.6023949980735779,0.3218807876110077,-0.010324983857572
2,1,10,0.567518949508667,0.2814950942993164,-0.0192367024719715
2,1,11,0.5455813407897949,0.2551200687885284,-0.0251484755426645
2,1,12,0.5272637605667114,0.2331359684467315,-0.0287182331085205
2,1,13,0.5876963138580322,0.3375897407531738,-0.0188915822654962
2,1,14,0.553824245929718,0.2998267412185669,-0.0271079335361719
2,1,15,0.5316170454025269,0.2740738689899444,-0.0322293639183044
2,1,16,0.5145189166069031,0.2529092133045196,-0.0351808033883571
2,1,17,0.5731657147407532,0.3596852421760559,-0.0265533961355686
2,1,18,0.5472322106361389,0.3307251334190368,-0.0339391268789768
2,1,19,0.5309757590293884,0.3109851777553558,-0.0364972464740276
2,1,20,0.5178065896034241,0.2942399680614471,-0.0374426506459713
2,1,21,0.5230590105056763,0.2796165347099304,-0.5632240176200867
2,1,22,0.4993911981582641,0.2267544269561767,-0.509053111076355
2,1,23,0.4960512816905975,0.316598117351532,-0.4551122784614563
3,0,0,0.3550465106964111,0.387931227684021,2.756353012500768e-07
3,0,1,0.3492999374866485,0.3513140976428985,0.0004355745913926
3,0,2,0.3573144972324371,0.3123115301132202,-0.0028118756599724
3,0,3,0.3613350689411163,0.2840628921985626,-0.007023683283478
3,0,4,0.3559065461158752,0.2646871507167816,-0.0120273455977439
3,0,5,0.3900581002235412,0.2943111956119537,-0.008017498999834
3,0,6,0.4237275123596191,0.2630269229412079,-0.0179159007966518
3,0,7,0.4477059841156006,0.2437276989221573,-0.0253692027181386
3,0,8,0.4662159979343414,0.2295140475034713,-0.029965104535222
3,0,9,0.4055463671684265,0.3060392737388611,-0.0159823521971702
3,0,10,0.447339802980423,0.2720013260841369,-0.0230560153722763
3,0,11,0.4747483432292938,0.249783918261528,-0.0289292261004447
3,0,12,0.496050477027893,0.2317878603935241,-0.0331129059195518
3,0,13,0.4195001125335693,0.3243481814861297,-0.0239210091531276
3,0,14,0.4615125954151153,0.2918933928012848,-0.0300058536231517
3,0,15,0.4871893525123596,0.2717140913009643,-0.0347784981131553
3,0,16,0.5060726404190063,0.2551531791687011,-0.0383087359368801
3,0,17,0.430471658706665,0.347399890422821,-0.0318191573023796
3,0,18,0.4629494845867157,0.3241871893405914,-0.0368299894034862
3,0,19,0.4820384681224823,0.3089693188667297,-0.0378716252744197
3,0,20,0.4971107542514801,0.2959916889667511,-0.03830112144351
3,0,21,0.5212704539299011,0.2782478332519531,-0.5639356970787048
3,0,22,0.5571112036705017,0.2276524901390075,-0.512031614780426
3,0,23,0.5421950221061707,0.3137214183807373,-0.4636703729629516
3,1,0,0.6475642919540405,0.4150444269180298,1.1162552482346661e-07
3,1,1,0.6546981334686279,0.3764316141605377,0.0068568331189453
3,1,2,0.6425780057907104,0.3380670249462127,0.0087761916220188
3,1,3,0.6318105459213257,0.3115741312503814,0.0086072757840156
3,1,4,0.6329741477966309,0.2905837297439575,0.0074952794238924
3,1,5,0.6181880235671997,0.3130135536193847,-0.000662482518237
3,1,6,0.5881914496421814,0.2762200236320495,-0.0080926632508635
3,1,7,0.5694971084594727,0.2520982623100281,-0.0131949698552489
3,1,8,0.5546991229057312,0.2326302826404571,-0.0167319271713495
3,1,9,0.6022988557815552,0.3231376111507416,-0.0097416695207357
3,1,10,0.5671773552894592,0.2822380065917969,-0.0185745153576135
3,1,11,0.5454766750335693,0.2551984786987304,-0.024560235440731
3,1,12,0.5276243686676025,0.2329034507274627,-0.0281742736697196
3,1,13,0.5868744254112244,0.3386183381080627,-0.0180964693427085
3,1,14,0.5532559156417847,0.3005002439022064,-0.0259695127606391
3,1,15,0.53116375207901,0.2747787833213806,-0.0309408418834209
3,1,16,0.5143629312515259,0.2538850009441376,-0.0337067656219005
3,1,17,0.5717887878417969,0.3598679006099701,-0.0256261732429265
3,1,18,0.5456313490867615,0.3290708363056183,-0.0323881730437278
3,1,19,0.5293903350830078,0.308845967054367,-0.0346027091145515
3,1,20,0.5165901184082031,0.2920189201831817,-0.0352572202682495
3,1,21,0.5212704539299011,0.2782478332519531,-0.5639356970787048
3,1,22,0.4986229836940765,0.2254896759986877,-0.50816410779953
3,1,23,0.4946019351482391,0.3155528903007507,-0.4561043381690979
4,0,0,0.3548780679702759,0.3893785178661346,2.812381012518017e-07
4,0,1,0.3497033715248108,0.3533619046211242,0.0003192603762727
4,0,2,0.3573127388954162,0.3134845793247223,-0.0031677475199103
4,0,3,0.3609554469585418,0.2848483324050903,-0.0076485890895128
4,0,4,0.3553765118122101,0.2648758292198181,-0.0128512904047966
4,0,5,0.390315443277359,0.2941954433917999,-0.0078468983992934
4,0,6,0.424803227186203,0.2624403536319732,-0.0175926927477121
4,0,7,0.4495017528533935,0.2427609264850616,-0.0252318326383829
4,0,8,0.4682513475418091,0.2282758355140686,-0.0299572441726923
4,0,9,0.4056247770786285,0.305829644203186,-0.0156116150319576
4,0,10,0.4477962255477905,0.2727713584899902,-0.0222159177064895
4,0,11,0.4756776988506317,0.250697523355484,-0.0278543140739202
4,0,12,0.4969824254512787,0.2326691746711731,-0.0320116840302944
4,0,13,0.4196826517581939,0.324202299118042,-0.0233229994773864
4,0,14,0.4612175226211548,0.2926651239395141,-0.0286504067480564
4,0,15,0.4870034754276275,0.2726390957832336,-0.032502431422472
4,0,16,0.5055441856384277,0.256367951631546,-0.0355463474988937
4,0,17,0.4309129416942596,0.3474461734294891,-0.0311030317097902
4,0,18,0.4629101753234863,0.3242762386798858,-0.0349419489502906
4,0,19,0.4816058874130249,0.3090928196907043,-0.034861471503973
4,0,20,0.4962244033813476,0.296438604593277,-0.0345803797245025
4,0,21,0.0,0.0,0.0
4,0,22,0.0,0.0,0.0
4,0,23,0.0,0.0,0.0
4,1,0,0.6460486650466919,0.4120323061943054,1.1215933426456105e-07
4,1,1,0.6531962752342224,0.3741341233253479,0.0067933639511466
4,1,2,0.6414657831192017,0.3367426991462707,0.0084601622074842
4,1,3,0.6309532523155212,0.3118094801902771,0.0081644961610436
4,1,4,0.6324307918548584,0.2916537523269653,0.0069169127382338
4,1,5,0.6176972389221191,0.3121875822544098,-0.0017586358590051
4,1,6,0.5882881879806519,0.2765906751155853,-0.0093525098636746
4,1,7,0.5697134137153625,0.2527806162834167,-0.0144052486866712
4,1,8,0.5553556084632874,0.2336706519126892,-0.0179191250354051
4,1,9,0.6020560264587402,0.3229511082172394,-0.0108042154461145
4,1,10,0.56698077917099,0.2830312252044678,-0.0198709871619939
4,1,11,0.5450242161750793,0.2562952637672424,-0.0259201638400554
4,1,12,0.5269945859909058,0.2339365184307098,-0.029584789648652
4,1,13,0.5870203375816345,0.3389298617839813,-0.0190058834850788
4,1,14,0.5536342859268188,0.3015163540840149,-0.0271192714571952
4,1,15,0.5315295457839966,0.2758062481880188,-0.0322764068841934
4,1,16,0.514788031578064,0.2547342181205749,-0.035196166485548
4,1,17,0.5727649927139282,0.3604348301887512,-0.0263117495924234
4,1,18,0.5475373268127441,0.3311721086502075,-0.0335469804704189
4,1,19,0.5315529108047485,0.3113750219345093,-0.0360927544534206
4,1,20,0.5189390182495117,0.2948674261569977,-0.0369610600173473
4,1,21,0.0,0.0,0.0
4,1,22,0.0,0.0,0.0
4,1,23,0.0,0.0,0.0
6,0,0,0.356976717710495,0.3880022168159485,2.708781039473252e-07
6,0,1,0.3499621152877807,0.3518950045108795,0.0008190989610739
6,0,2,0.3575738072395324,0.3127722442150116,-0.0022795984987169
6,0,3,0.3617522716522217,0.2841312885284424,-0.0064523965120315
6,0,4,0.355856716632843,0.2641360461711883,-0.0113517502322793
6,0,5,0.3910627663135528,0.2928741872310638,-0.0072353892028331
6,0,6,0.4253000319004059,0.2614185214042663,-0.016608377918601
6,0,7,0.449373722076416,0.242182582616806,-0.0236898846924304
6,0,8,0.4675706624984741,0.2280694991350174,-0.0280314423143863
6,0,9,0.4073564112186432,0.3044485449790954,-0.015152970328927
6,0,10,0.4484375119209289,0.2709195911884308,-0.0219935607165098
6,0,11,0.4754423499107361,0.2489655017852783,-0.0277073122560977
6,0,12,0.4959614872932434,0.2312297821044922,-0.0317551158368587
6,0,13,0.4219966530799866,0.3223117589950561,-0.0229913908988237
6,0,14,0.4637876749038696,0.2905882596969604,-0.0287294164299964
6,0,15,0.4894089102745056,0.2704949378967285,-0.0333276279270648
6,0,16,0.5076223611831665,0.2540569901466369,-0.0366742424666881
6,0,17,0.4337646961212158,0.344718873500824,-0.0307820476591587
6,0,18,0.4671481847763061,0.3218263685703277,-0.0350211933255195
6,0,19,0.4861131608486175,0.3065416514873504,-0.0355743914842605
6,0,20,0.5003194212913513,0.2936207354068756,-0.035634521394968
6,0,21,0.0,0.0,0.0
6,0,22,0.0,0.0,0.0
6,0,23,0.0,0.0,0.0
6,1,0,0.6462798118591309,0.4132879972457886,1.1561845525420725e-07
6,1,1,0.6534838080406189,0.3747172653675079,0.0072606992907822
6,1,2,0.6414278149604797,0.3369040489196777,0.0090276207774877
6,1,3,0.6307905912399292,0.3111179769039154,0.0087244976311922
6,1,4,0.6331644058227539,0.2906843423843384,0.0073464484885334
6,1,5,0.6186739206314087,0.3137302100658417,-0.0019642803817987
6,1,6,0.5888356566429138,0.2765733301639557,-0.00965410284698
6,1,7,0.5697119832038879,0.2521182894706726,-0.014608341269195
6,1,8,0.5547448992729187,0.2326613217592239,-0.0179626308381557
6,1,9,0.6032328009605408,0.3237809836864471,-0.0112355574965476
6,1,10,0.5677672624588013,0.2821176052093506,-0.0203269552439451
6,1,11,0.5455572009086609,0.2545743882656097,-0.0262380074709653
6,1,12,0.5274820327758789,0.2319525778293609,-0.0297510102391242
6,1,13,0.5878725051879883,0.3392031490802765,-0.0195792000740766
6,1,14,0.553780198097229,0.3006652593612671,-0.0275949519127607
6,1,15,0.5314779281616211,0.2746613323688507,-0.032547503709793
6,1,16,0.5148763656616211,0.2536835074424743,-0.0352785401046276
6,1,17,0.572618842124939,0.3603824079036712,-0.0269729550927877
6,1,18,0.5464880466461182,0.3298995494842529,-0.0338782928884029
6,1,19,0.5303770303726196,0.3095740377902984,-0.0360887348651886
6,1,20,0.5178115367889404,0.2926692962646484,-0.0367337241768837
6,1,21,0.0,0.0,0.0
6,1,22,0.0,0.0,0.0
6,1,23,0.0,0.0,0.0
9,0,0,0.3563740849494934,0.3874953985214233,2.486150378899765e-07
9,0,1,0.3507170081138611,0.3508621454238891,0.0014058426022529
9,0,2,0.3586559891700744,0.312279611825943,-0.0011233871337026
9,0,3,0.3625679314136505,0.2838702201843261,-0.0047466964460909
9,0,4,0.3561148643493652,0.2650620639324188,-0.0091902734711766
9,0,5,0.3911053240299225,0.2933087944984436,-0.0071685817092657
9,0,6,0.4255026578903198,0.2620277106761932,-0.0164558980613946
9,0,7,0.449637621641159,0.2427644729614257,-0.023114938288927
9,0,8,0.4677567183971405,0.228649690747261,-0.0271518416702747
9,0,9,0.4073941707611084,0.3051441013813019,-0.0153109701350331
9,0,10,0.4487470984458923,0.2713274359703064,-0.0222530849277973
9,0,11,0.4755741953849792,0.2496362030506134,-0.0276742652058601
9,0,12,0.4955242276191711,0.23220194876194,-0.0314328745007514
9,0,13,0.4223894476890564,0.323063462972641,-0.0233496762812137
9,0,14,0.4644534587860107,0.2917706668376922,-0.0292894951999187
9,0,15,0.4900322556495666,0.2718887031078338,-0.0340535156428813
9,0,16,0.5081241130828857,0.2557145953178406,-0.0374476611614227
9,0,17,0.4344870150089264,0.3452672660350799,-0.0312397759407758
9,0,18,0.4675481915473938,0.3224067986011505,-0.0359135419130325
9,0,19,0.4865815639495849,0.3076065182685852,-0.0368765778839588
9,0,20,0.5009925365447998,0.2953997850418091,-0.037196796387434
9,0,21,0.0,0.0,0.0
9,0,22,0.0,0.0,0.0
9,0,23,0.0,0.0,0.0
9,1,0,0.6464332342147827,0.4126667976379394,1.2497393697685766e-07
9,1,1,0.6522737145423889,0.3740144371986389,0.0071916342712938
9,1,2,0.6401692628860474,0.3363766968250274,0.0090142348781228
9,1,3,0.6297624707221985,0.311349868774414,0.0087970159947872
9,1,4,0.632195770740509,0.2910228967666626,0.0076644518412649
9,1,5,0.6175598502159119,0.312423974275589,-0.0010171623434871
9,1,6,0.5876548290252686,0.2758882045745849,-0.008462824858725
9,1,7,0.5685648322105408,0.2517520487308502,-0.0133408792316913
9,1,8,0.5537644028663635,0.2325495779514312,-0.0165759585797786
9,1,9,0.6018974184989929,0.3226776719093323,-0.0100011900067329
9,1,10,0.5666303634643555,0.2818203866481781,-0.0188508089631795
9,1,11,0.5447028875350952,0.2548351883888244,-0.0245269034057855
9,1,12,0.5268316268920898,0.2325683385133743,-0.0278066210448741
9,1,13,0.5866184234619141,0.3382913470268249,-0.0181292407214641
9,1,14,0.553253173828125,0.3001380562782287,-0.0256773624569177
9,1,15,0.5315564274787903,0.2747194766998291,-0.0301507133990526
9,1,16,0.5153305530548096,0.2543985247611999,-0.0325148813426494
9,1,17,0.571670651435852,0.359680026769638,-0.0254041235893964
9,1,18,0.5464757680892944,0.3292427957057953,-0.0316725485026836
9,1,19,0.530491054058075,0.3093450665473938,-0.0334539525210857
9,1,20,0.5176993012428284,0.2931844890117645,-0.0337808318436145
9,1,21,0.0,0.0,0.0
9,1,22,0.0,0.0,0.0
9,1,23,0.0,0.0,0.0
10,0,0,0.3584248721599579,0.3866848349571228,2.8120643946749624e-07
10,0,1,0.3510015606880188,0.3504506051540375,-0.0001965805859072
10,0,2,0.357869803905487,0.3122920393943786,-0.0042584897018969
10,0,3,0.3615972995758056,0.284236192703247,-0.0091527365148067
10,0,4,0.3556981086730957,0.2644103467464447,-0.0148847922682762
10,0,5,0.3917144536972046,0.2936094999313354,-0.0099804075434803
10,0,6,0.4256794154644012,0.2623881697654724,-0.0204957164824008
10,0,7,0.449732095003128,0.2427963018417358,-0.0280267540365457
10,0,8,0.4678475558757782,0.2282633036375045,-0.0324885547161102
10,0,9,0.4073930978775024,0.3056806027889251,-0.0176872555166482
10,0,10,0.4485333859920501,0.2719288468360901,-0.0258826576173305
10,0,11,0.4762575924396515,0.2498532235622406,-0.0321451053023338
10,0,12,0.4973540604114532,0.2315581440925598,-0.0363694503903389
10,0,13,0.4217332899570465,0.323643684387207,-0.0253039821982383
10,0,14,0.4629439115524292,0.2925958633422851,-0.0324282720685005
10,0,15,0.4887850284576416,0.2720922827720642,-0.0377635322511196
10,0,16,0.5071708559989929,0.2547707557678222,-0.0413248613476753
10,0,17,0.4334500730037689,0.3458963632583618,-0.032814335078001
10,0,18,0.4662412106990814,0.3224279582500458,-0.0383873917162418
10,0,19,0.485010415315628,0.3066474795341491,-0.0396155044436454
10,0,20,0.4991732835769653,0.2929350137710571,-0.0399466976523399
10,0,21,0.0,0.0,0.0
10,0,22,0.0,0.0,0.0
10,0,23,0.0,0.0,0.0
10,1,0,0.6458433270454407,0.4127032160758972,1.0495553226519405e-07
10,1,1,0.6528202891349792,0.374210774898529,0.0076455669477581
10,1,2,0.6411762833595276,0.3366279006004333,0.0098679345101118
10,1,3,0.6310147643089294,0.3115066587924957,0.0099970903247594
10,1,4,0.6336315274238586,0.2913807332515716,0.0089998124167323
10,1,5,0.6179460287094116,0.3124738335609436,-0.000843749847263
10,1,6,0.5884845852851868,0.2759184241294861,-0.0081642577424645
10,1,7,0.5700132250785828,0.2517216205596924,-0.0130041623488068
10,1,8,0.5557637214660645,0.2323623895645141,-0.0163141079246997
10,1,9,0.6033027768135071,0.3224479556083679,-0.0101180421188473
10,1,10,0.5675732493400574,0.2817708253860473,-0.0186687111854553
10,1,11,0.5456867218017578,0.255123496055603,-0.0244917403906583
10,1,12,0.5278663039207458,0.233000636100769,-0.0280641242861747
10,1,13,0.5886815190315247,0.3378918468952179,-0.0185112357139587
10,1,14,0.5546002984046936,0.3000384867191314,-0.0263136904686689
10,1,15,0.5321894288063049,0.2745920717716217,-0.0314710326492786
10,1,16,0.5154452323913574,0.2541983425617218,-0.0344187468290329
10,1,17,0.5739640593528748,0.3591305613517761,-0.0259133614599704
10,1,18,0.5475656390190125,0.3294845521450043,-0.032925046980381
10,1,19,0.531291663646698,0.3096732497215271,-0.0354401245713233
10,1,20,0.5185229778289795,0.2933842241764068,-0.0363363847136497
10,1,21,0.0,0.0,0.0
10,1,22,0.0,0.0,0.0
10,1,23,0.0,0.0,0.0
12,0,0,0.3587607145309448,0.3851248025894165,2.947378732187645e-07
12,0,1,0.3508309721946716,0.3505873084068298,-0.0011404625838622
12,0,2,0.3572635650634765,0.3128228485584259,-0.0056690154597163
12,0,3,0.3616166412830353,0.285186618566513,-0.0108047313988208
12,0,4,0.3566996455192566,0.2657331228256225,-0.0167081709951162
12,0,5,0.392153799533844,0.2929714620113373,-0.0105336299166083
12,0,6,0.4253864884376526,0.2627778649330139,-0.020633952692151
12,0,7,0.4488374888896942,0.2441475987434387,-0.0282096788287162
12,0,8,0.4671258926391601,0.2306992411613464,-0.0328319892287254
12,0,9,0.4082434773445129,0.3049575388431549,-0.0178217515349388
12,0,10,0.4490764141082763,0.2715769112110138,-0.0255291741341352
12,0,11,0.4768013060092926,0.2496127784252166,-0.031885527074337
12,0,12,0.498348981142044,0.2317367196083068,-0.0362856201827526
12,0,13,0.4224632978439331,0.3232008814811706,-0.0250225625932216
12,0,14,0.4636105895042419,0.2920255362987518,-0.0319615080952644
12,0,15,0.4892419576644897,0.2720380425453186,-0.0372456721961498
12,0,16,0.5077552795410156,0.2555061280727386,-0.0408558025956153
12,0,17,0.4336319863796234,0.3461217582225799,-0.0321622565388679
12,0,18,0.4662835597991943,0.3233945965766907,-0.0375613644719123
12,0,19,0.4856529235839844,0.3080560863018036,-0.0385677777230739
12,0,20,0.5007262825965881,0.294788658618927,-0.038784310221672
12,0,21,0.0,0.0,0.0
12,0,22,0.0,0.0,0.0
12,0,23,0.0,0.0,0.0
12,1,0,0.6484294533729553,0.4134740531444549,9.024735447837885e-08
12,1,1,0.6535146236419678,0.3741441369056701,0.0088278613984584
12,1,2,0.6408403515815735,0.3366525173187256,0.0110472813248634
12,1,3,0.629786491394043,0.3117189109325409,0.0109842177480459
12,1,4,0.6320601105690002,0.2914788424968719,0.0096349800005555
12,1,5,0.6190854907035828,0.3129860460758209,-0.0009741419344209
12,1,6,0.5888262987136841,0.2764133214950561,-0.0084634330123662
12,1,7,0.57005774974823,0.2528298795223236,-0.013274734839797
12,1,8,0.5553575754165649,0.2336915433406829,-0.0165967363864183
12,1,9,0.6040282845497131,0.3232637643814087,-0.0110026895999908
12,1,10,0.5676549673080444,0.2817213535308838,-0.0201094914227724
12,1,11,0.5458365082740784,0.2550035715103149,-0.0258706826716661
12,1,12,0.5279877781867981,0.2328678518533706,-0.0292713176459074
12,1,13,0.589269757270813,0.3391182124614715,-0.019985256716609
12,1,14,0.5545347929000854,0.3006475865840912,-0.0282527990639209
12,1,15,0.5320361852645874,0.2748326063156128,-0.0331406146287918
12,1,16,0.5150032639503479,0.2539449632167816,-0.0358103029429912
12,1,17,0.5747395157814026,0.3609001636505127,-0.0278237219899892
12,1,18,0.5479152202606201,0.3304140269756317,-0.035034030675888
12,1,19,0.5315738320350647,0.3101907670497894,-0.0372235104441642
12,1,20,0.5185809135437012,0.2933370769023895,-0.0378345549106597
12,1,21,0.0,0.0,0.0
12,1,22,0.0,0.0,0.0
12,1,23,0.0,0.0,0.0
14,0,0,0.3587587177753448,0.3830912709236145,2.8978644195376546e-07
14,0,1,0.3509858250617981,0.3490894138813019,-0.0013666932936757
14,0,2,0.3573027551174164,0.312186598777771,-0.0061509083025157
14,0,3,0.361882746219635,0.2851245701313019,-0.0116010112687945
14,0,4,0.3572154343128204,0.2653422355651855,-0.0178375672549009
14,0,5,0.394448459148407,0.2919813096523285,-0.0106239560991525
14,0,6,0.4270091652870178,0.2614435255527496,-0.0212503336369991
14,0,7,0.4501586258411407,0.2423252761363983,-0.0291581433266401
14,0,8,0.4679998457431793,0.228581964969635,-0.0339130535721778
14,0,9,0.409903347492218,0.3040544986724853,-0.0178713556379079
14,0,10,0.4493331909179687,0.2705007493495941,-0.0261874832212924
14,0,11,0.4763893187046051,0.2486993819475174,-0.0327203087508678
14,0,12,0.4973108172416687,0.231203943490982,-0.0371644534170627
14,0,13,0.4235779643058777,0.3223156332969665,-0.0251602381467819
14,0,14,0.4641438722610473,0.2909999489784241,-0.0324792526662349
14,0,15,0.4890994727611542,0.2714282274246216,-0.0376983806490898
14,0,16,0.5071348547935486,0.2552688419818878,-0.0411409810185432
14,0,17,0.4346372187137604,0.345177561044693,-0.0324644595384597
14,0,18,0.4674805402755737,0.3219544589519501,-0.0381733626127243
14,0,19,0.4868371188640594,0.3062361776828766,-0.0395146273076534
14,0,20,0.5021117925643921,0.2925592362880707,-0.0398733764886856
14,0,21,0.0,0.0,0.0
14,0,22,0.0,0.0,0.0
14,0,23,0.0,0.0,0.0
14,1,0,0.646906316280365,0.4118030071258545,1.1676529965143345e-07
14,1,1,0.6541910767555237,0.3739079236984253,0.0070912432856857
14,1,2,0.6415104269981384,0.3366376161575317,0.0091353235766291
14,1,3,0.630072295665741,0.312048465013504,0.0091711394488811
14,1,4,0.6324909329414368,0.2916501760482788,0.0080932956188917
14,1,5,0.6169717907905579,0.3124189972877502,-0.0008474577334709
14,1,6,0.5887423157691956,0.2766405940055847,-0.0080640260130167
14,1,7,0.5709927678108215,0.2527088224887848,-0.0130135510116815
14,1,8,0.5569626688957214,0.2334796041250229,-0.0165540035814046
14,1,9,0.6016945838928223,0.3227292895317077,-0.0099785309284925
14,1,10,0.5671536326408386,0.2821934521198272,-0.0187282226979732
14,1,11,0.5455734729766846,0.2553114295005798,-0.0247683729976415
14,1,12,0.5276356935501099,0.2329684495925903,-0.028405288234353
14,1,13,0.5872304439544678,0.3388585448265075,-0.018281677737832
14,1,14,0.5542066693305969,0.3010638952255249,-0.0265062991529703
14,1,15,0.5324943661689758,0.2748894393444061,-0.03205057233572
14,1,16,0.5159029364585876,0.2535525262355804,-0.0351765900850296
14,1,17,0.573710560798645,0.3611603379249573,-0.0256165824830532
14,1,18,0.5489519238471985,0.3312188684940338,-0.0331397391855716
14,1,19,0.5332291722297668,0.3111423254013061,-0.0359571538865566
14,1,20,0.5206257104873657,0.2944023907184601,-0.037005927413702
14,1,21,0.0,0.0,0.0
14,1,22,0.0,0.0,0.0
14,1,23,0.0,0.0,0.0
16,0,0,0.3576854467391968,0.3869419395923614,2.8702558552140545e-07
16,0,1,0.3508385717868805,0.3515459895133972,-0.0004600129905156
16,0,2,0.3580868244171142,0.3124932050704956,-0.0044038500636816
16,0,3,0.3622415065765381,0.2844462096691131,-0.0092390477657318
16,0,4,0.3567074537277221,0.2643836736679077,-0.0147775532677769
16,0,5,0.3938019275665283,0.2928453981876373,-0.0085602821782231
16,0,6,0.4277775883674621,0.2614650726318359,-0.0182492118328809
16,0,7,0.4512190520763397,0.2426970601081848,-0.0256007388234138
16,0,8,0.4691095948219299,0.2287934720516204,-0.0301161464303731
16,0,9,0.4086030423641205,0.3049243092536926,-0.0160917043685913
16,0,10,0.4499744176864624,0.2715190351009369,-0.0234642345458269
16,0,11,0.4769533574581146,0.2489591836929321,-0.0295384004712104
16,0,12,0.497512549161911,0.2303685545921325,-0.0337695404887199
16,0,13,0.4217517375946045,0.3234070837497711,-0.0236891191452741
16,0,14,0.4641261994838714,0.2917596697807312,-0.0301282331347465
16,0,15,0.4896692633628845,0.2710226476192474,-0.0353605672717094
16,0,16,0.5077766180038452,0.2535404562950134,-0.0390434153378009
16,0,17,0.4321230053901672,0.3463888168334961,-0.0312833040952682
16,0,18,0.4660354554653168,0.3235558271408081,-0.0364245511591434
16,0,19,0.4853370189666748,0.3075923323631286,-0.037707969546318
16,0,20,0.5001574158668518,0.2935367822647095,-0.0382209606468677
16,0,21,0.0,0.0,0.0
16,0,22,0.0,0.0,0.0
16,0,23,0.0,0.0,0.0
16,1,0,0.6457370519638062,0.4133521914482116,9.81534071797796e-08
16,1,1,0.6528645753860474,0.3740936517715454,0.006834112573415
16,1,2,0.6412878036499023,0.3366761207580566,0.0079550296068191
16,1,3,0.6300206780433655,0.3109493851661682,0.0071864007040858
16,1,4,0.6335436701774597,0.2908841669559479,0.0050410293042659
16,1,5,0.6195820569992065,0.3135384321212768,-0.0037141060456633
16,1,6,0.5899035930633545,0.2769922018051147,-0.0119123579934239
16,1,7,0.5709956884384155,0.2533104717731476,-0.0171679761260747
16,1,8,0.5559886693954468,0.2341056913137436,-0.0209419038146734
16,1,9,0.604127049446106,0.3238131999969482,-0.0130899539217352
16,1,10,0.5689401626586914,0.2818956077098846,-0.0231334138661623
16,1,11,0.5466494560241699,0.2545392215251922,-0.0297380313277244
16,1,12,0.5281360745429993,0.2316369414329528,-0.0337726101279258
16,1,13,0.5890823006629944,0.3400089740753174,-0.0214858278632164
16,1,14,0.5549222230911255,0.3007265627384186,-0.0309571512043476
16,1,15,0.5324296355247498,0.2738257050514221,-0.0371001735329628
16,1,16,0.5154018402099609,0.2520097494125366,-0.0406050086021423
16,1,17,0.5742575526237488,0.3619884252548218,-0.0287742763757705
16,1,18,0.5480695962905884,0.3314214050769806,-0.0373038277029991
16,1,19,0.5318455100059509,0.3108609020709991,-0.040708091109991
16,1,20,0.5188982486724854,0.2932641208171844,-0.0422155372798442
16,1,21,0.0,0.0,0.0
16,1,22,0.0,0.0,0.0
16,1,23,0.0,0.0,0.0
18,0,0,0.3578555583953857,0.3859916925430298,2.8809230911974737e-07
18,0,1,0.3507406711578369,0.3507967889308929,-0.0005641645984724
18,0,2,0.3569650948047638,0.312672883272171,-0.0050335745327174
18,0,3,0.3608820140361786,0.2850785851478576,-0.010260191746056
18,0,4,0.3564304411411285,0.2650922834873199,-0.0163342021405696
18,0,5,0.3929328024387359,0.2924345731735229,-0.0100942691788077
18,0,6,0.4260234236717224,0.2620989084243774,-0.0206827241927385
18,0,7,0.4491028487682342,0.2434137910604477,-0.028459059074521
18,0,8,0.4669880270957947,0.2294887602329254,-0.0331736356019973
18,0,9,0.4083258807659149,0.3045478463172912,-0.0178321059793233
18,0,10,0.4491011202335357,0.271115243434906,-0.0262538846582174
18,0,11,0.4767068326473236,0.2493205964565277,-0.0328508391976356
18,0,12,0.497861236333847,0.2311704456806183,-0.0373147726058959
18,0,13,0.4222192168235779,0.3230569362640381,-0.0255730636417865
18,0,14,0.4633402228355407,0.2926317453384399,-0.0331269726157188
18,0,15,0.4890887141227722,0.2728126347064972,-0.0386582873761653
18,0,16,0.5075979828834534,0.2559337317943573,-0.042325671762228
18,0,17,0.4334383904933929,0.3462007641792297,-0.0331943295896053
18,0,18,0.4660611748695373,0.3229673504829407,-0.0392432324588298
18,0,19,0.485698938369751,0.3071143925189972,-0.0408008359372615
18,0,20,0.5014199614524841,0.2930186092853546,-0.0413439460098743
18,0,21,0.5207728743553162,0.2771834135055542,-0.6706778407096863
18,0,22,0.553999125957489,0.2268562316894531,-0.6151048541069031
18,0,23,0.5403154492378235,0.3134805560111999,-0.5552700757980347
18,1,0,0.6474234461784363,0.4127421975135803,1.0123564209152393e-07
18,1,1,0.6539273262023926,0.3747859895229339,0.0069637224078178
18,1,2,0.6419355869293213,0.337143063545227,0.0086472937837243
18,1,3,0.630664050579071,0.3121022880077362,0.0084560206159949
18,1,4,0.6328264474868774,0.2919129729270935,0.0070359003730118
18,1,5,0.6192829012870789,0.3123447000980377,-0.0023056163918226
18,1,6,0.5903483033180237,0.2765228152275085,-0.0097008906304836
18,1,7,0.5718000531196594,0.2529574930667877,-0.0144681176170706
18,1,8,0.5572789311408997,0.2339089512825012,-0.0179074462503194
18,1,9,0.6039727330207825,0.3223210871219635,-0.011473674327135
18,1,10,0.5688868165016174,0.2818809747695923,-0.0202565789222717
18,1,11,0.5467880964279175,0.2555218338966369,-0.0259481370449066
18,1,12,0.528618574142456,0.2334292531013488,-0.0294767096638679
18,1,13,0.5891404151916504,0.3382315039634704,-0.0197520870715379
18,1,14,0.5546630620956421,0.3000708520412445,-0.0278367064893245
18,1,15,0.532578706741333,0.2741576433181762,-0.0330314524471759
18,1,16,0.5159283876419067,0.2525682747364044,-0.0361702814698219
18,1,17,0.5746397376060486,0.3604617118835449,-0.0270419679582119
18,1,18,0.5480201244354248,0.3309726417064667,-0.0345092862844467
18,1,19,0.5321781039237976,0.3108298778533935,-0.03731669485569
18,1,20,0.5197548270225525,0.2935415804386139,-0.038521371781826
18,1,21,0.5207728743553162,0.2771834135055542,-0.6706778407096863
18,1,22,0.496368944644928,0.2237562537193298,-0.60935378074646
18,1,23,0.4940153956413269,0.3162308931350708,-0.5456253290176392
20,0,0,0.3566547036170959,0.3893777430057525,2.696529008971993e-07
20,0,1,0.3498261570930481,0.3547338843345642,-0.0006784527213312
20,0,2,0.3564906418323517,0.3154290616512298,-0.0046012345701456
20,0,3,0.3613618612289428,0.2868355214595794,-0.009396675042808
20,0,4,0.3565043807029724,0.266651302576065,-0.0148801272734999
20,0,5,0.392950177192688,0.2937388122081756,-0.0082795061171054
20,0,6,0.4257157742977142,0.2625236809253692,-0.0183970257639884
20,0,7,0.4489250481128692,0.2431632578372955,-0.0262714754790067
20,0,8,0.4668654501438141,0.2287898063659668,-0.0312751941382885
20,0,9,0.4081997573375702,0.3051308095455169,-0.0161369275301694
20,0,10,0.4478525221347809,0.2707428634166717,-0.0237490031868219
20,0,11,0.4748516678810119,0.248751163482666,-0.0301836505532264
20,0,12,0.4958749711513519,0.2306855022907257,-0.0347196087241172
20,0,13,0.4218890368938446,0.3233531415462494,-0.0241419803351163
20,0,14,0.4624464511871338,0.2915979921817779,-0.0310224946588277
20,0,15,0.4880512356758117,0.2715380787849426,-0.0363227128982543
20,0,16,0.5067552924156189,0.2547186315059662,-0.0400467067956924
20,0,17,0.432850182056427,0.3465969562530517,-0.0321978479623794
20,0,18,0.4648857414722442,0.3231135606765747,-0.0378162153065204
20,0,19,0.4837657511234283,0.3074665665626526,-0.0391490571200847
20,0,20,0.4988980889320373,0.2939580380916595,-0.0396668389439582
20,0,21,0.0,0.0,0.0
20,0,22,0.0,0.0,0.0
20,0,23,0.0,0.0,0.0
20,1,0,0.6471791863441467,0.4125382304191589,9.190871708142369e-08
20,1,1,0.652942955493927,0.3734997510910034,0.008342707529664
20,1,2,0.6404987573623657,0.3358213603496551,0.0107151921838521
20,1,3,0.6297748684883118,0.31087327003479,0.0108860190957784
20,1,4,0.6327753067016602,0.290851891040802,0.009893974289298
20,1,5,0.6183465123176575,0.3115305304527282,-0.0001191130431834
20,1,6,0.5893554091453552,0.2760387361049652,-0.0074106371030211
20,1,7,0.5709363222122192,0.2526823282241821,-0.0123510081321001
20,1,8,0.5565016865730286,0.2336276322603225,-0.0158364921808242
20,1,9,0.6033965945243835,0.3215210139751434,-0.0098493080586195
20,1,10,0.5677806735038757,0.2810470759868622,-0.0189208723604679
20,1,11,0.5460054278373718,0.2544114887714386,-0.0248268079012632
20,1,12,0.5279873609542847,0.2320140302181244,-0.0283370744436979
20,1,13,0.5886406302452087,0.3372951447963714,-0.0186507906764745
20,1,14,0.554542601108551,0.2996571362018585,-0.026980523020029
20,1,15,0.5326024889945984,0.2740524709224701,-0.0319877788424491
20,1,16,0.5158450603485107,0.2530584037303924,-0.0347015187144279
20,1,17,0.5741111040115356,0.3593807518482208,-0.0263873599469661
20,1,18,0.5477243661880493,0.3294104337692261,-0.0335776917636394
20,1,19,0.5317960977554321,0.3095681965351105,-0.0358866900205612
20,1,20,0.5191258788108826,0.2929333746433258,-0.0366257354617118
20,1,21,0.0,0.0,0.0
20,1,22,0.0,0.0,0.0
20,1,23,0.0,0.0,0.0
22,0,0,0.3558995127677917,0.3864787220954895,2.957375215828506e-07
22,0,1,0.3493129312992096,0.3510093688964844,-0.0015683956444263
22,0,2,0.3563211560249328,0.314382791519165,-0.0071284743025898
22,0,3,0.3609734177589416,0.2866718471050262,-0.0134906191378831
22,0,4,0.3560589253902435,0.2660180032253265,-0.0205767899751663
22,0,5,0.3926851153373718,0.2934538125991821,-0.010381432250142
22,0,6,0.4264616370201111,0.2629002928733825,-0.0214677602052688
22,0,7,0.4498702883720398,0.2435295134782791,-0.0300569646060466
22,0,8,0.4679018557071686,0.2290552854537964,-0.0354131311178207
22,0,9,0.4079240560531616,0.3050619065761566,-0.0181882083415985
22,0,10,0.4481833279132843,0.2715422511100769,-0.0266945250332355
22,0,11,0.475003182888031,0.2494326680898666,-0.0337149798870086
22,0,12,0.4956830441951751,0.2309317588806152,-0.0385995730757713
22,0,13,0.4218638241291046,0.323143869638443,-0.0261051319539546
22,0,14,0.4628695845603943,0.2911734879016876,-0.0335610061883926
22,0,15,0.4881380498409271,0.2707627713680267,-0.0388056188821792
22,0,16,0.5064110159873962,0.2534961104393005,-0.0424232520163059
22,0,17,0.4332348704338074,0.3461887836456299,-0.0341014340519905
22,0,18,0.4653054773807525,0.3223089873790741,-0.039687518030405
22,0,19,0.4844977259635925,0.3064963221549988,-0.0405935607850551
22,0,20,0.4998153746128082,0.2927612066268921,-0.0407443419098854
22,0,21,0.0,0.0,0.0
22,0,22,0.0,0.0,0.0
22,0,23,0.0,0.0,0.0
22,1,0,0.6463037133216858,0.4119295477867126,1.3079558414119674e-07
22,1,1,0.6526703238487244,0.3737437129020691,0.0070202173665165
22,1,2,0.640393078327179,0.3362205922603607,0.0088693294674158
22,1,3,0.629637598991394,0.31121626496315,0.0087140770629048
22,1,4,0.6319266557693481,0.2913485169410705,0.0075290501117706
22,1,5,0.6183077096939087,0.3135070204734802,-0.0019957819022238
22,1,6,0.5892459750175476,0.2770142257213592,-0.0097244633361697
22,1,7,0.5708629488945007,0.2528584003448486,-0.0146061275154352
22,1,8,0.5566812753677368,0.2336585968732834,-0.017777869477868
22,1,9,0.6033294200897217,0.323341816663742,-0.0111265582963824
22,1,10,0.5677614212036133,0.2817872166633606,-0.0204770658165216
22,1,11,0.5451050996780396,0.2544337809085846,-0.0264212172478437
22,1,12,0.526497483253479,0.2318946868181228,-0.0298214871436357
22,1,13,0.58861243724823,0.3385536074638366,-0.0193633660674095
22,1,14,0.5545982718467712,0.2998187243938446,-0.0275444593280553
22,1,15,0.5321071743965149,0.2739562392234802,-0.0326957553625106
22,1,16,0.515099823474884,0.2532346546649933,-0.035420686006546
22,1,17,0.5739187598228455,0.3596230149269104,-0.0266518555581569
22,1,18,0.548021137714386,0.3288751244544983,-0.033634465187788
22,1,19,0.5318571329116821,0.3089588582515716,-0.0359840914607048
22,1,20,0.519005298614502,0.2926798164844513,-0.0366853885352611
22,1,21,0.0,0.0,0.0
22,1,22,0.0,0.0,0.0
22,1,23,0.0,0.0,0.0
23,0,0,0.3561497926712036,0.3881158828735351,2.5826511773630045e-07
23,0,1,0.3498676419258117,0.3517994582653045,0.0015364859718829
23,0,2,0.3577301204204559,0.3135567903518677,-0.0015071262605488
23,0,3,0.362265020608902,0.284924179315567,-0.0057774661108851
23,0,4,0.3568465411663055,0.2652518451213836,-0.0108515210449695
23,0,5,0.3901372253894806,0.2946910560131073,-0.0056164115667343
23,0,6,0.4233083724975586,0.2644379436969757,-0.0147906318306922
23,0,7,0.4466516375541687,0.2453926652669906,-0.0221009459346532
23,0,8,0.464640349149704,0.2313659191131591,-0.0266964212059974
23,0,9,0.4065418839454651,0.3052870333194732,-0.0140723837539553
23,0,10,0.4479155838489532,0.2711804509162903,-0.0202893540263175
23,0,11,0.4746202230453491,0.2491794824600219,-0.0258541833609342
23,0,12,0.4945784509181976,0.2315915673971176,-0.0298769325017929
23,0,13,0.4215386807918548,0.3225459158420563,-0.0224833413958549
23,0,14,0.4640901684761047,0.2912132143974304,-0.0278163906186819
23,0,15,0.489275574684143,0.2710670232772827,-0.0321290157735347
23,0,16,0.5066638588905334,0.254402220249176,-0.0353828743100166
23,0,17,0.4336211085319519,0.3450862467288971,-0.0308058261871337
23,0,18,0.4671771228313446,0.321974366903305,-0.0348812788724899
23,0,19,0.4860638976097107,0.3067014515399933,-0.0351131111383438
23,0,20,0.5000271201133728,0.2935036718845367,-0.0349905677139759
23,0,21,0.0,0.0,0.0
23,0,22,0.0,0.0,0.0
23,0,23,0.0,0.0,0.0
23,1,0,0.6462727189064026,0.4125002026557922,1.0493027957636516e-07
23,1,1,0.6533071994781494,0.3726371824741363,0.007087530568242
23,1,2,0.6408364772796631,0.3357210159301758,0.0087194023653864
23,1,3,0.6290069818496704,0.3113101124763489,0.0081936987116932
23,1,4,0.6311143040657043,0.2915124893188476,0.0066061685793101
23,1,5,0.6182907819747925,0.3129216730594635,-0.001090426580049
23,1,6,0.5887987613677979,0.2768521904945373,-0.0087417438626289
23,1,7,0.569912314414978,0.2532411515712738,-0.0138242980465292
23,1,8,0.5551602244377136,0.2342415750026703,-0.01741055957973
23,1,9,0.6024934649467468,0.3228073418140411,-0.0104931648820638
23,1,10,0.5668372511863708,0.2819258570671081,-0.0196290500462055
23,1,11,0.544757068157196,0.2551736831665039,-0.0254951734095811
23,1,12,0.5268965363502502,0.232643723487854,-0.0289823040366172
23,1,13,0.5874565243721008,0.338163286447525,-0.0191245973110198
23,1,14,0.5532738566398621,0.2998437285423279,-0.0273768957704305
23,1,15,0.5313971042633057,0.273703396320343,-0.0324714258313179
23,1,16,0.514703094959259,0.2521099150180816,-0.03538354113698
23,1,17,0.573226809501648,0.3595526218414306,-0.0268330574035644
23,1,18,0.5476750731468201,0.3298891484737396,-0.0339832156896591
23,1,19,0.5316705107688904,0.3101218342781067,-0.036321185529232
23,1,20,0.5186733603477478,0.2933477461338043,-0.0371556915342807
23,1,21,0.0,0.0,0.0
23,1,22,0.0,0.0,0.0
23,1,23,0.0,0.0,0.0
26,0,0,0.3584920763969421,0.387583464384079,2.9555238256762095e-07
26,0,1,0.3495137095451355,0.3532246947288513,-0.0012313986662775
26,0,2,0.3561415672302246,0.3149153292179107,-0.0061672329902648
26,0,3,0.3613033890724182,0.286221444606781,-0.0118480613455176
26,0,4,0.3557211756706238,0.2656331062316894,-0.0183664802461862
26,0,5,0.3898416757583618,0.2953181564807892,-0.0115989036858081
26,0,6,0.4237138330936432,0.2635380029678345,-0.0226631760597229
26,0,7,0.4474464058876037,0.244425356388092,-0.0304589066654443
26,0,8,0.4659513533115387,0.2306575179100036,-0.0349979698657989
26,0,9,0.4054300189018249,0.3071687221527099,-0.0190870407968759
26,0,10,0.4464216530323028,0.2722117006778717,-0.028025783598423
26,0,11,0.473648726940155,0.2492994517087936,-0.0346234589815139
26,0,12,0.4947125315666199,0.2307985723018646,-0.0389703251421451
26,0,13,0.4197496473789215,0.3249326050281524,-0.0265389289706945
26,0,14,0.4618757963180542,0.2924052774906158,-0.0344039872288703
26,0,15,0.4873757362365722,0.2714075446128845,-0.0398971587419509
26,0,16,0.50593101978302,0.2539213001728058,-0.0434270352125167
26,0,17,0.4315840005874634,0.346827894449234,-0.0339199565351009
26,0,18,0.4654828906059265,0.3224035203456878,-0.0400040745735168
26,0,19,0.4851314425468445,0.305977314710617,-0.0415666066110134
26,0,20,0.5007050037384033,0.2915169596672058,-0.0420964248478412
26,0,21,0.0,0.0,0.0
26,0,22,0.0,0.0,0.0
26,0,23,0.0,0.0,0.0
26,1,0,0.6457065343856812,0.4129852056503296,1.109683651634441e-07
26,1,1,0.6532320976257324,0.3748031258583069,0.006354468408972
26,1,2,0.6406717300415039,0.3369942903518677,0.0082651441916823
26,1,3,0.6294384598731995,0.3115463852882385,0.0082297921180725
26,1,4,0.631636917591095,0.2911500334739685,0.0072745201177895
26,1,5,0.6174508333206177,0.3130243718624115,-0.0007132682367227
26,1,6,0.5892412066459656,0.2764847874641418,-0.0080581847578287
26,1,7,0.5709676146507263,0.2524910271167755,-0.0130909765139222
26,1,8,0.5566685795783997,0.233327180147171,-0.0165788438171148
26,1,9,0.602255642414093,0.3225765228271484,-0.0095159029588103
26,1,10,0.5681297779083252,0.281288594007492,-0.0182829014956951
26,1,11,0.5465401411056519,0.2542166113853454,-0.0242766980081796
26,1,12,0.5287451148033142,0.2318719923496246,-0.0278419572860002
26,1,13,0.5874162912368774,0.3375440537929535,-0.0176298543810844
26,1,14,0.554182231426239,0.2994595766067505,-0.0254589710384607
26,1,15,0.532328724861145,0.2740361094474792,-0.0304929576814174
26,1,16,0.5156465768814087,0.2533717751502991,-0.0332861691713333
26,1,17,0.5728870630264282,0.3586949110031128,-0.0249347891658544
26,1,18,0.5468738079071045,0.3289374113082886,-0.0315870493650436
26,1,19,0.5308282971382141,0.3092572093009949,-0.0338174849748611
26,1,20,0.5181246995925903,0.2929122745990753,-0.0345561429858207
26,1,21,0.0,0.0,0.0
26,1,22,0.0,0.0,0.0
26,1,23,0.0,0.0,0.0
27,0,0,0.3584242463111877,0.3864723443984985,2.949710733446409e-07
27,0,1,0.3503673076629638,0.351987361907959,-0.0008909004391171
27,0,2,0.3572809100151062,0.3137319087982178,-0.0049634580500423
27,0,3,0.3615569174289703,0.2854173481464386,-0.0098131131380796
27,0,4,0.3554810881614685,0.2656312584877014,-0.01543421857059
27,0,5,0.3902424573898315,0.2948838174343109,-0.0093011148273944
27,0,6,0.4242475926876068,0.2641979455947876,-0.019401378929615
27,0,7,0.4479151368141174,0.2450385689735412,-0.0268108416348695
27,0,8,0.4659817218780517,0.230870708823204,-0.0313179194927215
27,0,9,0.4059891998767853,0.306522399187088,-0.0166254267096519
27,0,10,0.4469523131847381,0.2727850973606109,-0.0243118591606616
27,0,11,0.4742073118686676,0.2503747045993805,-0.0306020639836788
27,0,12,0.4951146245002746,0.232008621096611,-0.0349451377987861
27,0,13,0.4201914966106415,0.3242654204368591,-0.0239677932113409
27,0,14,0.4611753821372986,0.2928511798381805,-0.0309596974402666
27,0,15,0.4865464866161346,0.2727024555206299,-0.0362348444759845
27,0,16,0.5048404932022095,0.2555558681488037,-0.0398003458976745
27,0,17,0.4316553473472595,0.3465878665447235,-0.03126235678792
27,0,18,0.4643646478652954,0.3239089250564575,-0.0369396656751632
27,0,19,0.4833996295928955,0.3083622753620147,-0.0383686162531375
27,0,20,0.4981462657451629,0.2944634556770324,-0.0389064848423004
27,0,21,0.0,0.0,0.0
27,0,22,0.0,0.0,0.0
27,0,23,0.0,0.0,0.0
27,1,0,0.6464093923568726,0.4139537513256073,1.0048569976106593e-07
27,1,1,0.6523239016532898,0.3725847899913788,0.0091694369912147
27,1,2,0.6398237943649292,0.3343113958835602,0.0124983116984367
27,1,3,0.6288914084434509,0.3090592622756958,0.0135210463777184
27,1,4,0.6315060257911682,0.289064347743988,0.0134810032323002
27,1,5,0.6183088421821594,0.311985045671463,0.0004027797258459
27,1,6,0.5882942080497742,0.2756248414516449,-0.006732702255249
27,1,7,0.5691569447517395,0.2518336474895477,-0.011031936854124
27,1,8,0.554524838924408,0.2328788042068481,-0.0138287330046296
27,1,9,0.6030523180961609,0.3226158022880554,-0.0094097135588526
27,1,10,0.5667999386787415,0.2812814116477966,-0.0185848660767078
27,1,11,0.5447648167610168,0.2542476654052734,-0.023829573765397
27,1,12,0.5270923972129822,0.2319797575473785,-0.026567367836833
27,1,13,0.5880323052406311,0.3386330306529999,-0.01831148378551
27,1,14,0.5536808967590332,0.3004801869392395,-0.0265861693769693
27,1,15,0.5316839218139648,0.274686187505722,-0.0312142148613929
27,1,16,0.5152846574783325,0.2537628412246704,-0.0334289409220218
27,1,17,0.5729520916938782,0.3605010211467743,-0.0260807704180479
27,1,18,0.5467664003372192,0.3298381268978119,-0.0332557149231433
27,1,19,0.5308547616004944,0.3096641004085541,-0.0355486683547496
27,1,20,0.5184919834136963,0.2928703427314758,-0.0361230783164501
27,1,21,0.0,0.0,0.0
27,1,22,0.0,0.0,0.0
27,1,23,0.0,0.0,0.0
29,0,0,0.3573611378669739,0.3849578201770782,3.0622715030403924e-07
29,0,1,0.3493724465370178,0.3508380651473999,-0.0023583378642797
29,0,2,0.3563728928565979,0.3137575387954712,-0.0077985553070902
29,0,3,0.3616868257522583,0.2859769165515899,-0.0136984977871179
29,0,4,0.3561233282089233,0.2661192417144775,-0.0204032193869352
29,0,5,0.3921039402484894,0.293365478515625,-0.0122567769140005
29,0,6,0.4265133738517761,0.2622939646244049,-0.0233805812895298
29,0,7,0.4505466222763061,0.2429763078689575,-0.0315314084291458
29,0,8,0.4692760109901428,0.2287566363811493,-0.03647430986166
29,0,9,0.407934308052063,0.305549681186676,-0.0192399825900793
29,0,10,0.4478716254234314,0.2719709277153015,-0.0279601104557514
29,0,11,0.4751719236373901,0.2499254643917083,-0.0348412506282329
29,0,12,0.4965296983718872,0.2315586805343628,-0.0395697429776191
29,0,13,0.4220711886882782,0.3240422308444977,-0.026224473491311
29,0,14,0.4617272019386291,0.2924716174602508,-0.0337888374924659
29,0,15,0.4867197573184967,0.2724360227584839,-0.038995299488306
29,0,16,0.5050466656684875,0.2556563019752502,-0.0424797758460044
29,0,17,0.4332419633865356,0.3470043838024139,-0.033293031156063
29,0,18,0.4647896885871887,0.3224825859069824,-0.0392826646566391
29,0,19,0.4837385416030884,0.3061290085315704,-0.0405716300010681
29,0,20,0.4988673031330108,0.2918810248374939,-0.0408761985599994
29,0,21,0.5250864028930664,0.2827380299568176,-0.6090996265411377
29,0,22,0.559627890586853,0.2363693118095398,-0.5551370978355408
29,0,23,0.5457767844200134,0.3204968571662903,-0.4995450675487518
29,1,0,0.647334098815918,0.4150291979312897,5.998562357945049e-08
29,1,1,0.652332603931427,0.3748206496238708,0.0102899316698312
29,1,2,0.6391448378562927,0.3362067937850952,0.0140991816297173
29,1,3,0.6283919811248779,0.310231477022171,0.0153957456350326
29,1,4,0.631784975528717,0.2895658016204834,0.0154732251539826
29,1,5,0.61754310131073,0.311051458120346,0.0024199346080422
29,1,6,0.588728129863739,0.2750128507614136,-0.0037518129684031
29,1,7,0.5708749890327454,0.2522764801979065,-0.0077502089552581
29,1,8,0.556912362575531,0.2332902550697326,-0.0106963627040386
29,1,9,0.6026470065116882,0.3208769559860229,-0.0080118458718061
29,1,10,0.5661028027534485,0.2805174887180328,-0.0162257794290781
29,1,11,0.5452215075492859,0.2545427680015564,-0.0210921876132488
29,1,12,0.5284460783004761,0.2326442897319793,-0.0238667465746402
29,1,13,0.5879851579666138,0.3365097045898437,-0.0175001211464405
29,1,14,0.5530112981796265,0.299394816160202,-0.0253170970827341
29,1,15,0.5310428142547607,0.2746922969818115,-0.0297133140265941
29,1,16,0.5141490697860718,0.2539317309856415,-0.0320004411041736
29,1,17,0.5738338232040405,0.3583627343177795,-0.0257986951619386
29,1,18,0.5453919172286987,0.328750729560852,-0.0326342619955539
29,1,19,0.5287854075431824,0.3096312284469604,-0.0346156433224678
29,1,20,0.5154860615730286,0.2935245633125305,-0.0351571477949619
29,1,21,0.5250864028930664,0.2827380299568176,-0.6090996265411377
29,1,22,0.5001710057258606,0.2324135303497314,-0.5501755475997925
29,1,23,0.4964936077594757,0.3192905783653259,-0.4906595647335052
31,0,0,0.357566624879837,0.3866659700870514,2.7015877890335105e-07
31,0,1,0.3510835766792297,0.3509778976440429,-0.0004850385594181
31,0,2,0.3581805229187011,0.3120408356189728,-0.0046029356308281
31,0,3,0.3620155453681946,0.2832991182804107,-0.0095475781708955
31,0,4,0.3555826842784881,0.2635340392589569,-0.0153495771810412
31,0,5,0.392379879951477,0.2939768433570862,-0.0102669922634959
31,0,6,0.4259824156761169,0.2627997696399688,-0.0210370868444442
31,0,7,0.4493975639343261,0.2429359257221222,-0.0289642214775085
31,0,8,0.4670353233814239,0.2280565500259399,-0.0339220613241195
31,0,9,0.4077194631099701,0.3055526316165924,-0.0181412044912576
31,0,10,0.4486494362354278,0.2716126441955566,-0.0265917368233203
31,0,11,0.4757084250450134,0.2493533343076706,-0.0333078317344188
31,0,12,0.4963678121566772,0.2310728728771209,-0.0379282087087631
31,0,13,0.421860933303833,0.3238118886947632,-0.0259203910827636
31,0,14,0.4633654356002807,0.2922154068946838,-0.0332873649895191
31,0,15,0.4889310002326965,0.2722704112529754,-0.038682572543621
31,0,16,0.5075328946113586,0.2555674314498901,-0.0424288585782051
31,0,17,0.4334068894386291,0.3469544351100921,-0.0336402840912342
31,0,18,0.4656810164451599,0.3241545259952545,-0.0396705977618694
31,0,19,0.4842711687088012,0.3086399137973785,-0.0411326810717582
31,0,20,0.4990101754665375,0.2952754199504852,-0.0416892208158969
31,0,21,0.5206294059753418,0.2667873501777649,-0.5543691515922546
31,0,22,0.5550265908241272,0.2215802073478698,-0.5048744678497314
31,0,23,0.5414475798606873,0.3054615259170532,-0.4574621021747589
31,1,0,0.6465027928352356,0.4125824272632599,1.4093087941091653e-07
31,1,1,0.6539262533187866,0.3752373456954956,0.0054911891929805
31,1,2,0.6411693096160889,0.3376719355583191,0.0063287233933806
31,1,3,0.629834771156311,0.3118537068367004,0.0053822696208953
31,1,4,0.6317012310028076,0.2907423377037048,0.0033793712500482
31,1,5,0.6172047853469849,0.3142718374729156,-0.0032794065773487
31,1,6,0.5884101390838623,0.2760273516178131,-0.0112377135083079
31,1,7,0.5702959299087524,0.2513073682785034,-0.0164857767522335
31,1,8,0.5562205910682678,0.2318292260169983,-0.0199654195457696
31,1,9,0.6020203828811646,0.3244107067584991,-0.0117515046149492
31,1,10,0.5669528841972351,0.2822175920009613,-0.0203504804521799
31,1,11,0.5443131327629089,0.254928320646286,-0.0263919960707426
31,1,12,0.5257323384284973,0.2328317910432815,-0.0302108991891145
31,1,13,0.5873703956604004,0.3400415480136871,-0.0194403287023305
31,1,14,0.5538154244422913,0.3010376393795013,-0.0271014180034399
31,1,15,0.5315293073654175,0.2757151126861572,-0.0324250720441341
31,1,16,0.5148286819458008,0.2557238936424255,-0.0356159545481205
31,1,17,0.573308527469635,0.3613558411598205,-0.0263369996100664
31,1,18,0.5481950044631958,0.3315163850784302,-0.0331943556666374
31,1,19,0.5320050120353699,0.3120830655097961,-0.0356717482209205
31,1,20,0.518925666809082,0.2962064743041992,-0.0366219654679298
31,1,21,0.5206294059753418,0.2667873501777649,-0.5543691515922546
31,1,22,0.4981976449489593,0.2199002504348755,-0.4902600646018982
31,1,23,0.4960519671440124,0.3047448396682739,-0.4370329678058624
32,0,0,0.3517718315124511,0.3926256597042084,2.458459675835911e-07
32,0,1,0.3486465215682983,0.355535089969635,0.0005024956190027
32,0,2,0.3566605746746063,0.3151938617229461,-0.0025705485604703
32,0,3,0.3606487512588501,0.2864285707473755,-0.0067425766028463
32,0,4,0.3559144735336303,0.2659633457660675,-0.0114507041871547
32,0,5,0.391748309135437,0.2939902245998382,-0.0053852694109082
32,0,6,0.4265978932380676,0.2632772922515869,-0.0142246494069695
32,0,7,0.4495572447776794,0.2440595775842666,-0.0214156974107027
32,0,8,0.4668042659759521,0.2292416989803314,-0.0260857790708541
32,0,9,0.4074932932853699,0.3056257367134094,-0.0133205465972423
32,0,10,0.4495037198066711,0.2722901701927185,-0.0192691050469875
32,0,11,0.4761060178279876,0.2509282529354095,-0.0245995223522186
32,0,12,0.4958992302417755,0.2332239151000976,-0.0286253970116376
32,0,13,0.421655923128128,0.323985755443573,-0.0214195940643548
32,0,14,0.4635603725910187,0.2919255495071411,-0.0262931529432535
32,0,15,0.4883731007575989,0.2726228833198547,-0.02951405569911
32,0,16,0.5054733753204346,0.2565793991088867,-0.032078068703413
32,0,17,0.4331178367137909,0.3475290536880493,-0.0296879298985004
32,0,18,0.465831458568573,0.3226475417613983,-0.0330277048051357
32,0,19,0.4847677648067474,0.3073253333568573,-0.0324871838092803
32,0,20,0.4989064335823059,0.2947732210159302,-0.0318513661623001
32,0,21,0.0,0.0,0.0
32,0,22,0.0,0.0,0.0
32,0,23,0.0,0.0,0.0
32,1,0,0.6494648456573486,0.4165094196796417,7.184286232586602e-08
32,1,1,0.6551268696784973,0.3762337565422058,0.0082129705697298
32,1,2,0.6419564485549927,0.3382439613342285,0.0108607774600386
32,1,3,0.6300500631332397,0.31216561794281,0.0112972036004066
32,1,4,0.6320162415504456,0.2905096709728241,0.0106499511748552
32,1,5,0.6184567809104919,0.314764142036438,0.000719626143109
32,1,6,0.5897557735443115,0.2770499587059021,-0.0062274849042296
32,1,7,0.5717561841011047,0.253182590007782,-0.0108022354543209
32,1,8,0.5576273202896118,0.2334093153476715,-0.0141657553613185
32,1,9,0.6025420427322388,0.3239009082317352,-0.0087602538987994
32,1,10,0.5674408674240112,0.28177610039711,-0.0175999756902456
32,1,11,0.5469494462013245,0.2550002634525299,-0.0231198295950889
32,1,12,0.5305225849151611,0.2321727722883224,-0.0264265555888414
32,1,13,0.5871083736419678,0.3388505280017853,-0.0174594055861234
32,1,14,0.5534632205963135,0.2990121841430664,-0.0257162451744079
32,1,15,0.5314750671386719,0.2727474868297577,-0.0307714026421308
32,1,16,0.5146844983100891,0.2509281635284424,-0.0336973331868648
32,1,17,0.5721219182014465,0.3599838614463806,-0.0251018870621919
32,1,18,0.5454561114311218,0.3293452262878418,-0.0323465093970298
32,1,19,0.5292099118232727,0.3089421689510345,-0.0348688624799251
32,1,20,0.5164281129837036,0.2915243208408355,-0.0358638018369674
32,1,21,0.0,0.0,0.0
32,1,22,0.0,0.0,0.0
32,1,23,0.0,0.0,0.0
33,0,0,0.3555264472961426,0.3874024152755737,2.641985759055388e-07
33,0,1,0.3503890037536621,0.3515495061874389,0.0002887373848352
33,0,2,0.3580334484577179,0.3131387233734131,-0.0032657145056873
33,0,3,0.3623624742031097,0.2850560545921325,-0.0077356495894491
33,0,4,0.3570619821548462,0.2652286887168884,-0.0129354614764451
33,0,5,0.3932938873767853,0.2931335568428039,-0.0080374674871563
33,0,6,0.4263454079627991,0.2624284327030182,-0.0177945438772439
33,0,7,0.4493263363838196,0.2431431710720062,-0.0251983404159545
33,0,8,0.4666974544525146,0.228813886642456,-0.0298494882881641
33,0,9,0.4083547294139862,0.3049613833427429,-0.0160344280302524
33,0,10,0.4491499364376068,0.2709931135177612,-0.0233887955546379
33,0,11,0.4760002195835113,0.2493052184581756,-0.0293084923177957
33,0,12,0.4963279068470001,0.2314878553152084,-0.0333528108894825
33,0,13,0.4220630228519439,0.3236102163791656,-0.0239746794104576
33,0,14,0.4636279344558716,0.2920297086238861,-0.0305162891745567
33,0,15,0.4890406727790832,0.2720384299755096,-0.0350548736751079
33,0,16,0.5069772601127625,0.2550868690013885,-0.0381981544196605
33,0,17,0.4331998229026794,0.3474553823471069,-0.0318544805049896
33,0,18,0.4655055999755859,0.3245675265789032,-0.0369549579918384
33,0,19,0.4834208190441131,0.3095178008079529,-0.037443533539772
33,0,20,0.4968617558479309,0.2965903878211975,-0.0372829958796501
33,0,21,0.0,0.0,0.0
33,0,22,0.0,0.0,0.0
33,0,23,0.0,0.0,0.0
33,1,0,0.6469963788986206,0.4117596745491028,9.83514638619454e-08
33,1,1,0.6519062519073486,0.3731017708778381,0.0080794831737875
33,1,2,0.63927161693573,0.3355516791343689,0.0104938494041562
33,1,3,0.6284103989601135,0.3111345171928406,0.0107671320438385
33,1,4,0.6310350894927979,0.2915939092636108,0.0100219305604696
33,1,5,0.6181522607803345,0.312519907951355,-0.0002895273792091
33,1,6,0.5891720056533813,0.2772529423236847,-0.0075313285924494
33,1,7,0.5704790949821472,0.2536793649196625,-0.0122304093092679
33,1,8,0.5562078952789307,0.2346446812152862,-0.0155676528811454
33,1,9,0.6032283902168274,0.322233647108078,-0.0097611807286739
33,1,10,0.5679457783699036,0.2821885347366333,-0.0189777500927448
33,1,11,0.5460458397865295,0.2555216550827026,-0.0248520076274871
33,1,12,0.5280448794364929,0.2329814434051513,-0.028339272364974
33,1,13,0.5884478092193604,0.3373753130435943,-0.0183544475585222
33,1,14,0.5537698268890381,0.3001076281070709,-0.0267752930521965
33,1,15,0.5314874649047852,0.2744795083999634,-0.0320891998708248
33,1,16,0.5146145820617676,0.2531750798225403,-0.0350885279476642
33,1,17,0.5737344622612,0.35853973031044,-0.0258824583142995
33,1,18,0.5473639965057373,0.3300134241580963,-0.0334667712450027
33,1,19,0.5311039090156555,0.3106702268123626,-0.036358293145895
33,1,20,0.5181093215942383,0.2943094074726105,-0.0375584624707698
33,1,21,0.0,0.0,0.0
33,1,22,0.0,0.0,0.0
33,1,23,0.0,0.0,0.0
35,0,0,0.3538587391376495,0.3914235532283783,2.657207005540841e-07
35,0,1,0.3497453331947326,0.3557974696159363,0.0005841689999215
35,0,2,0.3575286567211151,0.3152762353420257,-0.0024884350132197
35,0,3,0.3613550662994385,0.2864322066307068,-0.0065415701828897
35,0,4,0.3557717502117157,0.2658956348896026,-0.0113741317763924
35,0,5,0.3936684727668762,0.2941945493221283,-0.0064376043155789
35,0,6,0.4282351732254028,0.2626433968544006,-0.0154177583754062
35,0,7,0.4515157341957092,0.2431874126195907,-0.0226128455251455
35,0,8,0.468915730714798,0.2290818244218826,-0.0272494908422231
35,0,9,0.4090373814105987,0.3057891726493835,-0.0144189996644854
35,0,10,0.4507845044136047,0.2720018625259399,-0.020747410133481
35,0,11,0.4775536656379699,0.2498595267534256,-0.026362819597125
35,0,12,0.4973418712615967,0.2319010496139526,-0.030427848920226
35,0,13,0.4224219024181366,0.3243177533149719,-0.0224243942648172
35,0,14,0.4647102653980255,0.2918435335159302,-0.0279948990792036
35,0,15,0.4902499318122864,0.271598756313324,-0.0322131887078285
35,0,16,0.5079832077026367,0.2547090649604797,-0.0354943796992301
35,0,17,0.4327953457832336,0.3482168018817901,-0.030421145260334
35,0,18,0.4650266766548157,0.3252882957458496,-0.0348736196756362
35,0,19,0.4835469126701355,0.3104892373085022,-0.0351450704038143
35,0,20,0.497475653886795,0.2977843284606933,-0.0350529365241527
35,0,21,0.0,0.0,0.0
35,0,22,0.0,0.0,0.0
35,0,23,0.0,0.0,0.0
35,1,0,0.6475242972373962,0.4142402708530426,8.593887201868713e-08
35,1,1,0.6527720093727112,0.3733076155185699,0.0090204579755663
35,1,2,0.6402683258056641,0.335387647151947,0.0120906550437211
35,1,3,0.6289867162704468,0.3103519678115845,0.0128791155293583
35,1,4,0.6315115094184875,0.2902843356132507,0.0125917186960577
35,1,5,0.619074285030365,0.312732070684433,0.0006803307915106
35,1,6,0.5892446637153625,0.2766503691673279,-0.0063840644434094
35,1,7,0.5703444480895996,0.25320765376091,-0.0109479986131191
35,1,8,0.5559004545211792,0.234137624502182,-0.0140903303399682
35,1,9,0.6034770607948303,0.3229938745498657,-0.0090241655707359
35,1,10,0.5670619010925293,0.2819422781467438,-0.0179701466113328
35,1,11,0.545214056968689,0.2553361058235168,-0.0234555024653673
35,1,12,0.5276758670806885,0.2330176532268524,-0.0265231896191835
35,1,13,0.5881494879722595,0.3385965228080749,-0.0177839957177639
35,1,14,0.5534363389015198,0.3005077838897705,-0.0257826298475265
35,1,15,0.5312218070030212,0.275225818157196,-0.0303525477647781
35,1,16,0.5144198536872864,0.2543580532073974,-0.0327432639896869
35,1,17,0.5730510950088501,0.360296219587326,-0.0254420135170221
35,1,18,0.5465188026428223,0.3306543827056885,-0.0323434174060821
35,1,19,0.5303717255592346,0.3112102150917053,-0.0343951843678951
35,1,20,0.5176092982292175,0.2948472499847412,-0.0348983407020568
35,1,21,0.0,0.0,0.0
35,1,22,0.0,0.0,0.0
35,1,23,0.0,0.0,0.0
